18000 -5871.4693
18002 -5871.4693
18004 -5871.4693
18006 -5871.4693
18008 -5871.4693
18010 -5871.4693
18012 -5871.4693
18014 -5871.4693
18016 -5871.4693
18018 -5871.4693
18020 -5871.4693
18022 -5871.4693
18024 -5871.4693
18026 -5871.4693
18028 -5871.4693
18030 -5871.4693
18032 -5871.4693
18034 -5871.4693
18036 -5871.4693
18038 -5871.4693
18040 -5871.4693
18042 -5871.4693
18044 -5871.4693
18046 -5871.4693
18048 -5871.4693
18050 -5871.4693
18052 -5871.4693
18054 -5871.4693
18056 -5871.4693
18058 -5871.4693
18060 -5871.4693
18062 -5871.4693
18064 -5871.4693
18066 -5871.4693
18068 -5871.4693
18070 -5871.4693
18072 -5871.4693
18074 -5871.4693
18076 -5871.4693
18078 -5871.4693
18080 -5871.4693
18082 -5871.4693
18084 -5871.4693
18086 -5871.4693
18088 -5871.4693
18090 -5871.4693
18092 -5871.4693
18094 -5871.4693
18096 -5871.4693
18098 -5871.4693
18100 -5871.4693
18102 -5871.4693
18104 -5871.4693
18106 -5871.4693
18108 -5871.4693
18110 -5871.4693
18112 -5871.4693
18114 -5871.4693
18116 -5871.4693
18118 -5871.4693
18120 -5871.4693
18122 -5871.4693
18124 -5871.4693
18126 -5871.4693
18128 -5871.4693
18130 -5871.4693
18132 -5871.6391
18134 -5871.6391
18136 -5871.6391
18138 -5871.6391
18140 -5871.6391
18142 -5871.6391
18144 -5871.6391
18146 -5871.6391
18148 -5871.6391
18150 -5871.6391
18152 -5871.6391
18154 -5871.6391
18156 -5871.6391
18158 -5871.6391
18160 -5871.6391
18162 -5871.6391
18164 -5871.6391
18166 -5871.6391
18168 -5871.6391
18170 -5871.6391
18172 -5871.6391
18174 -5871.6391
18176 -5871.6972
18178 -5871.6972
18180 -5871.6972
18182 -5871.6972
18184 -5871.6972
18186 -5871.6972
18188 -5871.6972
18190 -5871.6972
18192 -5871.6972
18194 -5871.6972
18196 -5871.6972
18198 -5871.6972
18200 -5871.6972
18202 -5871.6972
18204 -5871.6972
18206 -5871.6972
18208 -5871.6972
18210 -5871.6972
18212 -5871.6972
18214 -5871.6972
18216 -5871.6972
18218 -5871.6972
18220 -5871.6972
18222 -5871.6972
18224 -5871.6972
18226 -5871.6972
18228 -5871.6972
18230 -5871.6972
18232 -5871.6972
18234 -5871.6972
18236 -5871.6972
18238 -5871.6972
18240 -5871.6972
18242 -5871.6972
18244 -5871.6972
18246 -5871.6972
18248 -5871.6972
18250 -5871.6972
18252 -5871.6972
18254 -5871.6972
18256 -5871.8667
18258 -5871.8667
18260 -5871.8667
18262 -5871.8667
18264 -5871.8667
18266 -5871.8667
18268 -5871.8667
18270 -5871.8667
18272 -5871.8667
18274 -5871.8667
18276 -5871.8667
18278 -5872.179
18280 -5872.179
18282 -5872.179
18284 -5872.179
18286 -5872.179
18288 -5872.179
18290 -5872.179
18292 -5872.179
18294 -5872.179
18296 -5872.179
18298 -5872.179
18300 -5872.179
18302 -5872.179
18304 -5872.179
18306 -5872.179
18308 -5872.179
18310 -5872.179
18312 -5872.179
18314 -5872.179
18316 -5872.179
18318 -5872.179
18320 -5872.179
18322 -5872.179
18324 -5872.179
18326 -5872.179
18328 -5872.179
18330 -5872.179
18332 -5872.179
18334 -5872.179
18336 -5872.179
18338 -5872.179
18340 -5872.179
18342 -5872.179
18344 -5872.179
18346 -5872.179
18348 -5872.179
18350 -5872.179
18352 -5872.179
18354 -5872.179
18356 -5872.179
18358 -5872.179
18360 -5872.179
18362 -5872.179
18364 -5872.179
18366 -5872.179
18368 -5872.179
18370 -5872.179
18372 -5872.179
18374 -5872.179
18376 -5872.179
18378 -5872.179
18380 -5872.179
18382 -5872.179
18384 -5872.179
18386 -5872.179
18388 -5872.179
18390 -5872.179
18392 -5872.179
18394 -5872.179
18396 -5872.179
18398 -5872.179
18400 -5872.179
18402 -5872.179
18404 -5872.179
18406 -5872.179
18408 -5872.179
18410 -5872.179
18412 -5872.179
18414 -5872.179
18416 -5872.179
18418 -5872.179
18420 -5872.179
18422 -5872.179
18424 -5872.179
18426 -5872.179
18428 -5872.179
18430 -5872.179
18432 -5872.179
18434 -5872.179
18436 -5872.179
18438 -5872.179
18440 -5872.179
18442 -5872.179
18444 -5872.179
18446 -5872.179
18448 -5872.179
18450 -5872.179
18452 -5872.179
18454 -5872.179
18456 -5872.179
18458 -5872.179
18460 -5872.179
18462 -5872.179
18464 -5872.179
18466 -5872.179
18468 -5872.179
18470 -5872.179
18472 -5872.179
18474 -5872.179
18476 -5872.179
18478 -5872.179
18480 -5872.179
18482 -5872.179
18484 -5872.179
18486 -5872.179
18488 -5872.179
18490 -5872.179
18492 -5872.179
18494 -5872.179
18496 -5872.179
18498 -5872.179
18500 -5872.179
18502 -5872.179
18504 -5872.179
18506 -5872.179
18508 -5872.179
18510 -5872.179
18512 -5872.179
18514 -5872.179
18516 -5872.179
18518 -5872.179
18520 -5872.179
18522 -5872.179
18524 -5872.179
18526 -5872.179
18528 -5872.179
18530 -5872.179
18532 -5872.179
18534 -5872.179
18536 -5872.179
18538 -5872.179
18540 -5872.6623
18542 -5872.6623
18544 -5872.6623
18546 -5872.6623
18548 -5872.6623
18550 -5872.6623
18552 -5872.6623
18554 -5872.6623
18556 -5872.6623
18558 -5872.6623
18560 -5872.6623
18562 -5872.6623
18564 -5872.6623
18566 -5872.6623
18568 -5872.6623
18570 -5872.6623
18572 -5872.6623
18574 -5872.6623
18576 -5872.6623
18578 -5872.6693
18580 -5872.6693
18582 -5872.6693
18584 -5872.6693
18586 -5872.6693
18588 -5872.6693
18590 -5872.6693
18592 -5872.7678
18594 -5872.7678
18596 -5872.7678
18598 -5872.7678
18600 -5872.7678
18602 -5872.7678
18604 -5872.7678
18606 -5872.7678
18608 -5872.7678
18610 -5872.7678
18612 -5872.7678
18614 -5872.7678
18616 -5872.7678
18618 -5872.7678
18620 -5872.7678
18622 -5872.7678
18624 -5872.7678
18626 -5872.7678
18628 -5872.7678
18630 -5872.7678
18632 -5872.7678
18634 -5872.8092
18636 -5872.8092
18638 -5872.8092
18640 -5872.8092
18642 -5872.8092
18644 -5872.8092
18646 -5872.8092
18648 -5872.8092
18650 -5872.8092
18652 -5872.8092
18654 -5872.8092
18656 -5872.8092
18658 -5872.8092
18660 -5872.8092
18662 -5872.8092
18664 -5872.8092
18666 -5872.8092
18668 -5872.8092
18670 -5872.8092
18672 -5872.8092
18674 -5872.8092
18676 -5872.8092
18678 -5872.8092
18680 -5872.8211
18682 -5872.8211
18684 -5872.8211
18686 -5872.8211
18688 -5872.8211
18690 -5872.8211
18692 -5872.8211
18694 -5872.8211
18696 -5872.8211
18698 -5872.8211
18700 -5872.8211
18702 -5872.8211
18704 -5872.8211
18706 -5872.8211
18708 -5872.8211
18710 -5872.8211
18712 -5872.8211
18714 -5872.8211
18716 -5872.8211
18718 -5872.8211
18720 -5872.8211
18722 -5872.8211
18724 -5872.8211
18726 -5872.8211
18728 -5872.8211
18730 -5872.8211
18732 -5872.8211
18734 -5872.8211
18736 -5872.8211
18738 -5872.8211
18740 -5872.8211
18742 -5872.8211
18744 -5872.8211
18746 -5872.8211
18748 -5872.8211
18750 -5872.8211
18752 -5872.8211
18754 -5872.8211
18756 -5872.8211
18758 -5872.8211
18760 -5872.8211
18762 -5872.8211
18764 -5872.8211
18766 -5872.8211
18768 -5872.8211
18770 -5872.8211
18772 -5872.8211
18774 -5872.8211
18776 -5872.8211
18778 -5872.8211
18780 -5872.8211
18782 -5872.8211
18784 -5872.8211
18786 -5872.8211
18788 -5872.8211
18790 -5872.8211
18792 -5872.8211
18794 -5872.8211
18796 -5872.8211
18798 -5872.8211
18800 -5872.8211
18802 -5872.8211
18804 -5872.8211
18806 -5872.8211
18808 -5872.8211
18810 -5872.8211
18812 -5872.8211
18814 -5872.8211
18816 -5872.8211
18818 -5872.8211
18820 -5872.8211
18822 -5872.8211
18824 -5872.8211
18826 -5872.8211
18828 -5872.8211
18830 -5872.8211
18832 -5872.8211
18834 -5872.8211
18836 -5872.8211
18838 -5872.8211
18840 -5872.8211
18842 -5872.8211
18844 -5872.8211
18846 -5872.8211
18848 -5872.8211
18850 -5872.8211
18852 -5872.8211
18854 -5872.8211
18856 -5872.8211
18858 -5872.8211
18860 -5872.8211
18862 -5872.8211
18864 -5872.8211
18866 -5872.8211
18868 -5872.8211
18870 -5872.8211
18872 -5872.8211
18874 -5872.8211
18876 -5872.8211
18878 -5872.8211
18880 -5872.8211
18882 -5872.8211
18884 -5872.8211
18886 -5872.8211
18888 -5872.8211
18890 -5872.8211
18892 -5872.8211
18894 -5872.8211
18896 -5872.8211
18898 -5872.8211
18900 -5872.8211
18902 -5872.8211
18904 -5872.8211
18906 -5872.8211
18908 -5872.8211
18910 -5872.8211
18912 -5872.8211
18914 -5872.8211
18916 -5872.8211
18918 -5872.8211
18920 -5872.8211
18922 -5872.8211
18924 -5872.9732
18926 -5872.9732
18928 -5872.9732
18930 -5872.9732
18932 -5872.9732
18934 -5872.9732
18936 -5872.9732
18938 -5872.9732
18940 -5872.9732
18942 -5872.9732
18944 -5872.9732
18946 -5872.9732
18948 -5872.9732
18950 -5872.9732
18952 -5872.9732
18954 -5872.9732
18956 -5872.9732
18958 -5872.9732
18960 -5872.9732
18962 -5872.9732
18964 -5872.9732
18966 -5872.9732
18968 -5872.9732
18970 -5872.9732
18972 -5872.9732
18974 -5872.9732
18976 -5872.9732
18978 -5872.9732
18980 -5872.9732
18982 -5872.9732
18984 -5872.9732
18986 -5872.9732
18988 -5872.9732
18990 -5872.9732
18992 -5872.9732
18994 -5872.9732
18996 -5872.9732
18998 -5872.9732
19000 -5872.9732
19002 -5872.9732
19004 -5872.9732
19006 -5872.9732
19008 -5872.9732
19010 -5872.9732
19012 -5872.9732
19014 -5872.9732
19016 -5872.9732
19018 -5872.9732
19020 -5872.9732
19022 -5872.9732
19024 -5872.9732
19026 -5872.9732
19028 -5872.9732
19030 -5872.9732
19032 -5872.9732
19034 -5872.9732
19036 -5872.9732
19038 -5872.9732
19040 -5872.9732
19042 -5873.1484
19044 -5873.1484
19046 -5873.1484
19048 -5873.1484
19050 -5873.1484
19052 -5873.1484
19054 -5873.1484
19056 -5873.1484
19058 -5873.1484
19060 -5873.1484
19062 -5873.1484
19064 -5873.1484
19066 -5873.1484
19068 -5873.1484
19070 -5873.1484
19072 -5873.1484
19074 -5873.1484
19076 -5873.1484
19078 -5873.1484
19080 -5873.1484
19082 -5873.1484
19084 -5873.1484
19086 -5873.1484
19088 -5873.1484
19090 -5873.1484
19092 -5873.1484
19094 -5873.1484
19096 -5873.1484
19098 -5873.1484
19100 -5873.1484
19102 -5873.1484
19104 -5873.1484
19106 -5873.1484
19108 -5873.1484
19110 -5873.1484
19112 -5873.1484
19114 -5873.1484
19116 -5873.1484
19118 -5873.1484
19120 -5873.1484
19122 -5873.1484
19124 -5873.1484
19126 -5873.1484
19128 -5873.1484
19130 -5873.1484
19132 -5873.1484
19134 -5873.1484
19136 -5873.1484
19138 -5873.1484
19140 -5873.1484
19142 -5873.1484
19144 -5873.1484
19146 -5873.1484
19148 -5873.1484
19150 -5873.1484
19152 -5873.1484
19154 -5873.1484
19156 -5873.1484
19158 -5873.1484
19160 -5873.1484
19162 -5873.1484
19164 -5873.1484
19166 -5873.1484
19168 -5873.1484
19170 -5873.1484
19172 -5873.1484
19174 -5873.1484
19176 -5873.1484
19178 -5873.1484
19180 -5873.1484
19182 -5873.1484
19184 -5873.1484
19186 -5873.1484
19188 -5873.1484
19190 -5873.1484
19192 -5873.1484
19194 -5873.1484
19196 -5873.1484
19198 -5873.1484
19200 -5873.1484
19202 -5873.1484
19204 -5873.1484
19206 -5873.1484
19208 -5873.1484
19210 -5873.1484
19212 -5873.1484
19214 -5873.1484
19216 -5873.1484
19218 -5873.1484
19220 -5873.1484
19222 -5873.1484
19224 -5873.1484
19226 -5873.1484
19228 -5873.1484
19230 -5873.1484
19232 -5873.1484
19234 -5873.1484
19236 -5873.1484
19238 -5873.1484
19240 -5873.1484
19242 -5873.1484
19244 -5873.1484
19246 -5873.1484
19248 -5873.1484
19250 -5873.1484
19252 -5873.1484
19254 -5873.1484
19256 -5873.1484
19258 -5873.1484
19260 -5873.1484
19262 -5873.1484
19264 -5873.1484
19266 -5873.1484
19268 -5873.1484
19270 -5873.1484
19272 -5873.7785
19274 -5873.7785
19276 -5873.7785
19278 -5873.7785
19280 -5873.7785
19282 -5873.7785
19284 -5873.7785
19286 -5873.7785
19288 -5873.7785
19290 -5873.7785
19292 -5873.7785
19294 -5873.7785
19296 -5873.7785
19298 -5873.7785
19300 -5873.7785
19302 -5873.7785
19304 -5873.7785
19306 -5873.7785
19308 -5873.7785
19310 -5873.7785
19312 -5873.7785
19314 -5873.7785
19316 -5873.7785
19318 -5873.8191
19320 -5873.8191
19322 -5873.8191
19324 -5873.8191
19326 -5873.8191
19328 -5873.8191
19330 -5873.8191
19332 -5873.8191
19334 -5873.8191
19336 -5873.9385
19338 -5873.9385
19340 -5873.9385
19342 -5873.9385
19344 -5873.9385
19346 -5873.9385
19348 -5873.9385
19350 -5873.9385
19352 -5873.9385
19354 -5873.9385
19356 -5873.9385
19358 -5873.9385
19360 -5873.9385
19362 -5873.9385
19364 -5873.9385
19366 -5873.9385
19368 -5873.9385
19370 -5873.9385
19372 -5873.9385
19374 -5873.9385
19376 -5873.9385
19378 -5873.9385
19380 -5873.9385
19382 -5873.9385
19384 -5873.9385
19386 -5873.9385
19388 -5873.9385
19390 -5873.9385
19392 -5873.9385
19394 -5873.9385
19396 -5873.9385
19398 -5873.9385
19400 -5873.9385
19402 -5873.9385
19404 -5873.9385
19406 -5873.9385
19408 -5873.9385
19410 -5873.9385
19412 -5873.9385
19414 -5873.9385
19416 -5873.9385
19418 -5873.9385
19420 -5873.9385
19422 -5873.9385
19424 -5873.9385
19426 -5874.2135
19428 -5874.2135
19430 -5874.2135
19432 -5874.2135
19434 -5874.2135
19436 -5874.2135
19438 -5874.2135
19440 -5874.2135
19442 -5874.2135
19444 -5874.2135
19446 -5874.2135
19448 -5874.2135
19450 -5874.2135
19452 -5874.2135
19454 -5874.2135
19456 -5874.2135
19458 -5874.2135
19460 -5874.2135
19462 -5874.2135
19464 -5874.2135
19466 -5874.2135
19468 -5874.2135
19470 -5874.2135
19472 -5874.2135
19474 -5874.2135
19476 -5874.2135
19478 -5874.2135
19480 -5874.2135
19482 -5874.2135
19484 -5874.2135
19486 -5874.2135
19488 -5874.2135
19490 -5874.2135
19492 -5874.2135
19494 -5874.2135
19496 -5874.2135
19498 -5874.2135
19500 -5874.2135
19502 -5874.2135
19504 -5874.2135
19506 -5874.2135
19508 -5874.2135
19510 -5874.2135
19512 -5874.2135
19514 -5874.2135
19516 -5874.2135
19518 -5874.2135
19520 -5874.2135
19522 -5874.2135
19524 -5874.2135
19526 -5874.2135
19528 -5874.2135
19530 -5874.2135
19532 -5874.2135
19534 -5874.2135
19536 -5874.2135
19538 -5874.2135
19540 -5874.2135
19542 -5874.2135
19544 -5874.2135
19546 -5874.2135
19548 -5874.2135
19550 -5874.2135
19552 -5874.2135
19554 -5874.2135
19556 -5874.2135
19558 -5874.2135
19560 -5874.2135
19562 -5874.2135
19564 -5874.2135
19566 -5874.2135
19568 -5874.2135
19570 -5874.2135
19572 -5874.2135
19574 -5874.2135
19576 -5874.2135
19578 -5874.2135
19580 -5874.2135
19582 -5874.2135
19584 -5874.2135
19586 -5874.2135
19588 -5874.2135
19590 -5874.2135
19592 -5874.2135
19594 -5874.2135
19596 -5874.2135
19598 -5874.2135
19600 -5874.2135
19602 -5874.2135
19604 -5874.2135
19606 -5874.2135
19608 -5874.2135
19610 -5874.2135
19612 -5874.2135
19614 -5874.2135
19616 -5874.2135
19618 -5874.2135
19620 -5874.2135
19622 -5874.2135
19624 -5874.2135
19626 -5874.2135
19628 -5874.2135
19630 -5874.2135
19632 -5874.2763
19634 -5874.2763
19636 -5874.2763
19638 -5874.2763
19640 -5874.2763
19642 -5874.2763
19644 -5874.2763
19646 -5874.2763
19648 -5874.2763
19650 -5874.2763
19652 -5874.2763
19654 -5874.2763
19656 -5874.2763
19658 -5874.2763
19660 -5874.2763
19662 -5874.2763
19664 -5874.2763
19666 -5874.2763
19668 -5874.2763
19670 -5874.2763
19672 -5874.2763
19674 -5874.2763
19676 -5874.2763
19678 -5874.2763
19680 -5874.2763
19682 -5874.2763
19684 -5874.2763
19686 -5874.2763
19688 -5875.0822
19690 -5875.0822
19692 -5875.0822
19694 -5875.0822
19696 -5875.0822
19698 -5875.0822
19700 -5875.0822
19702 -5875.0822
19704 -5875.0822
19706 -5875.0822
19708 -5875.0822
19710 -5875.3043
19712 -5875.3043
19714 -5875.3043
19716 -5875.3043
19718 -5875.3043
19720 -5875.4364
19722 -5875.4364
19724 -5875.4364
19726 -5875.4364
19728 -5875.4364
19730 -5875.4364
19732 -5875.4364
19734 -5875.4364
19736 -5875.4364
19738 -5875.4364
19740 -5875.4364
19742 -5875.4364
19744 -5875.4364
19746 -5875.4364
19748 -5875.4364
19750 -5875.4364
19752 -5875.4364
19754 -5875.4364
19756 -5875.4364
19758 -5875.4364
19760 -5875.4364
19762 -5875.4364
19764 -5875.4364
19766 -5875.4364
19768 -5875.4364
19770 -5875.4364
19772 -5875.4364
19774 -5875.46
19776 -5875.46
19778 -5875.46
19780 -5875.46
19782 -5875.46
19784 -5875.46
19786 -5875.46
19788 -5875.46
19790 -5875.46
19792 -5875.46
19794 -5875.6599
19796 -5875.6599
19798 -5875.6749
19800 -5875.6749
19802 -5875.6749
19804 -5875.6749
19806 -5875.6749
19808 -5875.6749
19810 -5875.6749
19812 -5875.6749
19814 -5875.6749
19816 -5875.6749
19818 -5875.6749
19820 -5875.6749
19822 -5875.6749
19824 -5875.6749
19826 -5875.6749
19828 -5875.6749
19830 -5875.6749
19832 -5875.6749
19834 -5875.6749
19836 -5875.6749
19838 -5875.6749
19840 -5875.6749
19842 -5875.6749
19844 -5875.6749
19846 -5875.6749
19848 -5875.6749
19850 -5875.6749
19852 -5875.6749
19854 -5875.6749
19856 -5875.6749
19858 -5875.6749
19860 -5875.6749
19862 -5875.6749
19864 -5875.6749
19866 -5875.6749
19868 -5875.6749
19870 -5875.6749
19872 -5875.6749
19874 -5875.6749
19876 -5875.6749
19878 -5875.6749
19880 -5875.6749
19882 -5875.6749
19884 -5875.6749
19886 -5875.6749
19888 -5875.6749
19890 -5875.6749
19892 -5875.6749
19894 -5875.6749
19896 -5875.6749
19898 -5875.6749
19900 -5875.6749
19902 -5875.6749
19904 -5875.6749
19906 -5875.6749
19908 -5875.6749
19910 -5875.6749
19912 -5875.6749
19914 -5875.6749
19916 -5875.6749
19918 -5875.6856
19920 -5875.6856
19922 -5875.6856
19924 -5875.6856
19926 -5875.6856
19928 -5875.6856
19930 -5875.6856
19932 -5875.6856
19934 -5875.6856
19936 -5875.6856
19938 -5875.6856
19940 -5875.6856
19942 -5875.6856
19944 -5875.6856
19946 -5875.6856
19948 -5875.6856
19950 -5875.6856
19952 -5875.6856
19954 -5875.6856
19956 -5875.6856
19958 -5875.6856
19960 -5875.6856
19962 -5875.6856
19964 -5875.6856
19966 -5875.6856
19968 -5875.6856
19970 -5875.6856
19972 -5875.6856
19974 -5875.6856
19976 -5875.6856
19978 -5875.6856
19980 -5875.6856
19982 -5875.6856
19984 -5875.6856
19986 -5875.6856
19988 -5875.6856
19990 -5875.6856
19992 -5875.6856
19994 -5875.6856
19996 -5875.6856
19998 -5875.6856
20000 -5875.6856
