1 -1261.962
2 -1341.2445
3 -1392.0076
4 -1387.054
5 -1411.2324
6
7
8
9
10 -1261.962
11 -1230.0384
12 -1279.3458
13 -1274.9231
14 -1296.238
15 -1286.3991
16 -1299.8382
17 -1286.7142
18 -1317.379
19 -1358.1206
20 -1341.2445
21 -1357.4888
22 -1307.074
23 -1369.2679
24 -1371.0832
25 -1377.8154
26 -1373.8462
27 -1375.388
28 -1346.3955
29 -1373.6727
30 -1392.0076
31 -1399.802
32 -1388.8449
33 -1400.6451
34 -1336.2567
35 -1393.0194
36 -1378.9246
37 -1390.67
38 -1403.0972
39 -1189.2898
40 -1387.054
41 -1406.5362
42 -1388.9475
43 -1413.4594
44 -1412.2595
45 -1410.9496
46 -1386.7106
47 -1352.8963
48 -1411.3052
49 -1416.7521
50 -1411.2324
51
52
53
54
55
56
57
58
59
60
61
62
63
64
65
66
67
68
69
70
71
72
73
74
75
76
77
78
79
80
81
82
83
84
85
86
87
88
89
90
91
92
93
94
95
96
97
98
99
100 -1261.962
101 -1213.3563
102 -1256.8548
103 -1170.9092
104 -1246.9644
105 -1248.2618
106 -1262.7271
107 -1251.44
108 -1241.5331
109 -1111.9957
110 -1230.0384
111 -1224.5304
112 -1265.0995
113 -1177.4778
114 -1284.5297
115 -1285.4493
116 -1271.3868
117 -1282.2743
118 -1274.6522
119 -1281.6708
120 -1279.3458
121 -1248.0758
122 -1282.465
123 -1260.8081
124 -1261.3403
125 -1238.8394
126 -1269.8625
127 -1278.8759
128 -1275.9612
129 -1096.8537
130 -1274.9231
131 -1272.3215
132 -1259.0133
133 -1289.0466
134 -1283.5622
135 -1260.5212
136 -1149.6289
137 -1254.8381
138 -1121.4381
139 -1289.71
140 -1296.238
141 -1206.4907
142 -1296.8227
143 -1270.2856
144 -1295.2839
145 -1231.6747
146 -1246.0317
147 -1293.8705
148 -1297.4442
149 -1297.6023
150 -1286.3991
151 -1297.5064
152 -1285.3725
153 -1249.2767
154 -1307.7992
155 -1268.3391
156 -1302.7046
157 -1302.1737
158 -1316.229
159 -1244.8677
160 -1299.8382
161 -1283.201
162 -1316.5788
163 -1300.2167
164 -1294.6554
165 -1311.8536
166 -1305.9179
167 -1239.1252
168 -1305.0416
169 -1328.096
170 -1286.7142
171 -1322.9346
172 -1281.9034
173 -1321.0063
174 -1331.1094
175 -1145.4338
176 -1349.4366
177 -1329.6647
178 -1240.6161
179 -1350.6771
180 -1317.379
181 -1340.4938
182 -1303.336
183 -1343.7385
184 -1345.8642
185 -1356.5122
186 -1347.3093
187 -1354.4293
188 -916.79154
189 -1352.1714
190 -1358.1206
191 -1358.9476
192 -1352.2179
193 -1343.9353
194 -1248.6949
195 -1357.8927
196 -1166.2625
197 -1352.0924
198 -1302.8049
199 -1356.6163
200 -1341.2445
201 -1348.074
202 -1204.1198
203 -1309.9091
204 -1350.529
205 -1348.2376
206 -1349.1813
207 -1356.0439
208 -1309.2734
209 -1298.6425
210 -1357.4888
211 -1325.052
212 -1343.9246
213 -1372.6338
214 -1361.6007
215 -1364.3969
216 -1263.9253
217 -1371.3724
218 -1169.4425
219 -1371.01
220 -1307.074
221 -1327.3094
222 -1368.3346
223 -1360.1269
224 -1308.2933
225 -1290.1693
226 -1360.1926
227 -1360.0244
228 -1305.684
229 -1365.915
230 -1369.2679
231 -1373.6683
232 -1382.9085
233 -1382.6266
234 -1352.6776
235 -1377.6315
236 -1382.1325
237 -1377.0395
238 -1381.908
239 -1383.5605
240 -1371.0832
241 -1319.2466
242 -1382.192
243 -1383.3333
244 -1381.2587
245 -1366.7538
246 -1381.583
247 -1342.3419
248 -1318.2161
249 -1382.4823
250 -1377.8154
251 -1326.4684
252 -1391.9164
253 -1343.1592
254 -1395.2903
255 -1387.0325
256 -1372.5911
257 -1391.6168
258 -1377.1345
259 -1385.6563
260 -1373.8462
261 -1312.3812
262 -1364.0272
263 -1372.7834
264 -1366.1933
265 -1393.0927
266 -1375.9807
267 -1390.315
268 -1392.4866
269 -1375.8857
270 -1375.388
271 -1107.2523
272 -1394.6037
273 -1395.825
274 -1372.696
275 -1380.2396
276 -1378.6318
277 -1394.0683
278 -1284.4135
279 -1375.2314
280 -1346.3955
281 -1383.4124
282 -1252.648
283 -1358.4196
284 -1390.0775
285 -1368.5815
286 -1387.869
287 -1395.247
288 -1359.246
289 -1371.6331
290 -1373.6727
291 -1397.5581
292 -1376.1948
293 -1360.4319
294 -1389.4138
295 -1387.2898
296 -1380.858
297 -1363.21
298 -1372.3394
299 -1397.1486
300 -1392.0076
301 -1391.5213
302 -1379.9626
303 -1390.0607
304 -1373.4841
305 -1394.9438
306 -1391.1682
307 -1399.0809
308 -1383.8131
309 -1393.5516
310 -1399.802
311 -1376.1954
312 -1395.2364
313 -1360.8595
314 -1395.8569
315 -1388.1912
316 -1385.9805
317 -1221.656
318 -1398.99
319 -1391.6724
320 -1388.8449
321 -1392.1844
322 -1400.1098
323 -1400.5377
324 -1398.195
325 -1388.1802
326 -1379.0406
327 -1333.2441
328 -1390.4464
329 -1381.3877
330 -1400.6451
331 -1396.4672
332 -1391.1469
333 -1362.0748
334 -1399.249
335 -1351.3336
336 -1394.9186
337 -1392.478
338 -1337.8793
339 -1365.3142
340 -1336.2567
341 -1395.4657
342 -1389.6255
343 -1396.5332
344 -1384.5052
345 -1393.3998
346 -1391.5868
347 -1378.8239
348 -1399.3277
349 -1329.9338
350 -1393.0194
351 -1393.0245
352 -1392.8622
353 -1395.1114
354 -1393.1548
355 -1379.5183
356 -1393.8249
357 -1399.0228
358 -1384.336
359 -1383.8661
360 -1378.9246
361 -1389.5781
362 -1395.7924
363 -1343.5012
364 -1401.2844
365 -1397.3385
366 -1402.2272
367 -1398.5545
368 -1398.0786
369 -1388.1046
370 -1390.67
371 -1394.2825
372 -1400.1254
373 -1399.2529
374 -1392.9947
375 -1375.7484
376 -1082.4957
377 -1398.6163
378 -1265.6583
379 -1402.9542
380 -1403.0972
381 -1403.0382
382 -1402.6465
383 -1402.4337
384 -1349.2684
385 -1375.6743
386 -1402.3331
387 -1382.0943
388 -1361.9176
389 -1402.7371
390 -1189.2898
391 -1393.0263
392 -1400.1079
393 -1310.2989
394 -1355.2576
395 -1405.2069
396 -1404.8579
397 -1405.3562
398 -1361.2793
399 -1341.0377
400 -1387.054
401 -1401.4183
402 -1404.0392
403 -1403.2859
404 -1384.1559
405 -1408.6133
406 -1384.5217
407 -1405.0348
408 -1380.9815
409 -1380.47
410 -1406.5362
411 -1410.3411
412 -1413.3649
413 -1379.7066
414 -1413.2994
415 -1411.8025
416 -1402.3591
417 -1405.0695
418 -1386.8376
419 -1262.8304
420 -1388.9475
421 -1409.3661
422 -1412.7496
423 -1396.4512
424 -1386.5151
425 -1412.7702
426 -1406.07
427 -1412.2213
428 -1412.0937
429 -1414.0854
430 -1413.4594
431 -1387.9388
432 -1372.4187
433 -1407.5712
434 -1414.2873
435 -1404.8696
436 -1366.8625
437 -1349.7958
438 -1411.6355
439 -1387.5997
440 -1412.2595
441 -1414.1707
442 -1415.3999
443 -1333.8878
444 -1403.3327
445 -1405.7138
446 -1412.8511
447 -1327.6576
448 -1397.0477
449 -1414.15
450 -1410.9496
451 -1287.0451
452 -1413.0669
453 -1399.6853
454 -1414.9763
455 -1388.2737
456 -1389.2882
457 -1368.9484
458 -1416.4226
459 -1407.2454
460 -1386.7106
461 -1413.3087
462 -1407.123
463 -1406.2235
464 -1380.4391
465 -1365.8674
466 -1342.464
467 -1416.4764
468 -1413.5134
469 -1405.1046
470 -1352.8963
471 -1413.4326
472 -1402.4647
473 -1400.2648
474 -1415.3887
475 -1406.6899
476 -1415.5738
477 -1384.0411
478 -1331.9379
479 -1415.415
480 -1411.3052
481 -1365.685
482 -1416.7651
483 -1369.9922
484 -1410.7468
485 -1405.4762
486 -1412.7151
487 -1407.3152
488 -1397.3104
489 -1413.5212
490 -1416.7521
491 -1397.3093
492 -1406.8106
493 -1410.7825
494 -1416.4203
495 -1418.9298
496 -1387.2946
497 -1353.8275
498 -1311.0859
499 -1409.797
500 -1411.2324
