1 -1261.962
2 -1177.6008
3 -1214.0903
4 -1170.6487
5 -1596250.1
6
7
8
9
10 -1261.962
11 -1205.0116
12 -1222.634
13 -1238.5314
14 -1218.7235
15 -1191.0042
16 -844.43925
17 -1159.6656
18 -1132.2546
19 -1124.5169
20 -1177.6008
21 -1167.3865
22 -1130.7959
23 -1144.4981
24 -1179.1752
25 -1188.461
26 -1172.6285
27 -1144.3449
28 -1185.9265
29 -1234.317
30 -1214.0903
31 -1206.7003
32 -1123.1267
33 -1118.9389
34 -1055.28
35 -1217.4449
36 -1083.2243
37 -1239.9204
38 -1226.5324
39 -1194.6008
40 -1170.6487
41 -1243.9827
42 -1240.8603
43 -1271.8101
44 -1283.7483
45 -14743.743
46 -14800.582
47 -14815.792
48 -14837.513
49 -14782.641
50 -1596250.1
51
52
53
54
55
56
57
58
59
60
61
62
63
64
65
66
67
68
69
70
71
72
73
74
75
76
77
78
79
80
81
82
83
84
85
86
87
88
89
90
91
92
93
94
95
96
97
98
99
100 -1261.962
101 -1213.3563
102 -1256.8548
103 -1170.9092
104 -1246.9644
105 -1248.2618
106 -1249.0261
107 -1237.7356
108 -1216.5946
109 -1087.0267
110 -1205.0116
111 -1199.5024
112 -1241.0466
113 -1154.2712
114 -1248.436
115 -1258.2503
116 -1242.9239
117 -1239.1269
118 -1206.8228
119 -1239.8358
120 -1222.634
121 -1168.4392
122 -1193.3687
123 -1241.4766
124 -1257.1296
125 -1188.0659
126 -1249.247
127 -1243.7284
128 -1246.3388
129 -1265.6857
130 -1238.5314
131 -1255.7489
132 -1243.7657
133 -1231.5256
134 -1144.0266
135 -1225.5609
136 -1169.245
137 -1089.8476
138 -1202.1911
139 -1050.3115
140 -1218.7235
141 -999.09181
142 -1218.8781
143 -1195.1039
144 -1196.8535
145 -1201.4299
146 -1070.5059
147 -1197.4611
148 -999.22317
149 -1193.6115
150 -1191.0042
151 -1102.6472
152 -1164.9936
153 -1114.3512
154 -1143.3868
155 -1165.5021
156 -1168.9979
157 -1169.7212
158 -1085.5235
159 -1173.2904
160 -844.43925
161 -1156.2955
162 -1142.4077
163 -1165.8981
164 -1112.8953
165 -1138.204
166 -1169.2174
167 -1188.7902
168 -1163.0067
169 -736.85087
170 -1159.6656
171 -687.88058
172 -1161.7558
173 -1162.6848
174 -1166.3305
175 -978.07107
176 -1164.5175
177 -1166.3365
178 -1016.3444
179 -917.32597
180 -1132.2546
181 -1139.0532
182 -1008.5107
183 -1162.9714
184 -1133.3357
185 -1131.7715
186 -1174.7369
187 -965.85874
188 -1163.195
189 -453.25116
190 -1124.5169
191 -1056.7109
192 -1171.5449
193 -898.40224
194 -1132.3449
195 -1155.2926
196 -1099.7949
197 -1168.2031
198 -1144.4128
199 -1176.7332
200 -1177.6008
201 -1151.0828
202 -603.97865
203 -1149.9204
204 -1193.9494
205 -1193.9322
206 -1070.5442
207 -1193.4642
208 -1172.7211
209 -1187.4002
210 -1167.3865
211 -1185.8341
212 -1132.393
213 -1022.1993
214 -1194.4858
215 -1202.2076
216 -1199.2227
217 -1133.0025
218 -1182.945
219 -1180.8288
220 -1130.7959
221 -1183.879
222 -1177.9572
223 -957.25606
224 -1166.986
225 -1121.4749
226 -1200.1284
227 -1090.3816
228 -1195.2519
229 -1193.2356
230 -1144.4981
231 -1123.0387
232 -1196.9242
233 -1195.248
234 -1115.0744
235 -1176.6216
236 -1211.6909
237 -1171.2161
238 -1136.9434
239 -1187.2835
240 -1179.1752
241 -1212.047
242 -1072.7019
243 -1160.7618
244 -1202.2496
245 -1188.4357
246 -1204.6368
247 -1200.3363
248 -1193.0276
249 -1186.2938
250 -1188.461
251 -1188.4657
252 -1192.7981
253 -1196.0281
254 -1112.4277
255 -1123.9254
256 -1187.5409
257 -1035.4886
258 -1175.3257
259 -1168.2194
260 -1172.6285
261 -1172.9318
262 -1168.8625
263 -1116.3817
264 -975.06582
265 -1089.644
266 -1171.5463
267 -1176.5113
268 -1164.2531
269 -1168.7187
270 -1144.3449
271 -997.52779
272 -1199.3544
273 -1131.6917
274 -965.8312
275 -1163.5875
276 -1135.9448
277 -1212.7717
278 -1002.5478
279 -1074.5922
280 -1185.9265
281 -1211.6756
282 -1242.457
283 -1000.7868
284 -1247.9316
285 -1237.5986
286 -1242.8166
287 -1218.8362
288 -1231.6134
289 -1155.4686
290 -1234.317
291 -1211.7181
292 -1204.4938
293 -1235.0215
294 -1144.1388
295 -1181.2495
296 -1204.1389
297 -1236.4234
298 -976.76796
299 -1228.9945
300 -1214.0903
301 -1211.9519
302 -1132.002
303 -1152.0352
304 -1238.9839
305 -1221.4848
306 -1230.544
307 -1186.6076
308 -1221.8947
309 -1190.8754
310 -1206.7003
311 -1201.9845
312 -1151.9808
313 -1196.4438
314 -1142.6273
315 -1189.5763
316 -1182.8666
317 -1185.3519
318 -1189.1989
319 -1156.1344
320 -1123.1267
321 -1047.044
322 -1174.9781
323 -1065.7558
324 -1186.9948
325 -1184.1346
326 -796.26379
327 -1144.8024
328 -846.61307
329 -845.21459
330 -1118.9389
331 -992.08702
332 -858.85865
333 -1196.863
334 -1155.6608
335 -1158.3854
336 -1189.5352
337 -1185.1147
338 -1167.2542
339 -1195.7838
340 -1055.28
341 -1196.3524
342 -1193.2325
343 -1086.6429
344 -1156.7396
345 -1200.2221
346 -1184.1441
347 -1217.3137
348 -1217.466
349 -1199.9382
350 -1217.4449
351 -1234.3281
352 -1217.5773
353 -1208.067
354 -1242.3794
355 -1223.4765
356 -1192.3161
357 -1102.8356
358 -1166.7433
359 -1239.4318
360 -1083.2243
361 -1240.7559
362 -1235.6455
363 -1235.2313
364 -1240.6964
365 -1238.9884
366 -1240.3442
367 -1228.4177
368 -1250.0946
369 -1229.0541
370 -1239.9204
371 -1056.7297
372 -1248.3496
373 -1249.2161
374 -1243.7467
375 -1244.7296
376 -1222.0128
377 -1249.1041
378 -1251.4731
379 -1251.1924
380 -1226.5324
381 -1251.7008
382 -1257.0068
383 -1136.7526
384 -1267.0616
385 -1260.7942
386 -1258.1839
387 -1265.9702
388 -1196.8268
389 -1267.8328
390 -1194.6008
391 -1235.4378
392 -1202.7113
393 -1255.1315
394 -1239.8272
395 -1256.9651
396 -1267.3533
397 -1269.2626
398 -1262.6468
399 -1266.7152
400 -1170.6487
401 -1244.8758
402 -1222.5245
403 -1240.6826
404 -1252.1576
405 -1263.4947
406 -1264.8234
407 -1261.3258
408 -1248.6316
409 -1236.4538
410 -1243.9827
411 -1270.028
412 -1219.7398
413 -1265.4076
414 -1277.6249
415 -1161.7787
416 -1265.8692
417 -1212.9979
418 -1255.4692
419 -1270.4527
420 -1240.8603
421 -1250.4292
422 -1278.5781
423 -1217.5792
424 -1276.2435
425 -1257.4461
426 -1258.4119
427 -1266.4186
428 -1273.2032
429 -1267.6368
430 -1271.8101
431 -1222.2599
432 -1232.6685
433 -1278.344
434 -1256.2541
435 -1273.8706
436 -1248.8939
437 -1134.5042
438 -1267.0738
439 -1289.2566
440 -1283.7483
441 -1274.5075
442 -1261.2709
443 -1278.3176
444 -1288.6558
445 -1281.3565
446 -1261.4131
447 -1290.9307
448 -14818.386
449 -14807.221
450 -14743.743
451 -14762.513
452 -14798.966
453 -1129.3107
454 -14810.082
455 -14802.01
456 -14823.25
457 -14652.159
458 -14814.876
459 -14826.397
460 -14800.582
461 -14826.355
462 -14773.786
463 -14825.791
464 -14684.89
465 -14808.088
466 -14675.885
467 -14828.103
468 -14815.253
469 -14816.446
470 -14815.792
471 -1124.7789
472 -14800.058
473 -14572.541
474 -14812.314
475 -14768.282
476 -14795.907
477 -14839.673
478 -14827.282
479 -14778.192
480 -14837.513
481 -14842.262
482 -14815.738
483 -14838.641
484 -14818.818
485 -14815.649
486 -14837.502
487 -14833.166
488 -14833.402
489 -14839.258
490 -14782.641
491 -14829.958
492 -14816.438
493 -1596303
494 -1596298.1
495 -1596287.6
496 -1596251.9
497 -1596302.8
498 -1596265.8
499 -1596306
500 -1596250.1
