1 -1261.962
2 -1177.6008
3 -1214.0903
4 -1233.9332
5 -1160.9474
6
7
8
9
10 -1261.962
11 -1205.0116
12 -1222.634
13 -1238.5314
14 -1218.7235
15 -1191.0042
16 -844.43925
17 -1159.6656
18 -1132.2546
19 -1124.5169
20 -1177.6008
21 -1167.3865
22 -1130.7959
23 -1144.4981
24 -1179.1752
25 -1188.461
26 -1172.6285
27 -1144.3449
28 -1185.9265
29 -1234.317
30 -1214.0903
31 -1206.7003
32 -1123.1267
33 -1118.9389
34 -1039.0563
35 -1172.2661
36 -1172.0033
37 -1257.9531
38 -1244.6617
39 -1236.4089
40 -1233.9332
41 -1240.3413
42 -1179.1331
43 -1134.3701
44 -1147.516
45 -1141.0156
46 -1145.4585
47 -1129.6337
48 -1055.831
49 -1141.7707
50 -1160.9474
51
52
53
54
55
56
57
58
59
60
61
62
63
64
65
66
67
68
69
70
71
72
73
74
75
76
77
78
79
80
81
82
83
84
85
86
87
88
89
90
91
92
93
94
95
96
97
98
99
100 -1261.962
101 -1213.3563
102 -1256.8548
103 -1170.9092
104 -1246.9644
105 -1248.2618
106 -1249.0261
107 -1237.7356
108 -1216.5946
109 -1087.0267
110 -1205.0116
111 -1199.5024
112 -1241.0466
113 -1154.2712
114 -1248.436
115 -1258.2503
116 -1242.9239
117 -1239.1269
118 -1206.8228
119 -1239.8358
120 -1222.634
121 -1168.4392
122 -1193.3687
123 -1241.4766
124 -1257.1296
125 -1188.0659
126 -1249.247
127 -1243.7284
128 -1246.3388
129 -1265.6857
130 -1238.5314
131 -1255.7489
132 -1243.7657
133 -1231.5256
134 -1144.0266
135 -1225.5609
136 -1169.245
137 -1089.8476
138 -1202.1911
139 -1050.3115
140 -1218.7235
141 -999.09181
142 -1218.8781
143 -1195.1039
144 -1196.8535
145 -1201.4299
146 -1070.5059
147 -1197.4611
148 -999.22317
149 -1193.6115
150 -1191.0042
151 -1102.6472
152 -1164.9936
153 -1114.3512
154 -1143.3868
155 -1165.5021
156 -1168.9979
157 -1169.7212
158 -1085.5235
159 -1173.2904
160 -844.43925
161 -1156.2955
162 -1142.4077
163 -1165.8981
164 -1112.8953
165 -1138.204
166 -1169.2174
167 -1188.7902
168 -1163.0067
169 -736.85087
170 -1159.6656
171 -687.88058
172 -1161.7558
173 -1162.6848
174 -1166.3305
175 -978.07107
176 -1164.5175
177 -1166.3365
178 -1016.3444
179 -917.32597
180 -1132.2546
181 -1139.0532
182 -1008.5107
183 -1162.9714
184 -1133.3357
185 -1131.7715
186 -1174.7369
187 -965.85874
188 -1163.195
189 -453.25116
190 -1124.5169
191 -1056.7109
192 -1171.5449
193 -898.40224
194 -1132.3449
195 -1155.2926
196 -1099.7949
197 -1168.2031
198 -1144.4128
199 -1176.7332
200 -1177.6008
201 -1151.0828
202 -603.97865
203 -1149.9204
204 -1193.9494
205 -1193.9322
206 -1070.5442
207 -1193.4642
208 -1172.7211
209 -1187.4002
210 -1167.3865
211 -1185.8341
212 -1132.393
213 -1022.1993
214 -1194.4858
215 -1202.2076
216 -1199.2227
217 -1133.0025
218 -1182.945
219 -1180.8288
220 -1130.7959
221 -1183.879
222 -1177.9572
223 -957.25606
224 -1166.986
225 -1121.4749
226 -1200.1284
227 -1090.3816
228 -1195.2519
229 -1193.2356
230 -1144.4981
231 -1123.0387
232 -1196.9242
233 -1195.248
234 -1115.0744
235 -1176.6216
236 -1211.6909
237 -1171.2161
238 -1136.9434
239 -1187.2835
240 -1179.1752
241 -1212.047
242 -1072.7019
243 -1160.7618
244 -1202.2496
245 -1188.4357
246 -1204.6368
247 -1200.3363
248 -1193.0276
249 -1186.2938
250 -1188.461
251 -1188.4657
252 -1192.7981
253 -1196.0281
254 -1112.4277
255 -1123.9254
256 -1187.5409
257 -1035.4886
258 -1175.3257
259 -1168.2194
260 -1172.6285
261 -1172.9318
262 -1168.8625
263 -1116.3817
264 -975.06582
265 -1089.644
266 -1171.5463
267 -1176.5113
268 -1164.2531
269 -1168.7187
270 -1144.3449
271 -997.52779
272 -1199.3544
273 -1131.6917
274 -965.8312
275 -1163.5875
276 -1135.9448
277 -1212.7717
278 -1002.5478
279 -1074.5922
280 -1185.9265
281 -1211.6756
282 -1242.457
283 -1000.7868
284 -1247.9316
285 -1237.5986
286 -1242.8166
287 -1218.8362
288 -1231.6134
289 -1155.4686
290 -1234.317
291 -1211.7181
292 -1204.4938
293 -1235.0215
294 -1144.1388
295 -1181.2495
296 -1204.1389
297 -1236.4234
298 -976.76796
299 -1228.9945
300 -1214.0903
301 -1211.9519
302 -1132.002
303 -1152.0352
304 -1238.9839
305 -1221.4848
306 -1230.544
307 -1186.6076
308 -1221.8947
309 -1190.8754
310 -1206.7003
311 -1201.9845
312 -1151.9808
313 -1196.4438
314 -1142.6273
315 -1189.5763
316 -1182.8666
317 -1185.3519
318 -1189.1989
319 -1156.1344
320 -1123.1267
321 -1047.044
322 -1174.9781
323 -1065.7558
324 -1186.9948
325 -1184.1346
326 -796.26379
327 -1144.8024
328 -846.61307
329 -845.21459
330 -1118.9389
331 -992.08702
332 -858.85865
333 -1196.863
334 -1155.6608
335 -1158.3854
336 -1189.5352
337 -1177.8452
338 -1148.2526
339 -1176.8661
340 -1039.0563
341 -1176.7299
342 -1171.0272
343 -1069.509
344 -1074.1556
345 -1180.1911
346 -1164.02
347 -1197.3744
348 -1197.5026
349 -1179.9857
350 -1172.2661
351 -1189.2272
352 -1173.988
353 -1106.9758
354 -1182.0274
355 -1163.0867
356 -1127.2228
357 -1024.5531
358 -1090.9252
359 -1181.2355
360 -1172.0033
361 -1192.0667
362 -1227.2559
363 -1236.6732
364 -1231.9037
365 -1238.7188
366 -1244.9143
367 -1250.6376
368 -1218.3816
369 -948.44124
370 -1257.9531
371 -1242.3279
372 -1231.4269
373 -1239.5335
374 -1236.8189
375 -1191.5722
376 -1239.641
377 -1228.9273
378 -1238.9145
379 -1200.0406
380 -1244.6617
381 -1235.2186
382 -1160.9757
383 -1244.6137
384 -1231.5246
385 -1244.662
386 -1202.6011
387 -1239.3794
388 -1242.6222
389 -1166.8461
390 -1236.4089
391 -1229.402
392 -1234.0166
393 -1163.5671
394 -1218.7181
395 -1163.0414
396 -1193.2513
397 -1212.676
398 -1085.0635
399 -1219.4671
400 -1233.9332
401 -1212.0246
402 -1137.3254
403 -1028.6209
404 -1234.1912
405 -1130.3169
406 -1213.8719
407 -1184.2234
408 -1239.3705
409 -1232.7557
410 -1240.3413
411 -1235.4269
412 -1045.6895
413 -1240.239
414 -1238.1685
415 -1238.5386
416 -1231.5449
417 -822.73112
418 -1225.6727
419 -1211.4134
420 -1179.1331
421 -1209.3179
422 -1007.6689
423 -1211.6807
424 -1212.2951
425 -1138.7183
426 -1144.391
427 -1149.7554
428 -1163.5277
429 -928.42154
430 -1134.3701
431 -1198.1304
432 -966.64012
433 -1195.088
434 -1153.1776
435 -1075.6583
436 -1145.7782
437 -1147.0681
438 -1111.9041
439 -1137.1042
440 -1147.516
441 -1102.4979
442 -913.75349
443 -1114.1386
444 -1061.1709
445 -1152.9238
446 -1138.13
447 -1141.1996
448 -1120.3989
449 -1118.5138
450 -1141.0156
451 -1036.3336
452 -1116.9715
453 -1134.1251
454 -1117.7259
455 -1129.8242
456 -1136.5113
457 -1146.1324
458 -879.55279
459 -1152.5435
460 -1145.4585
461 -1127.108
462 -1039.0625
463 -1149.2579
464 -1151.042
465 -459.32546
466 -1157.0615
467 -1133.2379
468 -1156.0122
469 -921.07159
470 -1129.6337
471 -1147.9211
472 -1148.6993
473 -1065.4187
474 -1114.8933
475 -1126.5437
476 -957.4941
477 -999.29574
478 -1061.7438
479 -1131.5291
480 -1055.831
481 -1150.4165
482 -1148.6542
483 -326.22801
484 -1132.5518
485 -1102.4944
486 -1149.6044
487 -1127.2008
488 -1113.3314
489 -1142.5996
490 -1141.7707
491 -1061.0854
492 -1122.6778
493 -1147.7651
494 -1139.0709
495 -1150.3444
496 -1006.5673
497 -1155.3647
498 -1152.8484
499 -1140.077
500 -1160.9474
