1 -1261.962
2 -1177.6008
3 -1292.0807
4 -1331.2142
5 -1346.2264
6
7
8
9
10 -1261.962
11 -1205.0116
12 -1222.634
13 -1238.5314
14 -1218.7235
15 -1191.0042
16 -844.43925
17 -1159.6656
18 -1132.2546
19 -1124.5169
20 -1177.6008
21 -1167.3865
22 -1130.7959
23 -1144.4981
24 -1179.1752
25 -1188.461
26 -1193.3116
27 -1208.7065
28 -1227.3606
29 -1252.9988
30 -1292.0807
31 -1223.1915
32 -1268.2741
33 -1221.8894
34 -1311.7985
35 -1271.5866
36 -1296.8855
37 -1312.4655
38 -1321.3679
39 -1339.149
40 -1331.2142
41 -1331.4565
42 -1339.7632
43 -1305.0411
44 -1352.9133
45 -1358.5215
46 -1293.6942
47 -1325.3931
48 -1321.5803
49 -1345.3952
50 -1346.2264
51
52
53
54
55
56
57
58
59
60
61
62
63
64
65
66
67
68
69
70
71
72
73
74
75
76
77
78
79
80
81
82
83
84
85
86
87
88
89
90
91
92
93
94
95
96
97
98
99
100 -1261.962
101 -1213.3563
102 -1256.8548
103 -1170.9092
104 -1246.9644
105 -1248.2618
106 -1249.0261
107 -1237.7356
108 -1216.5946
109 -1087.0267
110 -1205.0116
111 -1199.5024
112 -1241.0466
113 -1154.2712
114 -1248.436
115 -1258.2503
116 -1242.9239
117 -1239.1269
118 -1206.8228
119 -1239.8358
120 -1222.634
121 -1168.4392
122 -1193.3687
123 -1241.4766
124 -1257.1296
125 -1188.0659
126 -1249.247
127 -1243.7284
128 -1246.3388
129 -1265.6857
130 -1238.5314
131 -1255.7489
132 -1243.7657
133 -1231.5256
134 -1144.0266
135 -1225.5609
136 -1169.245
137 -1089.8476
138 -1202.1911
139 -1050.3115
140 -1218.7235
141 -999.09181
142 -1218.8781
143 -1195.1039
144 -1196.8535
145 -1201.4299
146 -1070.5059
147 -1197.4611
148 -999.22317
149 -1193.6115
150 -1191.0042
151 -1102.6472
152 -1164.9936
153 -1114.3512
154 -1143.3868
155 -1165.5021
156 -1168.9979
157 -1169.7212
158 -1085.5235
159 -1173.2904
160 -844.43925
161 -1156.2955
162 -1142.4077
163 -1165.8981
164 -1112.8953
165 -1138.204
166 -1169.2174
167 -1188.7902
168 -1163.0067
169 -736.85087
170 -1159.6656
171 -687.88058
172 -1161.7558
173 -1162.6848
174 -1166.3305
175 -978.07107
176 -1164.5175
177 -1166.3365
178 -1016.3444
179 -917.32597
180 -1132.2546
181 -1139.0532
182 -1008.5107
183 -1162.9714
184 -1133.3357
185 -1131.7715
186 -1174.7369
187 -965.85874
188 -1163.195
189 -453.25116
190 -1124.5169
191 -1056.7109
192 -1171.5449
193 -898.40224
194 -1132.3449
195 -1155.2926
196 -1099.7949
197 -1168.2031
198 -1144.4128
199 -1176.7332
200 -1177.6008
201 -1151.0828
202 -603.97865
203 -1149.9204
204 -1193.9494
205 -1193.9322
206 -1070.5442
207 -1193.4642
208 -1172.7211
209 -1187.4002
210 -1167.3865
211 -1185.8341
212 -1132.393
213 -1022.1993
214 -1194.4858
215 -1202.2076
216 -1199.2227
217 -1133.0025
218 -1182.945
219 -1180.8288
220 -1130.7959
221 -1183.879
222 -1177.9572
223 -957.25606
224 -1166.986
225 -1121.4749
226 -1200.1284
227 -1090.3816
228 -1195.2519
229 -1193.2356
230 -1144.4981
231 -1123.0387
232 -1196.9242
233 -1195.248
234 -1115.0744
235 -1176.6216
236 -1211.6909
237 -1171.2161
238 -1136.9434
239 -1187.2835
240 -1179.1752
241 -1212.047
242 -1072.7019
243 -1160.7618
244 -1202.2496
245 -1188.4357
246 -1204.6368
247 -1200.3363
248 -1193.0276
249 -1186.2938
250 -1188.461
251 -1188.4657
252 -1192.7981
253 -1196.0281
254 -1112.4277
255 -1123.9254
256 -1187.5409
257 -1045.3113
258 -1183.8263
259 -1187.5759
260 -1193.3116
261 -1196.7015
262 -1192.7943
263 -1140.1832
264 -1003.5362
265 -1117.4332
266 -1198.2591
267 -1171.5307
268 -1228.4147
269 -1233.035
270 -1208.7065
271 -1118.9874
272 -1223.4628
273 -1201.302
274 -1204.8718
275 -1203.2372
276 -1224.6087
277 -1229.7212
278 -1161.3365
279 -1234.6486
280 -1227.3606
281 -1239.6154
282 -1254.9132
283 -1012.6473
284 -1259.1627
285 -1250.5196
286 -1261.117
287 -1237.1518
288 -1255.4008
289 -1184.7749
290 -1252.9988
291 -1236.1631
292 -1287.878
293 -1286.3274
294 -1295.9047
295 -1241.0391
296 -1294.9843
297 -1291.5165
298 -1287.9114
299 -1278.5966
300 -1292.0807
301 -828.25235
302 -1291.2058
303 -1203.3148
304 -1275.4298
305 -1280.0119
306 -1273.7603
307 -1276.2575
308 -1285.5628
309 -1280.4718
310 -1223.1915
311 -1276.7066
312 -1292.7294
313 -1284.6132
314 -1294.345
315 -1258.6585
316 -1262.9813
317 -1256.6783
318 -1252.8305
319 -1260.5394
320 -1268.2741
321 -1280.7142
322 -1190.3484
323 -1288.3142
324 -1290.3327
325 -1293.6963
326 -1248.9311
327 -954.71728
328 -1289.6079
329 -1257.7753
330 -1221.8894
331 -958.22953
332 -1309.3465
333 -1259.1899
334 -1205.0436
335 -1298.271
336 -1299.1984
337 -1294.1206
338 -1308.1969
339 -1159.0457
340 -1311.7985
341 -1310.3659
342 -1312.2531
343 -1311.8017
344 -1304.6605
345 -1256.1965
346 -1310.1597
347 -1277.2798
348 -1238.0767
349 -1287.5396
350 -1271.5866
351 -1293.5896
352 -1071.8249
353 -1313.087
354 -1292.7035
355 -1303.0698
356 -1310.5541
357 -1309.8821
358 -1313.2355
359 -1309.8123
360 -1296.8855
361 -1270.6233
362 -1311.9123
363 -1302.5274
364 -1254.459
365 -1276.5868
366 -1168.7548
367 -1215.8566
368 -1315.3841
369 -1262.353
370 -1312.4655
371 -1307.7886
372 -1298.5767
373 -1297.3076
374 -1299.7412
375 -1311.4844
376 -1307.6574
377 -1302.7467
378 -1301.7567
379 -1310.5612
380 -1321.3679
381 -1330.0913
382 -1330.3636
383 -1322.7439
384 -1339.4425
385 -1270.988
386 -1284.0898
387 -1308.3255
388 -1338.6942
389 -1337.5436
390 -1339.149
391 -1334.359
392 -1334.5054
393 -1332.6875
394 -1320.3973
395 -1315.122
396 -1314.3502
397 -1338.9299
398 -1338.2517
399 -1041.7608
400 -1331.2142
401 -1337.9036
402 -1323.6909
403 -1333.8526
404 -1313.8839
405 -1326.8732
406 -1339.2514
407 -1328.2744
408 -1334.8977
409 -1321.7403
410 -1331.4565
411 -1336.2902
412 -1287.7438
413 -1157.608
414 -1339.8798
415 -1281.6544
416 -1340.68
417 -1324.7293
418 -1317.9632
419 -1336.6491
420 -1339.7632
421 -1337.0613
422 -1305.7829
423 -1338.0584
424 -1325.4091
425 -1340.6183
426 -1335.9654
427 -1322.4517
428 -1340.9368
429 -1265.144
430 -1305.0411
431 -1338.3052
432 -1169.333
433 -1339.7117
434 -1350.3922
435 -1260.9876
436 -1350.6582
437 -1290.2372
438 -1328.5763
439 -1302.9665
440 -1352.9133
441 -1139.7452
442 -1346.0119
443 -1350.3098
444 -1344.6777
445 -1357.251
446 -1328.3629
447 -1325.2786
448 -1305.4445
449 -1345.7567
450 -1358.5215
451 -1327.5034
452 -1357.4457
453 -1273.7634
454 -1359.4782
455 -1348.8554
456 -1303.8336
457 -1355.9069
458 -1347.131
459 -1334.4081
460 -1293.6942
461 -1360.453
462 -1348.1454
463 -1361.2117
464 -1360.3629
465 -1294.0885
466 -1355.5279
467 -1326.8668
468 -1174.8504
469 -1354.3067
470 -1325.3931
471 -1360.9486
472 -1307.4748
473 -1346.436
474 -1349.3061
475 -1301.6099
476 -1362.554
477 -1163.6912
478 -1350.0359
479 -1160.2106
480 -1321.5803
481 -1359.2347
482 -1347.4676
483 -1351.8457
484 -1346.4804
485 -1362.0668
486 -1363.0882
487 -1272.5539
488 -1359.0102
489 -1336.1269
490 -1345.3952
491 -1245.5119
492 -1317.5028
493 -1362.5548
494 -1277.4369
495 -1348.6716
496 -1357.5129
497 -1352.1252
498 -1352.1714
499 -1362.0015
500 -1346.2264
