1 -1261.962
2 -1177.6008
3 -1214.0903
4 -1214.8213
5 -1290.1489
6
7
8
9
10 -1261.962
11 -1205.0116
12 -1222.634
13 -1238.5314
14 -1218.7235
15 -1191.0042
16 -844.43925
17 -1159.6656
18 -1132.2546
19 -1124.5169
20 -1177.6008
21 -1167.3865
22 -1130.7959
23 -1144.4981
24 -1179.1752
25 -1188.461
26 -1172.6285
27 -1144.3449
28 -1185.9265
29 -1234.317
30 -1214.0903
31 -1223.0061
32 -1232.4211
33 -1215.7837
34 -1229.8774
35 -1247.4936
36 -1270.3319
37 -1110.1385
38 -1254.0963
39 -1306.8232
40 -1214.8213
41 -1248.5022
42 -1294.2858
43 -1278.5438
44 -1014.7366
45 -1307.7841
46 -1325.4363
47 -1320.4402
48 -1340.1801
49 -1336.0601
50 -1290.1489
51
52
53
54
55
56
57
58
59
60
61
62
63
64
65
66
67
68
69
70
71
72
73
74
75
76
77
78
79
80
81
82
83
84
85
86
87
88
89
90
91
92
93
94
95
96
97
98
99
100 -1261.962
101 -1213.3563
102 -1256.8548
103 -1170.9092
104 -1246.9644
105 -1248.2618
106 -1249.0261
107 -1237.7356
108 -1216.5946
109 -1087.0267
110 -1205.0116
111 -1199.5024
112 -1241.0466
113 -1154.2712
114 -1248.436
115 -1258.2503
116 -1242.9239
117 -1239.1269
118 -1206.8228
119 -1239.8358
120 -1222.634
121 -1168.4392
122 -1193.3687
123 -1241.4766
124 -1257.1296
125 -1188.0659
126 -1249.247
127 -1243.7284
128 -1246.3388
129 -1265.6857
130 -1238.5314
131 -1255.7489
132 -1243.7657
133 -1231.5256
134 -1144.0266
135 -1225.5609
136 -1169.245
137 -1089.8476
138 -1202.1911
139 -1050.3115
140 -1218.7235
141 -999.09181
142 -1218.8781
143 -1195.1039
144 -1196.8535
145 -1201.4299
146 -1070.5059
147 -1197.4611
148 -999.22317
149 -1193.6115
150 -1191.0042
151 -1102.6472
152 -1164.9936
153 -1114.3512
154 -1143.3868
155 -1165.5021
156 -1168.9979
157 -1169.7212
158 -1085.5235
159 -1173.2904
160 -844.43925
161 -1156.2955
162 -1142.4077
163 -1165.8981
164 -1112.8953
165 -1138.204
166 -1169.2174
167 -1188.7902
168 -1163.0067
169 -736.85087
170 -1159.6656
171 -687.88058
172 -1161.7558
173 -1162.6848
174 -1166.3305
175 -978.07107
176 -1164.5175
177 -1166.3365
178 -1016.3444
179 -917.32597
180 -1132.2546
181 -1139.0532
182 -1008.5107
183 -1162.9714
184 -1133.3357
185 -1131.7715
186 -1174.7369
187 -965.85874
188 -1163.195
189 -453.25116
190 -1124.5169
191 -1056.7109
192 -1171.5449
193 -898.40224
194 -1132.3449
195 -1155.2926
196 -1099.7949
197 -1168.2031
198 -1144.4128
199 -1176.7332
200 -1177.6008
201 -1151.0828
202 -603.97865
203 -1149.9204
204 -1193.9494
205 -1193.9322
206 -1070.5442
207 -1193.4642
208 -1172.7211
209 -1187.4002
210 -1167.3865
211 -1185.8341
212 -1132.393
213 -1022.1993
214 -1194.4858
215 -1202.2076
216 -1199.2227
217 -1133.0025
218 -1182.945
219 -1180.8288
220 -1130.7959
221 -1183.879
222 -1177.9572
223 -957.25606
224 -1166.986
225 -1121.4749
226 -1200.1284
227 -1090.3816
228 -1195.2519
229 -1193.2356
230 -1144.4981
231 -1123.0387
232 -1196.9242
233 -1195.248
234 -1115.0744
235 -1176.6216
236 -1211.6909
237 -1171.2161
238 -1136.9434
239 -1187.2835
240 -1179.1752
241 -1212.047
242 -1072.7019
243 -1160.7618
244 -1202.2496
245 -1188.4357
246 -1204.6368
247 -1200.3363
248 -1193.0276
249 -1186.2938
250 -1188.461
251 -1188.4657
252 -1192.7981
253 -1196.0281
254 -1112.4277
255 -1123.9254
256 -1187.5409
257 -1035.4886
258 -1175.3257
259 -1168.2194
260 -1172.6285
261 -1172.9318
262 -1168.8625
263 -1116.3817
264 -975.06582
265 -1089.644
266 -1171.5463
267 -1176.5113
268 -1164.2531
269 -1168.7187
270 -1144.3449
271 -997.52779
272 -1199.3544
273 -1131.6917
274 -965.8312
275 -1163.5875
276 -1135.9448
277 -1212.7717
278 -1002.5478
279 -1074.5922
280 -1185.9265
281 -1211.6756
282 -1242.457
283 -1000.7868
284 -1247.9316
285 -1237.5986
286 -1242.8166
287 -1218.8362
288 -1231.6134
289 -1155.4686
290 -1234.317
291 -1211.7181
292 -1204.4938
293 -1235.0215
294 -1144.1388
295 -1181.2495
296 -1204.1389
297 -1236.4234
298 -976.76796
299 -1228.9945
300 -1214.0903
301 -1211.9519
302 -1132.002
303 -1152.0352
304 -1238.9839
305 -1221.4848
306 -1230.544
307 -1235.848
308 -1230.3052
309 -1206.7952
310 -1223.0061
311 -1218.9327
312 -1169.0766
313 -1213.1715
314 -1185.4596
315 -1224.9845
316 -1230.8315
317 -1234.5564
318 -1196.433
319 -1238.4577
320 -1232.4211
321 -1200.1472
322 -1237.3566
323 -1233.4094
324 -1229.5409
325 -1122.0755
326 -1235.5426
327 -1242.0272
328 -1238.684
329 -1201.9365
330 -1215.7837
331 -1219.4447
332 -1209.2668
333 -1209.7445
334 -1238.5629
335 -1222.341
336 -1257.4663
337 -1205.0593
338 -1199.0795
339 -1243.2972
340 -1229.8774
341 -1235.4899
342 -1251.9515
343 -1259.5028
344 -1226.3543
345 -1250.2541
346 -1260.0718
347 -1271.8561
348 -1230.3155
349 -1265.7619
350 -1247.4936
351 -877.69709
352 -1258.1425
353 -1030.1768
354 -1235.8603
355 -1249.5008
356 -1255.2136
357 -1273.3409
358 -1236.5983
359 -1281.425
360 -1270.3319
361 -1263.5051
362 -1285.4642
363 -1275.5702
364 -1285.2279
365 -1283.9761
366 -1273.3039
367 -1270.5426
368 -1294.9829
369 -1284.576
370 -1110.1385
371 -1185.5189
372 -1294.7732
373 -1300.823
374 -1301.1784
375 -1301.5471
376 -1288.1689
377 -1274.7427
378 -1288.9009
379 -1162.858
380 -1254.0963
381 -1271.2787
382 -1280.2446
383 -1254.6544
384 -1291.4056
385 -1295.7237
386 -1307.6229
387 -1301.8506
388 -1235.9264
389 -1306.002
390 -1306.8232
391 -1309.7581
392 -1293.3043
393 -1302.7723
394 -1235.1009
395 -1298.3129
396 -1309.518
397 -1312.0052
398 -1310.5713
399 -1309.2407
400 -1214.8213
401 -1288.5105
402 -1266.7232
403 -1281.3476
404 -1294.6176
405 -1300.9258
406 -1297.5622
407 -1308.3865
408 -1305.2348
409 -997.66412
410 -1248.5022
411 -1299.7181
412 -1299.2352
413 -1097.3689
414 -1150.7324
415 -800.55995
416 -1301.8484
417 -1172.018
418 -1307.5908
419 -1309.4214
420 -1294.2858
421 -1308.4836
422 -1194.0253
423 -1301.3628
424 -1265.448
425 -1274.8295
426 -1309.6968
427 -1314.1456
428 -1303.3564
429 -1198.6206
430 -1278.5438
431 -1262.3017
432 -1302.2413
433 -1312.0203
434 -1192.2623
435 -1266.0843
436 -1300.2094
437 -1314.3047
438 -1313.4279
439 -1313.5632
440 -1014.7366
441 -1316.1167
442 -1309.6738
443 -1311.836
444 -1315.6659
445 -1297.1481
446 -1313.9861
447 -1324.2297
448 -1297.7479
449 -1275.2035
450 -1307.7841
451 -1252.171
452 -1322.6494
453 -973.81615
454 -1249.848
455 -1314.9866
456 -1303.9181
457 -1306.901
458 -1278.6253
459 -1285.5337
460 -1325.4363
461 -1312.4621
462 -1309.9572
463 -1205.062
464 -1327.0936
465 -1323.0432
466 -1322.3826
467 -1316.5888
468 -1326.4351
469 -1295.7646
470 -1320.4402
471 -1300.6466
472 -1311.3059
473 -1332.499
474 -1329.4596
475 -1321.1017
476 -1332.9043
477 -1331.7925
478 -1141.369
479 -1322.1024
480 -1340.1801
481 -1316.4708
482 -1324.2594
483 -1331.0255
484 -1338.3136
485 -1285.1943
486 -1339.5647
487 -1341.8304
488 -1273.9135
489 -1337.8705
490 -1336.0601
491 -1293.3719
492 -1052.7056
493 -1341.9911
494 -1340.8116
495 -1296.0321
496 -1338.7608
497 -1341.151
498 -1332.9022
499 -1324.0509
500 -1290.1489
