1 -1261.962
2 -1177.6008
3 -1308.8758
4 -1317.1275
5 -1321.4978
6
7
8
9
10 -1261.962
11 -1205.0116
12 -1222.634
13 -1238.5314
14 -1218.7235
15 -1191.0042
16 -844.43925
17 -1159.6656
18 -1132.2546
19 -1124.5169
20 -1177.6008
21 -1173.9577
22 -1228.554
23 -1216.79
24 -1255.0949
25 -1155.5374
26 -1287.6743
27 -1280.289
28 -1294.083
29 -1297.543
30 -1308.8758
31 -982.26543
32 -1312.6726
33 -1329.0878
34 -1330.1822
35 -1313.202
36 -1317.6681
37 -1253.7004
38 -1290.5971
39 -1292.2485
40 -1317.1275
41 -1333.3127
42 -1321.0059
43 -1371.7225
44 -1376.5317
45 -1351.081
46 -1381.9153
47 -1355.0714
48 -1383.2666
49 -1382.5875
50 -1321.4978
51
52
53
54
55
56
57
58
59
60
61
62
63
64
65
66
67
68
69
70
71
72
73
74
75
76
77
78
79
80
81
82
83
84
85
86
87
88
89
90
91
92
93
94
95
96
97
98
99
100 -1261.962
101 -1213.3563
102 -1256.8548
103 -1170.9092
104 -1246.9644
105 -1248.2618
106 -1249.0261
107 -1237.7356
108 -1216.5946
109 -1087.0267
110 -1205.0116
111 -1199.5024
112 -1241.0466
113 -1154.2712
114 -1248.436
115 -1258.2503
116 -1242.9239
117 -1239.1269
118 -1206.8228
119 -1239.8358
120 -1222.634
121 -1168.4392
122 -1193.3687
123 -1241.4766
124 -1257.1296
125 -1188.0659
126 -1249.247
127 -1243.7284
128 -1246.3388
129 -1265.6857
130 -1238.5314
131 -1255.7489
132 -1243.7657
133 -1231.5256
134 -1144.0266
135 -1225.5609
136 -1169.245
137 -1089.8476
138 -1202.1911
139 -1050.3115
140 -1218.7235
141 -999.09181
142 -1218.8781
143 -1195.1039
144 -1196.8535
145 -1201.4299
146 -1070.5059
147 -1197.4611
148 -999.22317
149 -1193.6115
150 -1191.0042
151 -1102.6472
152 -1164.9936
153 -1114.3512
154 -1143.3868
155 -1165.5021
156 -1168.9979
157 -1169.7212
158 -1085.5235
159 -1173.2904
160 -844.43925
161 -1156.2955
162 -1142.4077
163 -1165.8981
164 -1112.8953
165 -1138.204
166 -1169.2174
167 -1188.7902
168 -1163.0067
169 -736.85087
170 -1159.6656
171 -687.88058
172 -1161.7558
173 -1162.6848
174 -1166.3305
175 -978.07107
176 -1164.5175
177 -1166.3365
178 -1016.3444
179 -917.32597
180 -1132.2546
181 -1139.0532
182 -1008.5107
183 -1162.9714
184 -1133.3357
185 -1131.7715
186 -1174.7369
187 -965.85874
188 -1163.195
189 -453.25116
190 -1124.5169
191 -1056.7109
192 -1171.5449
193 -898.40224
194 -1132.3449
195 -1155.2926
196 -1099.7949
197 -1168.2031
198 -1144.4128
199 -1176.7332
200 -1177.6008
201 -1151.0828
202 -603.97865
203 -1149.9204
204 -1193.9494
205 -1193.9322
206 -1070.0828
207 -1193.4812
208 -1173.1881
209 -1187.8911
210 -1173.9577
211 -1192.4116
212 -1142.2066
213 -1030.3092
214 -1202.3547
215 -1193.7933
216 -1226.092
217 -1219.5561
218 -1213.0526
219 -1224.3896
220 -1228.554
221 -1195.5409
222 -1226.2664
223 -1002.4933
224 -1225.9038
225 -1196.116
226 -1245.3092
227 -1199.3651
228 -1240.8476
229 -1238.5392
230 -1216.79
231 -1171.8255
232 -1244.214
233 -1239.4456
234 -1156.528
235 -1229.6506
236 -1262.1828
237 -1214.2705
238 -1254.6707
239 -1257.5298
240 -1255.0949
241 -1262.8184
242 -1250.5508
243 -1171.3275
244 -1257.6611
245 -1252.0734
246 -1256.4133
247 -1127.9407
248 -1248.4496
249 -1072.3981
250 -1155.5374
251 -1265.6258
252 -1273.6041
253 -1259.826
254 -1211.3079
255 -1223.1193
256 -1287.4489
257 -1284.0665
258 -1261.9999
259 -1261.9098
260 -1287.6743
261 -1294.2539
262 -1287.8721
263 -1013.9346
264 -1258.4579
265 -1256.6219
266 -1274.5825
267 -1290.769
268 -1241.2699
269 -1268.0008
270 -1280.289
271 -768.31185
272 -1238.0643
273 -1273.8375
274 -1274.0685
275 -1302.9401
276 -1303.4381
277 -1030.882
278 -1293.5807
279 -1203.1685
280 -1294.083
281 -1209.1365
282 -1283.2369
283 -1157.0111
284 -1087.5093
285 -1271.3233
286 -1287.2256
287 -1292.9126
288 -1258.5617
289 -1264.0628
290 -1297.543
291 -1244.0822
292 -1305.883
293 -1269.1242
294 -1210.4734
295 -1301.9003
296 -1303.3916
297 -1258.5116
298 -1298.331
299 -1281.1468
300 -1308.8758
301 -1275.9066
302 -1311.5798
303 -1310.29
304 -1279.1721
305 -1305.8985
306 -1310.5504
307 -1314.0841
308 -1288.4345
309 -1266.6965
310 -982.26543
311 -1274.801
312 -1310.6976
313 -1304.9185
314 -1096.0794
315 -1244.8971
316 -1288.8714
317 -1109.2848
318 -1304.7376
319 -1280.4662
320 -1312.6726
321 -1303.5082
322 -1308.9231
323 -1323.6071
324 -1304.2555
325 -1314.6854
326 -1322.2385
327 -1314.111
328 -1305.7794
329 -1256.4988
330 -1329.0878
331 -1323.7763
332 -1186.7527
333 -1315.3494
334 -1307.699
335 -1329.9699
336 -1302.2756
337 -1327.5593
338 -1083.7659
339 -1323.656
340 -1330.1822
341 -1313.102
342 -1328.4036
343 -1305.5132
344 -1303.6913
345 -1241.9168
346 -1286.8759
347 -1325.0322
348 -1301.8733
349 -1251.3401
350 -1313.202
351 -1303.9788
352 -1315.2057
353 -1316.035
354 -1314.8343
355 -1331.4268
356 -1325.2063
357 -1329.8848
358 -1329.0859
359 -1327.4739
360 -1317.6681
361 -1325.1677
362 -1317.2474
363 -1334.8615
364 -1299.7703
365 -1264.1185
366 -1241.638
367 -1327.8809
368 -1332.0743
369 -1273.9708
370 -1253.7004
371 -1324.996
372 -1334.3748
373 -1295.6329
374 -1337.7259
375 -1307.7695
376 -1264.1735
377 -1286.0073
378 -1278.5631
379 -1306.5747
380 -1290.5971
381 -1330.2386
382 -1326.6376
383 -1291.7674
384 -1301.3645
385 -1312.5549
386 -1333.868
387 -1300.7233
388 -1311.9943
389 -1333.5892
390 -1292.2485
391 -1340.4274
392 -1331.4372
393 -1337.191
394 -1338.6049
395 -1325.4466
396 -1339.4823
397 -1250.9374
398 -1309.5411
399 -1339.8139
400 -1317.1275
401 -1321.766
402 -1327.1756
403 -1226.9966
404 -1310.6651
405 -1336.8299
406 -1340.1501
407 -1330.4812
408 -1317.669
409 -1307.2821
410 -1333.3127
411 -1245.0015
412 -1331.806
413 -1333.4209
414 -1332.2081
415 -1330.758
416 -1302.9852
417 -1331.5682
418 -1340.267
419 -1307.8572
420 -1321.0059
421 -1309.8707
422 -1291.3896
423 -1340.808
424 -1317.7355
425 -1331.1449
426 -1339.1441
427 -1027.7857
428 -1375.5381
429 -1363.0168
430 -1371.7225
431 -1355.4759
432 -1373.7205
433 -1350.1362
434 -1374.5294
435 -1040.9554
436 -1376.3329
437 -1259.3362
438 -1373.4849
439 -1374.7781
440 -1376.5317
441 -1364.8942
442 -1344.0635
443 -1347.63
444 -1240.7711
445 -1353.4974
446 -1350.8029
447 -1339.0846
448 -1345.7104
449 -1381.6329
450 -1351.081
451 -1375.1424
452 -1375.9678
453 -1314.421
454 -1375.7785
455 -1381.1974
456 -1275.9885
457 -1367.9481
458 -1364.9873
459 -1362.5651
460 -1381.9153
461 -1376.2897
462 -1355.4097
463 -1370.6834
464 -1381.6601
465 -1362.8593
466 -1359.016
467 -1346.4614
468 -1381.6153
469 -1367.1309
470 -1355.0714
471 -1383.211
472 -1332.3476
473 -1383.6517
474 -1382.1028
475 -1332.114
476 -1368.5893
477 -1383.7109
478 -1350.5733
479 -1378.6235
480 -1383.2666
481 -1329.92
482 -1357.7342
483 -1377.9708
484 -1363.8212
485 -1365.3166
486 -1298.8428
487 -1335.7175
488 -1362.4739
489 -1384.9502
490 -1382.5875
491 -1325.7257
492 -1357.0185
493 -1384.6792
494 -1382.2948
495 -1380.3948
496 -1346.8635
497 -1333.0281
498 -1386.5005
499 -1374.6868
500 -1321.4978
