501 -1468.976
502 -1474.9897
503 -1448.7886
504 -1472.011
505 -1472.378
506 -1469.7917
507 -1451.762
508 -1474.1227
509 -1474.6728
510 -1467.5681
511 -1456.1511
512 -1458.6099
513 -1465.2754
514 -1472.2095
515 -1474.3274
516 -1464.4064
517 -1462.4908
518 -1406.6185
519 -1459.1988
520 -1449.6529
521 -1472.6423
522 -1446.0806
523 -1472.9586
524 -1449.6889
525 -1456.5534
526 -1460.2037
527 -1472.6349
528 -1473.4614
529 -1453.2293
530 -1474.3144
531 -1405.5062
532 -1462.573
533 -1462.6858
534 -1452.282
535 -1466.7583
536 -1473.7566
537 -1453.4728
538 -1470.0429
539 -1471.8235
540 -1471.8761
541 -1468.3208
542 -1448.9945
543 -1457.2597
544 -1470.7727
545 -1473.9088
546 -1446.5869
547 -1461.113
548 -1470.1945
549 -1453.1875
550 -1455.7039
551 -1449.7608
552 -1463.0385
553 -1466.1072
554 -1450.0714
555 -1474.5757
556 -1460.1779
557 -1464.8899
558 -1468.0108
559 -1449.8383
560 -1451.0172
561 -1474.7495
562 -1474.2755
563 -1450.6511
564 -1363.4409
565 -1474.138
566 -1468.5887
567 -1465.6313
568 -1469.6024
569 -1473.1997
570 -1452.1501
571 -1450.4669
572 -1472.6398
573 -1453.1893
574 -1473.1773
575 -1421.7032
576 -1472.1719
577 -1467.696
578 -1452.3063
579 -1458.9675
580 -1456.2855
581 -1464.1253
582 -1403.1979
583 -1470.7845
584 -1449.2457
585 -1464.7302
586 -1459.657
587 -1459.6768
588 -1458.0977
589 -1401.1663
590 -1472.9454
591 -1466.9714
592 -1464.1052
593 -1472.9726
594 -1454.6837
595 -1467.1833
596 -1458.3745
597 -1471.0029
598 -1452.544
599 -1442.1518
600 -1452.4162
601 -1475.2291
602 -1465.167
603 -1453.8106
604 -1460.5906
605 -1456.787
606 -1456.5744
607 -1472.4786
608 -1469.3245
609 -1460.0698
610 -1459.6428
611 -1457.4657
612 -1459.2167
613 -1461.1463
614 -1465.5171
615 -1472.889
616 -1474.3906
617 -1451.1386
618 -1446.5974
619 -1472.8265
620 -1447.0862
621 -1455.2203
622 -1443.2767
623 -1446.6644
624 -1461.8921
625 -1472.8438
626 -1445.8882
627 -1464.6969
628 -1472.7025
629 -1473.9188
630 -1443.3362
631 -1474.786
632 -1444.7367
633 -1462.521
634 -1452.0224
635 -1469.6957
636 -1473.7575
637 -1450.6827
638 -1474.6142
639 -1471.5024
640 -1452.3877
641 -1454.9416
642 -1443.7962
643 -1459.3816
644 -1452.946
645 -1474.9339
646 -1444.1038
647 -1474.2462
648 -1470.5518
649 -1461.9993
650 -1474.4557
651 -1443.7371
652 -1458.5628
653 -1469.0106
654 -1470.1389
655 -1468.2157
656 -1471.8083
657 -1461.4746
658 -1461.8283
659 -1457.3442
660 -1454.7015
661 -1452.6548
662 -1470.3942
663 -1475.121
664 -1473.742
665 -1472.071
666 -1473.4955
667 -1459.5304
668 -1470.7437
669 -1460.4955
670 -1469.7969
671 -1417.7536
672 -1465.9933
673 -1443.9183
674 -1459.1883
675 -1460.9502
676 -1422.2317
677 -1453.6719
678 -1468.3835
679 -1444.9274
680 -1454.4245
681 -1453.1708
682 -1471.0508
683 -1471.3838
684 -1466.8021
685 -1466.0461
686 -1474.3442
687 -1456.7028
688 -1472.3866
689 -1469.8792
690 -1459.95
691 -1471.3187
692 -1449.8396
693 -1461.3661
694 -1380.7818
695 -1397.3613
696 -1471.5218
697 -1473.568
698 -1449.4297
699 -1451.4169
700 -1435.047
701 -1466.4716
702 -1456.6516
703 -1448.9853
704 -1453.1643
705 -1461.1175
706 -1453.8873
707 -1472.7603
708 -1468.2501
709 -1441.63
710 -1463.6642
711 -1466.3898
712 -1458.4121
713 -1473.5602
714 -1447.8126
715 -1451.5734
716 -1456.0781
717 -1453.8554
718 -1468.2181
719 -1455.6515
720 -1438.8621
721 -1452.4138
722 -1470.776
723 -1467.3481
724 -1474.3726
725 -1470.1225
726 -1471.0542
727 -1470.2961
728 -1469.1735
729 -1458.8534
730 -1467.6003
731 -1463.9636
732 -1451.9753
733 -1446.5366
734 -1474.4725
735 -1451.9039
736 -1452.1767
737 -1467.1371
738 -1459.0432
739 -1464.3114
740 -1452.347
741 -1384.6858
742 -1473.3006
743 -1472.0465
744 -1450.7458
745 -1474.4901
746 -1459.6093
747 -1461.7806
748 -1443.8021
749 -1471.8011
750 -1455.8987
751 -1462.4387
752 -1473.3217
753 -1466.0827
754 -1474.0346
755 -1473.8899
756 -1471.8249
757 -1467.9476
758 -1463.4036
759 -1466.1705
760 -1475.0135
761 -1462.9706
762 -1469.0627
763 -1472.4639
764 -1450.0437
765 -1463.5398
766 -1462.2005
767 -1462.7943
768 -1452.3355
769 -1469.2036
770 -1467.5701
771 -1451.1118
772 -1473.994
773 -1458.7868
774 -1455.2872
775 -1473.4455
776 -1452.8541
777 -1428.7339
778 -1468.5223
779 -1455.9779
780 -1469.749
781 -1453.2094
782 -1459.6487
783 -1474.694
784 -1470.1046
785 -1465.163
786 -1454.328
787 -1470.2028
788 -1463.7539
789 -1466.7698
790 -1460.0953
791 -1451.2782
792 -1472.2468
793 -1454.8816
794 -1470.588
795 -1449.1358
796 -1454.138
797 -1461.9129
798 -1461.0275
799 -1474.6418
800 -1449.6766
801 -1463.9283
802 -1463.4833
803 -1471.8595
804 -1466.9263
805 -1469.9868
806 -1471.6337
807 -1462.4127
808 -1456.0791
809 -1459.1169
810 -1455.0957
811 -1471.7343
812 -1471.5319
813 -1474.2114
814 -1436.9887
815 -1473.4723
816 -1472.6542
817 -1450.8633
818 -1448.0014
819 -1470.9747
820 -1452.4769
821 -1475.1975
822 -1474.7462
823 -1470.0059
824 -1452.9844
825 -1468.7659
826 -1451.5888
827 -1471.4611
828 -1454.9955
829 -1452.641
830 -1458.7407
831 -1444.2745
832 -1449.1865
833 -1473.5329
834 -1453.3229
835 -1474.4352
836 -1456.3165
837 -1468.8512
838 -1462.474
839 -1465.9843
840 -1471.6358
841 -1451.1464
842 -1473.6619
843 -1473.0944
844 -1467.9753
845 -1451.1373
846 -1439.2565
847 -1467.0928
848 -1448.9737
849 -1474.3343
850 -1475.7843
851 -1453.3469
852 -1454.88
853 -1450.505
854 -1445.3818
855 -1472.4086
856 -1473.041
857 -1449.08
858 -1475.4427
859 -1455.7143
860 -1472.5806
861 -1478.6347
862 -1452.5049
863 -1454.8225
864 -1472.9146
865 -1446.0019
866 -1448.8402
867 -1457.7436
868 -1460.0133
869 -1472.026
870 -1473.9849
871 -1474.5173
872 -1467.9219
873 -1442.3175
874 -1478.2732
875 -1476.8978
876 -1472.6513
877 -1464.7199
878 -1466.8562
879 -1478.172
880 -1452.5251
881 -1477.9012
882 -1473.8958
883 -1451.8838
884 -1467.0932
885 -1476.141
886 -1472.9695
887 -1459.9063
888 -1452.9386
889 -1450.9157
890 -1455.1483
891 -1464.2959
892 -1447.999
893 -1462.5905
894 -1455.7044
895 -1470.8236
896 -1461.7551
897 -1462.5304
898 -1449.5876
899 -1458.1739
900 -1478.613
901 -1461.9889
902 -1472.5034
903 -1464.3499
904 -1455.387
905 -1477.5235
906 -1469.2953
907 -1460.7159
908 -1470.0487
909 -1478.122
910 -1451.4245
911 -1478.5945
912 -1463.8453
913 -1456.0245
914 -1474.6918
915 -1446.7431
916 -1441.9584
917 -1477.8632
918 -1477.9166
919 -1460.6932
920 -1468.1076
921 -1457.6341
922 -1457.8238
923 -1463.7699
924 -1463.9636
925 -1458.1924
926 -1456.7583
927 -1462.1975
928 -1470.7085
929 -1464.6703
930 -1478.3519
931 -1473.7216
932 -1459.1396
933 -1469.619
934 -1472.6912
935 -1459.7359
936 -1467.2955
937 -1475.4004
938 -1474.065
939 -1457.2467
940 -1478.5751
941 -1471.6968
942 -1474.7694
943 -1475.525
944 -1443.7302
945 -1453.8236
946 -1471.6162
947 -1448.2067
948 -1477.7
949 -1476.9886
950 -1461.5513
951 -1450.8447
952 -1474.5191
953 -1458.3424
954 -1477.3955
955 -1475.1454
956 -1447.0031
957 -1466.4868
958 -1474.4966
959 -1458.9607
960 -1477.6154
961 -1476.7133
962 -1473.5313
963 -1475.8024
964 -1460.9467
965 -1467.7745
966 -1463.4383
967 -1473.5668
968 -1423.2207
969 -1463.4242
970 -1468.5796
971 -1447.4155
972 -1466.7667
973 -1465.0775
974 -1477.8044
975 -1474.6471
976 -1468.7037
977 -1477.9433
978 -1454.2072
979 -1452.8071
980 -1464.163
981 -1458.1438
982 -1467.5491
983 -1465.8128
984 -1460.582
985 -1477.3406
986 -1476.0333
987 -1464.4308
988 -1469.0634
989 -1474.4285
990 -1466.8272
991 -1472.6152
992 -1472.6032
993 -1478.435
994 -1461.8081
995 -1454.2998
996 -1457.2342
997 -1465.9263
998 -1476.179
999 -1470.824
1000 -1457.8835
1001 -1459.7116
1002 -1437.7215
1003 -1477.3042
1004 -1452.1315
1005 -1464.3614
1006 -1450.3463
1007 -1463.5705
1008 -1461.9975
1009 -1452.9504
1010 -1469.1569
1011 -1456.3389
1012 -1461.2407
1013 -1461.4102
1014 -1462.5174
1015 -1460.2875
1016 -1466.7238
1017 -1463.688
1018 -1463.9459
1019 -1477.5761
1020 -1478.0857
1021 -1467.3197
1022 -1460.2257
1023 -1473.2891
1024 -1455.3517
1025 -1475.6133
1026 -1449.8625
1027 -1473.8899
1028 -1456.4883
1029 -1454.0181
1030 -1461.8076
1031 -1465.3321
1032 -1471.4139
1033 -1450.8959
1034 -1459.2117
1035 -1470.7758
1036 -1462.7093
1037 -1465.8046
1038 -1455.9422
1039 -1457.5669
1040 -1476.25
1041 -1472.9085
1042 -1462.0303
1043 -1474.204
1044 -1437.1695
1045 -1456.0947
1046 -1466.05
1047 -1472.8084
1048 -1454.9298
1049 -1451.3574
1050 -1455.1198
1051 -1467.3634
1052 -1448.2402
1053 -1440.5072
1054 -1471.8187
1055 -1468.9754
1056 -1470.6928
1057 -1474.902
1058 -1457.9986
1059 -1476.2898
1060 -1474.1858
1061 -1468.6138
1062 -1477.3417
1063 -1456.9857
1064 -1476.5711
1065 -1464.7827
1066 -1475.384
1067 -1413.6106
1068 -1466.319
1069 -1468.8285
1070 -1476.1914
1071 -1455.0162
1072 -1468.6617
1073 -1460.2928
1074 -1461.8639
1075 -1461.6501
1076 -1462.6584
1077 -1478.2434
1078 -1478.5726
1079 -1455.1399
1080 -1466.6618
1081 -1450.0611
1082 -1478.6225
1083 -1466.3522
1084 -1478.4043
1085 -1465.2011
1086 -1444.6774
1087 -1445.2527
1088 -1472.7894
1089 -1456.7675
1090 -1473.9858
1091 -1472.6304
1092 -1475.3591
1093 -1466.4304
1094 -1472.573
1095 -1478.08
1096 -1465.7513
1097 -1473.1385
1098 -1472.7635
1099 -1462.091
1100 -1461.0197
1101 -1463.9318
1102 -1469.5773
1103 -1476.5277
1104 -1449.0946
1105 -1476.9776
1106 -1476.8795
1107 -1474.7211
1108 -1474.8276
1109 -1478.0474
1110 -1476.4324
1111 -1462.9096
1112 -1475.8049
1113 -1459.0625
1114 -1471.2564
1115 -1472.7787
1116 -1468.236
1117 -1467.7084
1118 -1463.1624
1119 -1466.1081
1120 -1472.0879
1121 -1462.2715
1122 -1461.3954
1123 -1471.9557
1124 -1477.4477
1125 -1466.7007
1126 -1452.5006
1127 -1472.993
1128 -1470.6661
1129 -1449.5891
1130 -1461.5105
1131 -1471.9932
1132 -1456.3824
1133 -1474.4536
1134 -1469.3832
1135 -1475.7237
1136 -1469.0632
1137 -1472.9883
1138 -1467.9365
1139 -1468.7843
1140 -1471.6314
1141 -1468.9238
1142 -1453.8363
1143 -1442.2895
1144 -1473.1505
1145 -1464.5483
1146 -1457.326
1147 -1476.8613
1148 -1478.5018
1149 -1476.4755
1150 -1465.43
1151 -1467.7923
1152 -1473.6312
1153 -1465.5199
1154 -1460.6589
1155 -1475.7827
1156 -1476.1661
1157 -1477.1583
1158 -1460.5504
1159 -1462.4797
1160 -1455.9006
1161 -1476.3807
1162 -1475.6157
1163 -1478.2561
1164 -1464.2134
1165 -1470.5123
1166 -1473.3555
1167 -1471.0524
1168 -1470.0912
1169 -1476.4201
1170 -1460.5708
1171 -1452.0771
1172 -1473.676
1173 -1472.9548
1174 -1469.2265
1175 -1468.8832
1176 -1456.1988
1177 -1462.3011
1178 -1454.9204
1179 -1464.898
1180 -1452.2471
1181 -1446.6818
1182 -1458.135
1183 -1472.2699
1184 -1456.3
1185 -1467.4767
1186 -1475.1299
1187 -1389.6781
1188 -1455.0955
1189 -1467.9811
1190 -1478.2782
1191 -1466.7313
1192 -1451.871
1193 -1463.4913
1194 -1474.5963
1195 -1462.6629
1196 -1467.9708
1197 -1460.8537
1198 -1462.565
1199 -1470.9239
1200 -1460.0053
1201 -1474.1941
1202 -1475.0359
1203 -1462.4667
1204 -1476.476
1205 -1466.8565
1206 -1462.3269
1207 -1474.803
1208 -1439.7147
1209 -1463.057
1210 -1476.3065
1211 -1454.2945
1212 -1472.403
1213 -1453.0477
1214 -1476.3999
1215 -1472.3728
1216 -1473.6699
1217 -1459.3231
1218 -1459.4295
1219 -1473.1195
1220 -1477.0041
1221 -1465.1931
1222 -1476.3606
1223 -1473.3163
1224 -1473.2631
1225 -1478.1048
1226 -1472.5763
1227 -1444.951
1228 -1459.1969
1229 -1468.5384
1230 -1462.9531
1231 -1475.2355
1232 -1460.0537
1233 -1472.4167
1234 -1462.9997
1235 -1455.5349
1236 -1478.2267
1237 -1471.1612
1238 -1476.3794
1239 -1464.8693
1240 -1473.1421
1241 -1456.4488
1242 -1462.4215
1243 -1472.9119
1244 -1450.8231
1245 -1464.977
1246 -1459.6731
1247 -1478.2635
1248 -1466.3924
1249 -1458.1312
1250 -1473.2793
1251 -1453.9223
1252 -1450.5493
1253 -1465.2556
1254 -1472.7031
1255 -1475.105
1256 -1433.0897
1257 -1468.7927
1258 -1468.1184
1259 -1476.9401
1260 -1477.4836
1261 -1466.0747
1262 -1476.5176
1263 -1452.3252
1264 -1467.0262
1265 -1475.8616
1266 -1473.4076
1267 -1471.4381
1268 -1466.0472
1269 -1451.904
1270 -1467.3531
1271 -1478.5442
1272 -1478.54
1273 -1455.0988
1274 -1466.9561
1275 -1450.4711
1276 -1451.3815
1277 -1472.3396
1278 -1455.2242
1279 -1478.2041
1280 -1477.6539
1281 -1477.3819
1282 -1475.4559
1283 -1457.7754
1284 -1471.1266
1285 -1457.3555
1286 -1475.8833
1287 -1471.3325
1288 -1474.3314
1289 -1467.3585
1290 -1475.983
1291 -1478.0273
1292 -1467.4709
1293 -1466.2575
1294 -1473.1562
1295 -1473.731
1296 -1430.8681
1297 -1467.9965
1298 -1475.381
1299 -1469.7902
1300 -1462.7809
1301 -1451.3784
1302 -1473.7546
1303 -1465.1081
1304 -1466.0644
1305 -1460.7951
1306 -1471.2347
1307 -1474.5091
1308 -1454.8455
1309 -1468.7801
1310 -1479.7231
1311 -1466.385
1312 -1476.0466
1313 -1474.1468
1314 -1471.8758
1315 -1462.9493
1316 -1458.0544
1317 -1465.8671
1318 -1478.5155
1319 -1476.7303
1320 -1458.4497
1321 -1466.8438
1322 -1454.9252
1323 -1462.9445
1324 -1452.5658
1325 -1458.2133
1326 -1452.9393
1327 -1465.1683
1328 -1468.5204
1329 -1450.9651
1330 -1473.4748
1331 -1466.3453
1332 -1478.9356
1333 -1465.5866
1334 -1472.8021
1335 -1455.2791
1336 -1466.667
1337 -1452.7801
1338 -1475.383
1339 -1478.0282
1340 -1479.1913
1341 -1457.2516
1342 -1470.9171
1343 -1447.5107
1344 -1466.9132
1345 -1457.6488
1346 -1473.4181
1347 -1473.8813
1348 -1478.6154
1349 -1467.9633
1350 -1464.2853
1351 -1471.7766
1352 -1478.555
1353 -1465.5071
1354 -1472.6922
1355 -1471.0996
1356 -1474.4849
1357 -1453.1164
1358 -1476.7673
1359 -1475.7431
1360 -1450.4643
1361 -1463.959
1362 -1461.5357
1363 -1455.5483
1364 -1472.5308
1365 -1473.0419
1366 -1477.9655
1367 -1471.2893
1368 -1469.2583
1369 -1467.1484
1370 -1470.8337
1371 -1473.0382
1372 -1463.3304
1373 -1456.6892
1374 -1477.9452
1375 -1468.9072
1376 -1466.1747
1377 -1478.7416
1378 -1456.9819
1379 -1456.8087
1380 -1479.3942
1381 -1473.5626
1382 -1470.8525
1383 -1476.992
1384 -1462.286
1385 -1476.1067
1386 -1472.0024
1387 -1468.0946
1388 -1452.076
1389 -1479.0108
1390 -1465.6857
1391 -1430.1095
1392 -1472.6191
1393 -1478.1417
1394 -1464.8625
1395 -1464.2517
1396 -1473.2226
1397 -1470.5998
1398 -1472.0306
1399 -1478.1302
1400 -1473.0858
1401 -1478.7396
1402 -1477.6628
1403 -1468.5164
1404 -1478.3039
1405 -1464.5546
1406 -1448.847
1407 -1459.6852
1408 -1454.0777
1409 -1455.0359
1410 -1462.5631
1411 -1412.6701
1412 -1474.0187
1413 -1467.9647
1414 -1451.0639
1415 -1469.7648
1416 -1463.1978
1417 -1473.5893
1418 -1475.0581
1419 -1458.422
1420 -1476.7131
1421 -1447.48
1422 -1463.3851
1423 -1451.5175
1424 -1470.0376
1425 -1475.8749
1426 -1454.4501
1427 -1466.3184
1428 -1455.0119
1429 -1456.6653
1430 -1474.6572
1431 -1474.0836
1432 -1473.6735
1433 -1473.5463
1434 -1471.1175
1435 -1477.563
1436 -1446.3437
1437 -1458.8711
1438 -1472.4765
1439 -1467.1372
1440 -1462.404
1441 -1469.2332
1442 -1462.115
1443 -1477.5133
1444 -1456.6813
1445 -1477.5224
1446 -1477.3357
1447 -1443.7131
1448 -1472.457
1449 -1478.6337
1450 -1465.418
1451 -1476.59
1452 -1470.7297
1453 -1477.4931
1454 -1478.168
1455 -1479.5302
1456 -1478.0586
1457 -1476.7474
1458 -1479.6351
1459 -1478.3797
1460 -1477.9684
1461 -1479.7177
1462 -1478.1408
1463 -1477.3706
1464 -1468.0823
1465 -1479.0951
1466 -1479.1674
1467 -1470.7188
1468 -1464.5315
1469 -1476.0924
1470 -1470.5606
1471 -1476.6977
1472 -1474.5148
1473 -1456.2592
1474 -1456.9478
1475 -1477.9897
1476 -1471.3173
1477 -1461.3165
1478 -1473.581
1479 -1473.9003
1480 -1471.9788
1481 -1479.3945
1482 -1454.929
1483 -1457.3701
1484 -1471.374
1485 -1453.9477
1486 -1478.2307
1487 -1471.6093
1488 -1461.1151
1489 -1452.8023
1490 -1425.7723
1491 -1479.8793
1492 -1451.1501
1493 -1472.2426
1494 -1479.6675
1495 -1475.458
1496 -1470.5479
1497 -1469.9124
1498 -1479.6828
1499 -1466.3494
1500 -1476.2799
1501 -1447.0804
1502 -1453.4063
1503 -1472.8574
1504 -1441.2327
1505 -1469.1609
1506 -1470.7198
1507 -1456.7001
1508 -1478.0026
1509 -1458.8671
1510 -1470.8571
1511 -1471.7681
1512 -1441.2268
1513 -1459.605
1514 -1460.9096
1515 -1475.0165
1516 -1477.751
1517 -1466.0673
1518 -1478.1384
1519 -1468.8597
1520 -1473.1628
1521 -1478.636
1522 -1472.1787
1523 -1463.1336
1524 -1476.0616
1525 -1474.5491
1526 -1475.6396
1527 -1479.6302
1528 -1454.3835
1529 -1472.9643
1530 -1447.9647
1531 -1473.1222
1532 -1472.342
1533 -1469.8598
1534 -1479.7681
1535 -1478.4954
1536 -1470.2479
1537 -1469.31
1538 -1472.6659
1539 -1476.4587
1540 -1466.9863
1541 -1476.3738
1542 -1467.8659
1543 -1470.8891
1544 -1478.0284
1545 -1476.4174
1546 -1459.8959
1547 -1459.6101
1548 -1471.3143
1549 -1458.4521
1550 -1472.9757
1551 -1464.1219
1552 -1469.8848
1553 -1474.3826
1554 -1456.2159
1555 -1469.2293
1556 -1469.8804
1557 -1452.5069
1558 -1457.9294
1559 -1469.6847
1560 -1464.2778
1561 -1455.4045
1562 -1465.724
1563 -1467.6912
1564 -1474.1458
1565 -1459.0559
1566 -1473.6483
1567 -1472.4611
1568 -1472.553
1569 -1477.4962
1570 -1455.1019
1571 -1477.8692
1572 -1463.5094
1573 -1456.0878
1574 -1467.8584
1575 -1466.8229
1576 -1476.6215
1577 -1462.4972
1578 -1468.2474
1579 -1454.2904
1580 -1446.9588
1581 -1479.2815
1582 -1471.811
1583 -1447.0059
1584 -1454.8528
1585 -1466.112
1586 -1477.4206
1587 -1478.4295
1588 -1447.3587
1589 -1471.8768
1590 -1475.7846
1591 -1457.3678
1592 -1462.7742
1593 -1475.1116
1594 -1475.9551
1595 -1453.0129
1596 -1471.6738
1597 -1474.1811
1598 -1476.7778
1599 -1477.4407
1600 -1453.6169
1601 -1474.4824
1602 -1476.0742
1603 -1461.3718
1604 -1434.3095
1605 -1470.4561
1606 -1467.1028
1607 -1478.0244
1608 -1448.5748
1609 -1466.6268
1610 -1466.7227
1611 -1477.0762
1612 -1478.792
1613 -1473.2758
1614 -1462.997
1615 -1477.832
1616 -1474.1663
1617 -1465.8685
1618 -1478.329
1619 -1460.9084
1620 -1455.4864
1621 -1475.2337
1622 -1473.4898
1623 -1451.8464
1624 -1479.0238
1625 -1460.6381
1626 -1455.3994
1627 -1473.5014
1628 -1472.6678
1629 -1456.8359
1630 -1475.2039
1631 -1458.5714
1632 -1451.1023
1633 -1462.0742
1634 -1479.6187
1635 -1447.1082
1636 -1470.5358
1637 -1476.8363
1638 -1470.846
1639 -1454.1613
1640 -1459.2784
1641 -1479.3581
1642 -1479.0603
1643 -1468.5439
1644 -1472.04
1645 -1478.784
1646 -1459.939
1647 -1475.6607
1648 -1477.4739
1649 -1478.5657
1650 -1468.8539
1651 -1457.6345
1652 -1478.2917
1653 -1456.6859
1654 -1448.0586
1655 -1467.6405
1656 -1478.0228
1657 -1478.0434
1658 -1472.9006
1659 -1473.9566
1660 -1479.8051
1661 -1453.6611
1662 -1479.0522
1663 -1470.4235
1664 -1462.3463
1665 -1471.4741
1666 -1476.3623
1667 -1469.6428
1668 -1461.2424
1669 -1472.1114
1670 -1466.4149
1671 -1470.1268
1672 -1478.1423
1673 -1458.779
1674 -1459.8359
1675 -1472.6406
1676 -1463.8426
1677 -1478.0035
1678 -1473.8078
1679 -1470.4275
1680 -1464.0802
1681 -1479.3495
1682 -1469.7947
1683 -1474.3878
1684 -1458.2267
1685 -1458.7414
1686 -1446.309
1687 -1470.4747
1688 -1474.639
1689 -1450.8867
1690 -1478.4879
1691 -1447.4505
1692 -1476.2321
1693 -1468.0752
1694 -1451.9588
1695 -1478.9658
1696 -1473.8237
1697 -1475.0479
1698 -1474.6046
1699 -1459.7543
1700 -1464.5723
1701 -1461.6538
1702 -1451.0876
1703 -1473.9436
1704 -1479.0836
1705 -1474.7064
1706 -1472.6592
1707 -1452.3284
1708 -1479.7684
1709 -1474.9002
1710 -1475.3131
1711 -1462.9503
1712 -1479.4461
1713 -1466.4295
1714 -1478.6969
1715 -1471.6447
1716 -1453.0702
1717 -1479.8654
1718 -1466.9515
1719 -1471.2079
1720 -1464.0552
1721 -1461.7242
1722 -1473.9887
1723 -1461.572
1724 -1460.5028
1725 -1463.8569
1726 -1454.1333
1727 -1459.1652
1728 -1449.2853
1729 -1475.8998
1730 -1478.5991
1731 -1461.9804
1732 -1473.3202
1733 -1478.5735
1734 -1454.4055
1735 -1474.7618
1736 -1472.2311
1737 -1474.5104
1738 -1459.0722
1739 -1477.5417
1740 -1476.0783
1741 -1475.1858
1742 -1476.5959
1743 -1474.1682
1744 -1463.8584
1745 -1472.6628
1746 -1469.7691
1747 -1464.1977
1748 -1475.857
1749 -1471.3001
1750 -1475.444
1751 -1457.62
1752 -1462.5649
1753 -1460.1969
1754 -1473.2669
1755 -1471.5771
1756 -1459.0117
1757 -1479.7617
1758 -1473.7762
1759 -1461.7138
1760 -1478.8503
1761 -1471.9127
1762 -1471.8811
1763 -1465.0607
1764 -1455.6327
1765 -1465.5912
1766 -1460.291
1767 -1479.3084
1768 -1476.7928
1769 -1475.946
1770 -1467.2907
1771 -1472.7612
1772 -1472.7604
1773 -1463.2032
1774 -1478.9879
1775 -1470.727
1776 -1453.9646
1777 -1461.6475
1778 -1476.669
1779 -1450.9645
1780 -1471.3882
1781 -1467.243
1782 -1477.5931
1783 -1459.6582
1784 -1467.8258
1785 -1453.1044
1786 -1455.0245
1787 -1452.1378
1788 -1457.1754
1789 -1461.8116
1790 -1456.1149
1791 -1466.6046
1792 -1460.4566
1793 -1473.8079
1794 -1461.2168
1795 -1478.6722
1796 -1477.7681
1797 -1465.4509
1798 -1449.2246
1799 -1473.935
1800 -1476.7744
1801 -1469.6421
1802 -1466.3225
1803 -1471.4038
1804 -1454.2353
1805 -1470.1825
1806 -1464.1202
1807 -1465.1788
1808 -1465.395
1809 -1467.3619
1810 -1479.2965
1811 -1461.4411
1812 -1464.3634
1813 -1462.685
1814 -1454.4654
1815 -1474.1874
1816 -1453.8341
1817 -1454.7043
1818 -1479.5703
1819 -1478.2541
1820 -1468.0496
1821 -1458.2534
1822 -1454.5615
1823 -1476.2488
1824 -1455.7775
1825 -1471.3091
1826 -1457.9118
1827 -1473.599
1828 -1475.4259
1829 -1479.5838
1830 -1472.351
1831 -1475.2455
1832 -1465.8171
1833 -1471.9687
1834 -1478.1839
1835 -1475.9688
1836 -1474.8449
1837 -1478.0375
1838 -1473.3269
1839 -1475.9743
1840 -1458.242
1841 -1466.3648
1842 -1461.1033
1843 -1475.6609
1844 -1460.4853
1845 -1476.7651
1846 -1454.4696
1847 -1477.7028
1848 -1472.4028
1849 -1478.8968
1850 -1472.9383
1851 -1464.265
1852 -1461.7868
1853 -1478.6627
1854 -1453.4916
1855 -1452.9222
1856 -1479.6288
1857 -1473.2494
1858 -1465.7553
1859 -1479.8892
1860 -1452.8409
1861 -1472.0725
1862 -1473.9756
1863 -1460.1877
1864 -1472.0168
1865 -1430.7402
1866 -1477.7559
1867 -1438.3372
1868 -1479.654
1869 -1459.5937
1870 -1460.36
1871 -1472.5728
1872 -1454.5706
1873 -1477.2805
1874 -1456.2276
1875 -1465.2764
1876 -1476.4591
1877 -1471.1685
1878 -1461.5024
1879 -1466.2439
1880 -1447.928
1881 -1450.6691
1882 -1462.3185
1883 -1459.0325
1884 -1478.0324
1885 -1467.2806
1886 -1467.2276
1887 -1465.1912
1888 -1475.9241
1889 -1462.3356
1890 -1462.1217
1891 -1456.5547
1892 -1471.9681
1893 -1472.1626
1894 -1457.6039
1895 -1477.9756
1896 -1474.1385
1897 -1470.5924
1898 -1458.8036
1899 -1470.3245
1900 -1464.8318
1901 -1474.1955
1902 -1449.0641
1903 -1473.6136
1904 -1460.7024
1905 -1467.271
1906 -1468.6383
1907 -1465.6118
1908 -1451.989
1909 -1475.1031
1910 -1464.8587
1911 -1474.5052
1912 -1477.4024
1913 -1473.0515
1914 -1477.4095
1915 -1447.8997
1916 -1455.9424
1917 -1466.97
1918 -1470.2822
1919 -1455.4911
1920 -1479.7945
1921 -1467.7573
1922 -1454.7642
1923 -1476.6014
1924 -1465.3394
1925 -1457.5103
1926 -1463.9202
1927 -1474.2207
1928 -1464.4557
1929 -1458.8933
1930 -1460.2766
1931 -1449.1787
1932 -1468.4623
1933 -1474.0094
1934 -1473.4235
1935 -1474.1843
1936 -1451.8673
1937 -1461.5987
1938 -1458.0844
1939 -1478.8317
1940 -1478.8293
1941 -1465.7093
1942 -1478.2229
1943 -1457.6672
1944 -1443.7147
1945 -1477.7889
1946 -1454.9034
1947 -1455.1049
1948 -1454.3381
1949 -1452.7223
1950 -1477.1458
1951 -1457.4762
1952 -1478.2647
1953 -1457.4805
1954 -1477.6669
1955 -1479.1164
1956 -1479.585
1957 -1473.0234
1958 -1479.5879
1959 -1470.6993
1960 -1459.6253
1961 -1477.8246
1962 -1454.749
1963 -1454.0274
1964 -1468.7551
1965 -1458.2786
1966 -1472.9357
1967 -1477.7289
1968 -1473.516
1969 -1462.8573
1970 -1476.2469
1971 -1464.4132
1972 -1476.0494
1973 -1444.1063
1974 -1459.9774
1975 -1476.4567
1976 -1458.1104
1977 -1454.069
1978 -1453.549
1979 -1445.7702
1980 -1470.4282
1981 -1472.9482
1982 -1479.2688
1983 -1462.5856
1984 -1474.1233
1985 -1471.5523
1986 -1476.7313
1987 -1476.7537
1988 -1476.6721
1989 -1475.6774
1990 -1454.892
1991 -1476.7861
1992 -1456.0009
1993 -1476.4007
1994 -1473.2459
1995 -1466.8534
1996 -1450.4164
1997 -1477.9852
1998 -1479.1254
1999 -1476.9591
2000 -1477.8085
2001 -1470.3575
2002 -1479.7939
2003 -1473.729
2004 -1470.6419
2005 -1462.5912
2006 -1479.3409
2007 -1467.9107
2008 -1457.0922
2009 -1454.5222
2010 -1465.6998
2011 -1461.7251
2012 -1479.6325
2013 -1476.2361
2014 -1459.8692
2015 -1474.995
2016 -1463.2781
2017 -1466.7877
2018 -1456.6343
2019 -1465.3659
2020 -1447.6004
2021 -1464.284
2022 -1463.9448
2023 -1457.245
2024 -1474.0882
2025 -1476.7835
2026 -1461.1629
2027 -1479.3056
2028 -1453.0638
2029 -1477.7851
2030 -1454.7519
2031 -1450.5789
2032 -1479.3003
2033 -1467.0552
2034 -1466.4913
2035 -1469.6009
2036 -1454.3378
2037 -1479.456
2038 -1467.109
2039 -1480.3121
2040 -1447.4135
2041 -1464.0545
2042 -1473.4873
2043 -1474.4347
2044 -1460.3737
2045 -1466.5617
2046 -1455.0316
2047 -1472.9501
2048 -1476.5489
2049 -1476.116
2050 -1472.391
2051 -1460.254
2052 -1468.1186
2053 -1454.1847
2054 -1465.8947
2055 -1471.1995
2056 -1477.0017
2057 -1476.582
2058 -1477.4849
2059 -1464.3778
2060 -1468.5063
2061 -1471.5567
2062 -1478.4991
2063 -1473.3476
2064 -1467.8571
2065 -1469.1105
2066 -1475.2425
2067 -1459.244
2068 -1470.1541
2069 -1475.8489
2070 -1475.5887
2071 -1458.1086
2072 -1466.3364
2073 -1479.044
2074 -1464.0442
2075 -1474.1477
2076 -1465.1671
2077 -1463.5678
2078 -1472.296
2079 -1463.4339
2080 -1469.7399
2081 -1459.1301
2082 -1467.3462
2083 -1464.9883
2084 -1442.602
2085 -1475.9498
2086 -1455.6443
2087 -1475.1555
2088 -1464.4389
2089 -1459.303
2090 -1465.6428
2091 -1449.0138
2092 -1469.0342
2093 -1456.8458
2094 -1479.8356
2095 -1460.6568
2096 -1472.762
2097 -1469.3244
2098 -1473.3561
2099 -1461.8204
2100 -1454.2107
2101 -1463.8429
2102 -1471.1747
2103 -1461.4769
2104 -1480.3466
2105 -1478.547
2106 -1468.6311
2107 -1468.96
2108 -1453.439
2109 -1464.3689
2110 -1474.5098
2111 -1463.4199
2112 -1475.3403
2113 -1479.0764
2114 -1468.0026
2115 -1476.628
2116 -1469.7553
2117 -1475.341
2118 -1477.6078
2119 -1465.5474
2120 -1472.0325
2121 -1472.7068
2122 -1454.4553
2123 -1452.6393
2124 -1461.4524
2125 -1472.0213
2126 -1479.3341
2127 -1468.1741
2128 -1474.9869
2129 -1455.4263
2130 -1464.4195
2131 -1459.364
2132 -1461.7594
2133 -1470.3933
2134 -1476.2547
2135 -1463.6412
2136 -1475.8334
2137 -1480.2146
2138 -1470.4502
2139 -1455.8418
2140 -1459.1404
2141 -1453.7443
2142 -1464.8175
2143 -1472.4444
2144 -1452.018
2145 -1476.5855
2146 -1478.0125
2147 -1456.3855
2148 -1475.3994
2149 -1461.1999
2150 -1450.7259
2151 -1465.3511
2152 -1478.2405
2153 -1476.0979
2154 -1471.2014
2155 -1452.7917
2156 -1475.0141
2157 -1439.2817
2158 -1472.4305
2159 -1462.7455
2160 -1460.6156
2161 -1479.8583
2162 -1453.9544
2163 -1471.4613
2164 -1477.4046
2165 -1462.2067
2166 -1475.8806
2167 -1467.1099
2168 -1466.3859
2169 -1458.0533
2170 -1453.4084
2171 -1476.7291
2172 -1454.8151
2173 -1467.8891
2174 -1478.8297
2175 -1462.5398
2176 -1479.8975
2177 -1468.9828
2178 -1479.7588
2179 -1471.2723
2180 -1445.0369
2181 -1464.2487
2182 -1477.1844
2183 -1457.3264
2184 -1479.4692
2185 -1463.5023
2186 -1472.6554
2187 -1472.2346
2188 -1461.7791
2189 -1476.8422
2190 -1479.1629
2191 -1479.3904
2192 -1470.5993
2193 -1475.0763
2194 -1462.9861
2195 -1467.5131
2196 -1477.8318
2197 -1454.6924
2198 -1443.135
2199 -1464.6852
2200 -1476.879
2201 -1472.3129
2202 -1468.4378
2203 -1447.8014
2204 -1470.9589
2205 -1463.5227
2206 -1476.6765
2207 -1472.6681
2208 -1479.6569
2209 -1464.9823
2210 -1466.9657
2211 -1475.1985
2212 -1476.3269
2213 -1452.367
2214 -1479.4442
2215 -1475.1231
2216 -1471.8659
2217 -1458.5061
2218 -1464.3373
2219 -1475.9543
2220 -1461.96
2221 -1458.7007
2222 -1467.39
2223 -1452.8539
2224 -1479.7562
2225 -1470.4069
2226 -1459.9398
2227 -1469.4035
2228 -1458.4989
2229 -1477.7545
2230 -1476.2174
2231 -1446.9251
2232 -1455.1608
2233 -1446.809
2234 -1474.3572
2235 -1476.349
2236 -1463.5876
2237 -1477.1685
2238 -1445.6939
2239 -1462.795
2240 -1450.1656
2241 -1476.4054
2242 -1471.9172
2243 -1459.021
2244 -1478.6479
2245 -1468.8663
2246 -1478.124
2247 -1475.8656
2248 -1465.211
2249 -1466.1032
2250 -1478.9224
2251 -1479.8074
2252 -1467.5217
2253 -1479.0712
2254 -1476.6872
2255 -1479.7858
2256 -1467.8678
2257 -1478.8631
2258 -1456.1956
2259 -1462.9866
2260 -1471.1431
2261 -1449.8725
2262 -1455.6842
2263 -1466.8884
2264 -1477.759
2265 -1463.8023
2266 -1477.987
2267 -1447.6808
2268 -1478.615
2269 -1467.9721
2270 -1475.079
2271 -1463.7872
2272 -1477.9501
2273 -1459.1629
2274 -1473.3036
2275 -1477.4422
2276 -1475.6438
2277 -1477.9837
2278 -1478.3324
2279 -1479.6714
2280 -1479.9219
2281 -1451.9774
2282 -1479.0736
2283 -1479.7428
2284 -1457.3811
2285 -1464.3477
2286 -1466.5322
2287 -1468.0585
2288 -1474.954
2289 -1468.5363
2290 -1477.4399
2291 -1473.9539
2292 -1464.5061
2293 -1465.874
2294 -1464.0763
2295 -1469.0643
2296 -1464.4262
2297 -1476.1364
2298 -1475.0822
2299 -1467.9249
2300 -1477.2245
2301 -1459.2637
2302 -1466.9441
2303 -1474.8103
2304 -1468.1021
2305 -1479.8854
2306 -1479.8937
2307 -1477.5858
2308 -1474.3495
2309 -1432.9276
2310 -1476.0593
2311 -1466.1206
2312 -1477.4735
2313 -1470.1695
2314 -1461.5955
2315 -1437.2721
2316 -1459.0536
2317 -1452.2803
2318 -1475.8576
2319 -1473.453
2320 -1461.5452
2321 -1466.0387
2322 -1465.8452
2323 -1464.8736
2324 -1473.9722
2325 -1472.6993
2326 -1472.4899
2327 -1472.3303
2328 -1462.3863
2329 -1463.1663
2330 -1478.1724
2331 -1464.091
2332 -1468.136
2333 -1456.4872
2334 -1466.3761
2335 -1455.9025
2336 -1470.595
2337 -1473.1781
2338 -1466.6924
2339 -1451.8996
2340 -1477.4557
2341 -1475.6837
2342 -1467.1306
2343 -1455.1387
2344 -1463.6828
2345 -1475.878
2346 -1461.1148
2347 -1474.912
2348 -1472.0742
2349 -1474.5597
2350 -1468.809
2351 -1451.6621
2352 -1478.1929
2353 -1468.5812
2354 -1477.0517
2355 -1462.397
2356 -1462.9109
2357 -1465.4334
2358 -1472.4868
2359 -1476.7756
2360 -1478.7279
2361 -1480.2114
2362 -1458.0607
2363 -1450.5617
2364 -1478.2207
2365 -1477.8442
2366 -1472.8855
2367 -1468.2345
2368 -1466.9701
2369 -1475.2338
2370 -1473.2533
2371 -1477.5068
2372 -1465.5737
2373 -1480.2025
2374 -1453.888
2375 -1462.9471
2376 -1466.3149
2377 -1478.8983
2378 -1477.9637
2379 -1468.7339
2380 -1479.9073
2381 -1477.0903
2382 -1464.678
2383 -1470.7488
2384 -1478.5113
2385 -1479.866
2386 -1466.0374
2387 -1466.8637
2388 -1470.4436
2389 -1466.6145
2390 -1478.9996
2391 -1470.6304
2392 -1476.747
2393 -1464.9049
2394 -1460.9794
2395 -1476.8972
2396 -1474.9048
2397 -1468.4991
2398 -1471.2813
2399 -1470.8209
2400 -1470.9645
2401 -1475.7037
2402 -1479.9978
2403 -1460.6009
2404 -1475.2962
2405 -1461.8872
2406 -1461.3179
2407 -1465.4933
2408 -1478.0107
2409 -1445.5627
2410 -1478.1444
2411 -1451.2155
2412 -1460.2676
2413 -1469.11
2414 -1456.4352
2415 -1477.3062
2416 -1478.3334
2417 -1458.6918
2418 -1480.1679
2419 -1480.1236
2420 -1479.2701
2421 -1477.2043
2422 -1466.709
2423 -1471.8034
2424 -1450.214
2425 -1467.6016
2426 -1463.7452
2427 -1470.8559
2428 -1455.6555
2429 -1467.5145
2430 -1465.2808
2431 -1461.8448
2432 -1478.0796
2433 -1473.2819
2434 -1450.2676
2435 -1454.8716
2436 -1466.239
2437 -1477.9032
2438 -1465.9862
2439 -1473.7824
2440 -1479.9938
2441 -1461.8623
2442 -1466.8542
2443 -1478.2163
2444 -1477.5776
2445 -1464.9948
2446 -1473.8672
2447 -1444.1645
2448 -1454.9266
2449 -1473.805
2450 -1464.7466
2451 -1467.1989
2452 -1466.4871
2453 -1458.7003
2454 -1477.8812
2455 -1463.5396
2456 -1464.2672
2457 -1461.4169
2458 -1460.0362
2459 -1479.9614
2460 -1463.5514
2461 -1476.7785
2462 -1450.6044
2463 -1461.9148
2464 -1448.7533
2465 -1476.325
2466 -1469.9099
2467 -1462.7088
2468 -1479.7168
2469 -1472.862
2470 -1442.7793
2471 -1479.3424
2472 -1462.4556
2473 -1470.1949
2474 -1473.6448
2475 -1472.9179
2476 -1475.6847
2477 -1471.7963
2478 -1478.3625
2479 -1473.6621
2480 -1476.3606
2481 -1478.1222
2482 -1462.5819
2483 -1454.1658
2484 -1477.5026
2485 -1479.8069
2486 -1473.3383
2487 -1476.0874
2488 -1475.3972
2489 -1467.1503
2490 -1466.2744
2491 -1463.1545
2492 -1472.9003
2493 -1479.5311
2494 -1451.2808
2495 -1449.2255
2496 -1449.8663
2497 -1462.0692
2498 -1474.751
2499 -1469.2463
2500 -1456.0857
2501 -1457.6708
2502 -1470.8274
2503 -1461.3833
2504 -1469.2645
2505 -1454.9779
2506 -1466.5513
2507 -1467.8699
2508 -1451.9026
2509 -1469.2045
2510 -1477.1685
2511 -1467.9472
2512 -1475.6208
2513 -1471.7988
2514 -1451.2658
2515 -1465.5072
2516 -1471.7125
2517 -1473.9767
2518 -1464.1471
2519 -1456.8863
2520 -1453.7949
2521 -1463.4679
2522 -1478.216
2523 -1479.6316
2524 -1454.2709
2525 -1479.6996
2526 -1466.1463
2527 -1448.0715
2528 -1462.0161
2529 -1457.5981
2530 -1466.0842
2531 -1455.4716
2532 -1467.6176
2533 -1450.9405
2534 -1474.0552
2535 -1457.1605
2536 -1475.6028
2537 -1478.1239
2538 -1457.1824
2539 -1477.4015
2540 -1476.1965
2541 -1464.2169
2542 -1466.0105
2543 -1476.1856
2544 -1475.6256
2545 -1473.4851
2546 -1478.1931
2547 -1463.1324
2548 -1472.0135
2549 -1465.2694
2550 -1478.6479
2551 -1473.6552
2552 -1480.3816
2553 -1458.4849
2554 -1477.5983
2555 -1476.3019
2556 -1462.7005
2557 -1451.3688
2558 -1479.3432
2559 -1478.6053
2560 -1469.3216
2561 -1475.3881
2562 -1460.8966
2563 -1461.2305
2564 -1464.9013
2565 -1462.3728
2566 -1470.7644
2567 -1475.641
2568 -1477.339
2569 -1467.6115
2570 -1435.5255
2571 -1459.8008
2572 -1468.9999
2573 -1445.4487
2574 -1480.2359
2575 -1464.3399
2576 -1479.9935
2577 -1463.2293
2578 -1468.8105
2579 -1466.6522
2580 -1460.1235
2581 -1460.8476
2582 -1474.5873
2583 -1465.8952
2584 -1474.5629
2585 -1463.7619
2586 -1471.2604
2587 -1469.2244
2588 -1455.6533
2589 -1473.5942
2590 -1469.1298
2591 -1474.5268
2592 -1458.1502
2593 -1480.2243
2594 -1457.1386
2595 -1451.453
2596 -1476.5916
2597 -1458.4174
2598 -1476.5012
2599 -1478.7408
2600 -1473.0402
2601 -1470.8053
2602 -1476.8548
2603 -1478.6193
2604 -1464.4492
2605 -1474.14
2606 -1472.6142
2607 -1472.6213
2608 -1475.0951
2609 -1454.9036
2610 -1463.2551
2611 -1449.8438
2612 -1457.8495
2613 -1479.9014
2614 -1474.395
2615 -1464.6719
2616 -1477.091
2617 -1476.0076
2618 -1473.8002
2619 -1457.5785
2620 -1474.8168
2621 -1453.4965
2622 -1464.5369
2623 -1457.4562
2624 -1472.3452
2625 -1479.9568
2626 -1469.624
2627 -1459.7794
2628 -1453.1765
2629 -1478.9707
2630 -1463.6123
2631 -1479.2354
2632 -1457.204
2633 -1456.8209
2634 -1467.5042
2635 -1479.3448
2636 -1448.6604
2637 -1472.7086
2638 -1472.0905
2639 -1469.1628
2640 -1468.0643
2641 -1471.8269
2642 -1455.273
2643 -1475.5701
2644 -1455.3128
2645 -1457.0402
2646 -1470.0193
2647 -1461.4735
2648 -1477.4932
2649 -1461.0054
2650 -1455.57
2651 -1461.3131
2652 -1461.094
2653 -1478.7329
2654 -1476.5913
2655 -1466.0987
2656 -1453.5508
2657 -1456.8745
2658 -1466.3919
2659 -1475.4104
2660 -1475.0937
2661 -1462.2834
2662 -1465.503
2663 -1455.1808
2664 -1465.8933
2665 -1462.0452
2666 -1471.2624
2667 -1478.8754
2668 -1444.0854
2669 -1456.3427
2670 -1451.088
2671 -1474.4044
2672 -1448.4896
2673 -1471.9407
2674 -1460.1572
2675 -1462.884
2676 -1478.2555
2677 -1459.2013
2678 -1457.7415
2679 -1453.9574
2680 -1476.4464
2681 -1471.6436
2682 -1466.4447
2683 -1455.4553
2684 -1476.3662
2685 -1450.9612
2686 -1454.8672
2687 -1463.9664
2688 -1456.4012
2689 -1449.643
2690 -1477.4963
2691 -1478.5448
2692 -1467.4699
2693 -1456.9925
2694 -1466.7408
2695 -1457.0311
2696 -1479.9921
2697 -1472.1881
2698 -1453.2244
2699 -1454.7109
2700 -1457.1365
2701 -1466.1307
2702 -1471.6201
2703 -1479.9347
2704 -1463.922
2705 -1469.0841
2706 -1460.5744
2707 -1463.1334
2708 -1477.4556
2709 -1477.4917
2710 -1461.9194
2711 -1474.3824
2712 -1477.7432
2713 -1447.4549
2714 -1450.0535
2715 -1476.4226
2716 -1455.1766
2717 -1478.2448
2718 -1471.7897
2719 -1465.6553
2720 -1474.8464
2721 -1475.5286
2722 -1476.8869
2723 -1455.4132
2724 -1471.6056
2725 -1478.4305
2726 -1479.4065
2727 -1466.6774
2728 -1456.6113
2729 -1462.6787
2730 -1469.4311
2731 -1452.1451
2732 -1476.7447
2733 -1476.5879
2734 -1455.4496
2735 -1477.9789
2736 -1469.5513
2737 -1470.8604
2738 -1463.4447
2739 -1474.4794
2740 -1478.4208
2741 -1472.6266
2742 -1460.6948
2743 -1479.8653
2744 -1458.7133
2745 -1478.8203
2746 -1457.5238
2747 -1456.1831
2748 -1472.0131
2749 -1471.2649
2750 -1460.8554
2751 -1474.869
2752 -1466.3116
2753 -1461.5441
2754 -1456.4843
2755 -1479.7359
2756 -1464.6705
2757 -1468.4109
2758 -1449.836
2759 -1468.4699
2760 -1453.1944
2761 -1471.741
2762 -1464.6181
2763 -1451.2643
2764 -1468.1925
2765 -1474.8982
2766 -1464.2835
2767 -1473.6643
2768 -1473.9414
2769 -1472.1091
2770 -1472.6034
2771 -1474.1798
2772 -1476.9929
2773 -1468.097
2774 -1477.0237
2775 -1464.2313
2776 -1466.1388
2777 -1480.3338
2778 -1464.4514
2779 -1473.5658
2780 -1461.2808
2781 -1443.9472
2782 -1472.9575
2783 -1455.4201
2784 -1475.3037
2785 -1464.29
2786 -1475.514
2787 -1453.2164
2788 -1469.3655
2789 -1459.1949
2790 -1465.8764
2791 -1468.8285
2792 -1472.7905
2793 -1459.574
2794 -1475.9078
2795 -1476.7198
2796 -1460.7498
2797 -1468.2969
2798 -1458.2483
2799 -1450.2727
2800 -1474.9217
2801 -1469.6532
2802 -1475.9859
2803 -1471.3516
2804 -1473.4389
2805 -1463.6595
2806 -1473.3721
2807 -1479.1303
2808 -1473.7208
2809 -1467.3653
2810 -1479.9327
2811 -1456.4381
2812 -1463.3843
2813 -1473.0297
2814 -1449.6541
2815 -1475.2484
2816 -1478.9721
2817 -1474.7334
2818 -1466.4692
2819 -1464.014
2820 -1454.7263
2821 -1472.5984
2822 -1459.5221
2823 -1470.8862
2824 -1454.5292
2825 -1452.9459
2826 -1476.614
2827 -1468.0171
2828 -1458.7819
2829 -1470.1535
2830 -1476.6033
2831 -1460.6716
2832 -1464.0456
2833 -1464.2343
2834 -1475.8854
2835 -1462.6807
2836 -1473.6328
2837 -1470.38
2838 -1473.2456
2839 -1477.0045
2840 -1467.4497
2841 -1463.2246
2842 -1451.7019
2843 -1476.6673
2844 -1451.5124
2845 -1477.9703
2846 -1446.4379
2847 -1462.4532
2848 -1468.7663
2849 -1454.1109
2850 -1463.6744
2851 -1477.8228
2852 -1467.1758
2853 -1467.8758
2854 -1469.9608
2855 -1473.3053
2856 -1466.3762
2857 -1472.7691
2858 -1472.03
2859 -1478.2869
2860 -1475.2555
2861 -1478.9636
2862 -1476.103
2863 -1468.2639
2864 -1469.5144
2865 -1473.4221
2866 -1478.6991
2867 -1468.1118
2868 -1471.0835
2869 -1478.9
2870 -1471.9082
2871 -1468.3062
2872 -1479.6173
2873 -1472.8971
2874 -1476.5167
2875 -1466.7243
2876 -1462.8096
2877 -1476.7848
2878 -1475.9702
2879 -1472.6309
2880 -1474.626
2881 -1457.0449
2882 -1462.313
2883 -1477.9389
2884 -1456.9848
2885 -1479.2785
2886 -1467.1834
2887 -1477.8378
2888 -1464.7145
2889 -1478.131
2890 -1468.3208
2891 -1472.9801
2892 -1453.8166
2893 -1468.7544
2894 -1471.7244
2895 -1463.7116
2896 -1446.1453
2897 -1463.4992
2898 -1476.5036
2899 -1472.7885
2900 -1478.8934
2901 -1475.6934
2902 -1471.3992
2903 -1478.1201
2904 -1478.1507
2905 -1456.2438
2906 -1467.751
2907 -1473.8808
2908 -1467.8844
2909 -1467.7314
2910 -1457.7696
2911 -1450.4426
2912 -1461.9519
2913 -1461.8862
2914 -1442.2123
2915 -1440.1653
2916 -1472.8851
2917 -1462.2852
2918 -1474.0026
2919 -1480.2721
2920 -1463.2312
2921 -1457.3366
2922 -1458.5849
2923 -1464.3476
2924 -1461.1954
2925 -1450.9374
2926 -1472.6619
2927 -1464.154
2928 -1455.9517
2929 -1479.6303
2930 -1453.4081
2931 -1475.6024
2932 -1461.0931
2933 -1457.2716
2934 -1472.8363
2935 -1471.7693
2936 -1477.272
2937 -1452.8334
2938 -1480.0964
2939 -1473.5409
2940 -1479.3348
2941 -1457.5867
2942 -1477.3048
2943 -1460.5061
2944 -1478.0779
2945 -1457.3792
2946 -1473.974
2947 -1476.7646
2948 -1479.0943
2949 -1477.8378
2950 -1464.2267
2951 -1455.2646
2952 -1452.9308
2953 -1471.3599
2954 -1462.1453
2955 -1469.953
2956 -1473.1731
2957 -1466.116
2958 -1440.7902
2959 -1468.9612
2960 -1456.6476
2961 -1478.9143
2962 -1473.3936
2963 -1458.1803
2964 -1464.2375
2965 -1464.3146
2966 -1474.9904
2967 -1473.4349
2968 -1479.1947
2969 -1479.463
2970 -1465.1755
2971 -1479.8383
2972 -1463.9339
2973 -1455.9985
2974 -1476.6279
2975 -1424.381
2976 -1462.6463
2977 -1451.87
2978 -1465.7195
2979 -1469.4365
2980 -1473.5465
2981 -1472.181
2982 -1466.809
2983 -1453.121
2984 -1467.2899
2985 -1472.2116
2986 -1457.591
2987 -1452.8234
2988 -1473.7732
2989 -1466.0089
2990 -1476.192
2991 -1461.0269
2992 -1459.9339
2993 -1480.2355
2994 -1480.0904
2995 -1469.381
2996 -1457.6289
2997 -1479.3253
2998 -1468.1214
2999 -1451.6197
3000 -1476.8324
3001 -1465.7224
3002 -1470.1479
3003 -1479.3713
3004 -1458.8483
3005 -1477.9933
3006 -1444.0242
3007 -1479.7009
3008 -1451.0476
3009 -1469.3896
3010 -1453.9429
3011 -1474.6719
3012 -1479.5929
3013 -1452.5443
3014 -1479.5279
3015 -1478.4793
3016 -1470.3446
3017 -1477.6913
3018 -1471.8441
3019 -1475.6252
3020 -1480.2968
3021 -1461.843
3022 -1449.0927
3023 -1472.2381
3024 -1472.7362
3025 -1469.6739
3026 -1470.8161
3027 -1479.8357
3028 -1467.0704
3029 -1450.6487
3030 -1452.9128
3031 -1455.428
3032 -1466.7757
3033 -1467.4619
3034 -1477.2714
3035 -1466.3942
3036 -1473.3687
3037 -1453.3922
3038 -1455.3312
3039 -1446.5807
3040 -1466.8486
3041 -1443.8266
3042 -1480.3048
3043 -1477.5893
3044 -1477.8473
3045 -1478.4375
3046 -1464.587
3047 -1465.9299
3048 -1480.2095
3049 -1479.928
3050 -1479.7262
3051 -1480.2148
3052 -1479.8317
3053 -1475.2257
3054 -1463.441
3055 -1474.1266
3056 -1475.0816
3057 -1459.6065
3058 -1466.9213
3059 -1478.7474
3060 -1470.9236
3061 -1466.4659
3062 -1459.3341
3063 -1465.44
3064 -1472.2965
3065 -1465.9427
3066 -1444.376
3067 -1449.8459
3068 -1470.0019
3069 -1475.3779
3070 -1461.2796
3071 -1457.5689
3072 -1476.847
3073 -1472.5586
3074 -1458.989
3075 -1480.195
3076 -1468.5195
3077 -1474.6925
3078 -1473.5826
3079 -1469.7359
3080 -1471.9847
3081 -1469.7701
3082 -1459.8558
3083 -1479.4121
3084 -1479.5818
3085 -1478.4932
3086 -1462.7749
3087 -1476.3029
3088 -1454.0229
3089 -1476.3096
3090 -1475.7368
3091 -1467.9196
3092 -1475.6455
3093 -1476.8176
3094 -1467.9839
3095 -1470.6949
3096 -1463.3092
3097 -1472.8697
3098 -1474.2431
3099 -1477.7872
3100 -1479.6343
3101 -1450.1241
3102 -1466.7805
3103 -1475.9761
3104 -1456.5207
3105 -1464.9721
3106 -1466.6881
3107 -1453.4754
3108 -1449.6887
3109 -1456.0843
3110 -1457.9125
3111 -1459.9518
3112 -1463.157
3113 -1478.7584
3114 -1464.5732
3115 -1461.9906
3116 -1471.5781
3117 -1472.2664
3118 -1462.8673
3119 -1455.2734
3120 -1468.0468
3121 -1462.8605
3122 -1469.0032
3123 -1462.2237
3124 -1478.5965
3125 -1461.8395
3126 -1460.2349
3127 -1471.3412
3128 -1419.5067
3129 -1480.6776
3130 -1459.2089
3131 -1475.0968
3132 -1461.0478
3133 -1474.4669
3134 -1473.9188
3135 -1469.059
3136 -1475.7108
3137 -1470.0341
3138 -1464.8209
3139 -1470.5387
3140 -1471.3287
3141 -1472.0533
3142 -1434.561
3143 -1458.8064
3144 -1458.2228
3145 -1471.8024
3146 -1465.3414
3147 -1457.9464
3148 -1479.2381
3149 -1477.3766
3150 -1455.8717
3151 -1472.9041
3152 -1478.7703
3153 -1470.2135
3154 -1480.5425
3155 -1474.2307
3156 -1463.8395
3157 -1461.0217
3158 -1479.5593
3159 -1472.7904
3160 -1469.2458
3161 -1466.4873
3162 -1474.0043
3163 -1469.7504
3164 -1472.3033
3165 -1479.0814
3166 -1454.5149
3167 -1457.9404
3168 -1477.9605
3169 -1471.1284
3170 -1475.5186
3171 -1453.7201
3172 -1447.9297
3173 -1461.3407
3174 -1464.0731
3175 -1464.2508
3176 -1461.6069
3177 -1473.8783
3178 -1477.9281
3179 -1475.0639
3180 -1476.1282
3181 -1459.3903
3182 -1473.9777
3183 -1467.0906
3184 -1464.1018
3185 -1467.4566
3186 -1465.7997
3187 -1468.1801
3188 -1473.0551
3189 -1479.2863
3190 -1457.6402
3191 -1467.1466
3192 -1458.9698
3193 -1480.1481
3194 -1467.9879
3195 -1463.381
3196 -1455.6399
3197 -1480.2009
3198 -1480.541
3199 -1473.5532
3200 -1451.7875
3201 -1477.5532
3202 -1472.5635
3203 -1459.342
3204 -1463.7327
3205 -1476.741
3206 -1479.1209
3207 -1461.8761
3208 -1475.9771
3209 -1465.6071
3210 -1461.6488
3211 -1477.518
3212 -1477.7081
3213 -1477.0792
3214 -1475.3834
3215 -1473.2721
3216 -1461.9367
3217 -1467.6421
3218 -1452.7152
3219 -1454.0431
3220 -1442.0575
3221 -1460.4421
3222 -1473.2939
3223 -1456.8595
3224 -1479.5577
3225 -1473.7727
3226 -1460.126
3227 -1479.8703
3228 -1456.3954
3229 -1468.9035
3230 -1457.5712
3231 -1473.2549
3232 -1472.906
3233 -1453.3757
3234 -1463.1562
3235 -1478.4082
3236 -1470.6607
3237 -1466.909
3238 -1466.7645
3239 -1455.0019
3240 -1452.9583
3241 -1462.6882
3242 -1476.5114
3243 -1456.8735
3244 -1471.1991
3245 -1479.3665
3246 -1479.4093
3247 -1477.3193
3248 -1469.1283
3249 -1470.1512
3250 -1470.0297
3251 -1478.017
3252 -1457.7425
3253 -1466.627
3254 -1466.682
3255 -1465.1116
3256 -1458.3809
3257 -1466.5281
3258 -1461.5188
3259 -1445.6185
3260 -1476.5302
3261 -1469.4104
3262 -1480.3589
3263 -1479.7782
3264 -1468.8015
3265 -1474.111
3266 -1462.3618
3267 -1461.5181
3268 -1456.9731
3269 -1480.6308
3270 -1479.0294
3271 -1474.565
3272 -1476.5753
3273 -1476.1541
3274 -1446.5837
3275 -1469.4268
3276 -1458.9855
3277 -1473.939
3278 -1478.8091
3279 -1478.4723
3280 -1458.2712
3281 -1473.7551
3282 -1474.592
3283 -1476.2686
3284 -1469.1058
3285 -1475.4361
3286 -1473.3315
3287 -1464.4637
3288 -1466.3605
3289 -1477.3458
3290 -1479.9316
3291 -1459.3353
3292 -1480.2267
3293 -1478.2499
3294 -1473.7769
3295 -1467.8535
3296 -1476.479
3297 -1467.9153
3298 -1476.7408
3299 -1469.9743
3300 -1468.7022
3301 -1473.6817
3302 -1457.1184
3303 -1466.095
3304 -1474.0966
3305 -1479.2452
3306 -1457.151
3307 -1459.7378
3308 -1470.5954
3309 -1473.1766
3310 -1479.306
3311 -1457.6624
3312 -1454.6242
3313 -1476.953
3314 -1465.7342
3315 -1465.602
3316 -1470.5194
3317 -1454.4196
3318 -1474.5226
3319 -1479.1437
3320 -1464.4264
3321 -1476.525
3322 -1477.2549
3323 -1465.6766
3324 -1460.9537
3325 -1460.3795
3326 -1476.0293
3327 -1477.4642
3328 -1478.8322
3329 -1479.4424
3330 -1478.6218
3331 -1468.9799
3332 -1457.1491
3333 -1477.4737
3334 -1478.1844
3335 -1476.2886
3336 -1479.7742
3337 -1464.4385
3338 -1472.5238
3339 -1480.2391
3340 -1470.3001
3341 -1480.1984
3342 -1453.2921
3343 -1479.105
3344 -1475.3476
3345 -1471.1266
3346 -1456.2922
3347 -1479.5255
3348 -1469.6036
3349 -1478.4205
3350 -1455.6479
3351 -1464.1015
3352 -1456.6131
3353 -1464.5918
3354 -1468.7332
3355 -1476.9665
3356 -1473.0179
3357 -1467.2414
3358 -1478.8266
3359 -1451.7628
3360 -1466.0023
3361 -1478.2286
3362 -1470.6894
3363 -1476.1965
3364 -1469.9019
3365 -1463.0146
3366 -1469.1577
3367 -1471.8387
3368 -1457.7353
3369 -1479.4214
3370 -1452.9704
3371 -1458.6693
3372 -1456.4649
3373 -1456.2067
3374 -1471.7063
3375 -1462.352
3376 -1466.0497
3377 -1480.1919
3378 -1479.5083
3379 -1458.3168
3380 -1479.2012
3381 -1473.3793
3382 -1476.1136
3383 -1479.1486
3384 -1477.3954
3385 -1468.3505
3386 -1477.8677
3387 -1465.535
3388 -1473.6012
3389 -1455.8336
3390 -1480.546
3391 -1469.119
3392 -1460.6878
3393 -1473.037
3394 -1459.2097
3395 -1476.78
3396 -1462.2257
3397 -1476.6983
3398 -1449.372
3399 -1473.685
3400 -1475.1574
3401 -1475.2561
3402 -1457.3515
3403 -1469.4988
3404 -1475.3241
3405 -1478.8447
3406 -1478.1362
3407 -1458.9639
3408 -1465.431
3409 -1467.7848
3410 -1477.3008
3411 -1457.6212
3412 -1479.3415
3413 -1472.466
3414 -1478.2227
3415 -1474.9609
3416 -1473.1084
3417 -1475.095
3418 -1475.9484
3419 -1459.4317
3420 -1465.4274
3421 -1439.4376
3422 -1473.3481
3423 -1477.5959
3424 -1463.2545
3425 -1472.5302
3426 -1474.6663
3427 -1477.9114
3428 -1458.6539
3429 -1462.9708
3430 -1477.4861
3431 -1455.8152
3432 -1457.8981
3433 -1476.2848
3434 -1478.747
3435 -1479.8215
3436 -1473.9322
3437 -1477.3924
3438 -1454.6476
3439 -1458.2978
3440 -1463.3528
3441 -1457.4427
3442 -1460.7724
3443 -1462.4174
3444 -1462.0405
3445 -1456.2963
3446 -1456.914
3447 -1466.8278
3448 -1476.3061
3449 -1469.1102
3450 -1477.6891
3451 -1457.6751
3452 -1466.056
3453 -1477.5174
3454 -1475.7936
3455 -1452.5935
3456 -1470.3099
3457 -1471.7804
3458 -1480.3861
3459 -1460.5841
3460 -1464.0533
3461 -1477.9062
3462 -1466.1515
3463 -1462.9067
3464 -1479.9417
3465 -1479.9062
3466 -1472.1533
3467 -1453.2733
3468 -1465.5142
3469 -1457.7164
3470 -1471.9256
3471 -1446.5706
3472 -1479.2066
3473 -1477.9274
3474 -1476.6246
3475 -1478.1529
3476 -1474.6073
3477 -1479.2299
3478 -1474.0405
3479 -1455.8443
3480 -1462.9859
3481 -1461.7943
3482 -1477.0085
3483 -1451.7127
3484 -1477.6343
3485 -1456.6595
3486 -1457.0642
3487 -1479.6719
3488 -1470.3301
3489 -1470.4516
3490 -1451.5945
3491 -1473.6787
3492 -1475.5462
3493 -1472.2765
3494 -1477.7706
3495 -1452.0809
3496 -1472.2778
3497 -1460.7058
3498 -1475.7103
3499 -1478.0877
3500 -1458.5206
3501 -1474.4057
3502 -1471.1317
3503 -1468.0324
3504 -1460.5268
3505 -1460.7402
3506 -1468.3994
3507 -1459.4427
3508 -1470.7493
3509 -1461.6716
3510 -1465.5545
3511 -1479.9032
3512 -1462.8767
3513 -1463.4041
3514 -1460.1597
3515 -1476.3021
3516 -1478.4329
3517 -1475.4234
3518 -1476.4718
3519 -1453.9068
3520 -1468.4932
3521 -1462.6717
3522 -1448.2589
3523 -1458.3184
3524 -1461.8673
3525 -1476.011
3526 -1476.7429
3527 -1480.1849
3528 -1460.0175
3529 -1476.1955
3530 -1478.2537
3531 -1462.2774
3532 -1466.6474
3533 -1461.9194
3534 -1478.9161
3535 -1460.1084
3536 -1466.4225
3537 -1476.9679
3538 -1467.7328
3539 -1478.5375
3540 -1477.2991
3541 -1461.0548
3542 -1475.3482
3543 -1464.1076
3544 -1470.6913
3545 -1470.772
3546 -1456.1248
3547 -1475.4146
3548 -1465.5936
3549 -1447.3144
3550 -1480.2233
3551 -1446.3849
3552 -1477.1752
3553 -1454.0669
3554 -1473.2115
3555 -1479.9759
3556 -1480.5518
3557 -1474.9307
3558 -1473.1451
3559 -1473.8195
3560 -1475.0318
3561 -1475.2849
3562 -1479.4718
3563 -1470.3883
3564 -1462.4574
3565 -1461.6273
3566 -1469.3299
3567 -1479.5986
3568 -1474.3083
3569 -1470.3908
3570 -1479.9529
3571 -1470.6538
3572 -1473.807
3573 -1452.5687
3574 -1468.5904
3575 -1464.4644
3576 -1468.4308
3577 -1477.5016
3578 -1470.5687
3579 -1479.8276
3580 -1476.9718
3581 -1470.0204
3582 -1470.4808
3583 -1467.7746
3584 -1451.1002
3585 -1459.3159
3586 -1465.5933
3587 -1459.414
3588 -1478.5126
3589 -1477.2207
3590 -1466.8527
3591 -1472.6472
3592 -1452.122
3593 -1472.9737
3594 -1446.8549
3595 -1472.3865
3596 -1467.1618
3597 -1462.3288
3598 -1474.0124
3599 -1456.2969
3600 -1465.7182
3601 -1474.8458
3602 -1456.9133
3603 -1454.7963
3604 -1480.5832
3605 -1467.353
3606 -1476.0466
3607 -1471.4692
3608 -1478.9585
3609 -1474.9566
3610 -1472.5334
3611 -1472.0298
3612 -1472.9906
3613 -1456.5311
3614 -1478.633
3615 -1458.7452
3616 -1450.4469
3617 -1475.602
3618 -1479.9826
3619 -1475.5858
3620 -1480.2536
3621 -1466.8521
3622 -1474.5478
3623 -1476.024
3624 -1478.7582
3625 -1463.6444
3626 -1475.3952
3627 -1470.9907
3628 -1473.171
3629 -1475.7557
3630 -1457.1501
3631 -1479.6679
3632 -1464.3891
3633 -1470.2652
3634 -1476.3266
3635 -1477.8129
3636 -1478.8518
3637 -1469.7009
3638 -1480.6089
3639 -1479.0559
3640 -1458.612
3641 -1446.7329
3642 -1457.4291
3643 -1466.606
3644 -1474.5153
3645 -1477.3589
3646 -1464.4193
3647 -1473.898
3648 -1468.2588
3649 -1470.0833
3650 -1478.6554
3651 -1479.4288
3652 -1464.0922
3653 -1479.1799
3654 -1473.37
3655 -1473.3598
3656 -1476.5728
3657 -1456.3998
3658 -1472.5533
3659 -1472.7667
3660 -1478.8642
3661 -1460.7215
3662 -1479.9471
3663 -1439.9533
3664 -1472.1004
3665 -1478.1979
3666 -1480.1314
3667 -1478.6156
3668 -1475.8578
3669 -1464.0012
3670 -1462.6912
3671 -1465.9382
3672 -1477.801
3673 -1457.8286
3674 -1457.7185
3675 -1461.2968
3676 -1475.6737
3677 -1477.5814
3678 -1460.8294
3679 -1479.8887
3680 -1466.5951
3681 -1473.9086
3682 -1480.5166
3683 -1458.8893
3684 -1471.2377
3685 -1475.9747
3686 -1475.8105
3687 -1466.1785
3688 -1466.7209
3689 -1452.3099
3690 -1460.6525
3691 -1476.0765
3692 -1475.6134
3693 -1457.8803
3694 -1469.9341
3695 -1477.186
3696 -1478.3022
3697 -1469.3559
3698 -1456.7506
3699 -1470.8785
3700 -1469.4299
3701 -1475.4689
3702 -1466.3557
3703 -1465.2902
3704 -1458.6594
3705 -1475.7389
3706 -1454.0803
3707 -1463.7759
3708 -1479.7471
3709 -1479.4804
3710 -1459.7222
3711 -1464.6289
3712 -1479.5391
3713 -1471.2311
3714 -1479.1011
3715 -1478.8365
3716 -1457.6776
3717 -1455.7977
3718 -1460.6618
3719 -1478.8627
3720 -1476.3437
3721 -1467.0104
3722 -1449.4891
3723 -1466.4957
3724 -1478.1631
3725 -1461.4601
3726 -1472.4093
3727 -1475.9545
3728 -1475.2514
3729 -1465.2383
3730 -1455.6588
3731 -1479.7196
3732 -1478.1385
3733 -1477.79
3734 -1479.9087
3735 -1468.4151
3736 -1442.9352
3737 -1460.3789
3738 -1468.119
3739 -1479.1952
3740 -1467.883
3741 -1467.7449
3742 -1468.6655
3743 -1469.3347
3744 -1475.9061
3745 -1463.2244
3746 -1473.1569
3747 -1477.0681
3748 -1472.4553
3749 -1468.13
3750 -1464.3894
3751 -1456.146
3752 -1479.1447
3753 -1465.1286
3754 -1466.3158
3755 -1468.0683
3756 -1458.863
3757 -1480.5478
3758 -1461.8859
3759 -1475.0115
3760 -1463.4372
3761 -1460.9962
3762 -1470.6036
3763 -1478.5593
3764 -1468.636
3765 -1477.9934
3766 -1465.3693
3767 -1463.8552
3768 -1462.2087
3769 -1459.6202
3770 -1474.6108
3771 -1451.9116
3772 -1462.0659
3773 -1467.7559
3774 -1458.1009
3775 -1477.645
3776 -1475.135
3777 -1457.7142
3778 -1465.2814
3779 -1476.2192
3780 -1475.7017
3781 -1471.0007
3782 -1475.4569
3783 -1478.3913
3784 -1458.5024
3785 -1461.2467
3786 -1455.093
3787 -1471.7149
3788 -1444.8023
3789 -1477.7266
3790 -1474.6446
3791 -1477.7011
3792 -1478.2311
3793 -1460.5898
3794 -1464.7499
3795 -1462.3019
3796 -1461.5835
3797 -1459.5664
3798 -1469.2607
3799 -1467.8651
3800 -1443.2739
3801 -1469.4931
3802 -1473.2885
3803 -1476.3636
3804 -1474.0872
3805 -1453.5629
3806 -1470.0287
3807 -1474.8648
3808 -1476.8918
3809 -1452.6172
3810 -1466.9604
3811 -1465.5862
3812 -1457.0695
3813 -1464.4879
3814 -1460.3791
3815 -1460.8714
3816 -1454.3385
3817 -1474.9256
3818 -1476.617
3819 -1479.5673
3820 -1464.3317
3821 -1461.2304
3822 -1476.97
3823 -1474.495
3824 -1476.8657
3825 -1475.9664
3826 -1460.5806
3827 -1472.6582
3828 -1463.3176
3829 -1480.025
3830 -1460.3282
3831 -1476.6872
3832 -1446.2502
3833 -1458.0605
3834 -1470.2147
3835 -1456.5708
3836 -1480.5997
3837 -1480.6103
3838 -1465.0288
3839 -1474.1769
3840 -1479.1163
3841 -1478.6747
3842 -1477.9521
3843 -1472.2678
3844 -1470.2043
3845 -1475.1787
3846 -1455.0464
3847 -1478.6557
3848 -1475.4163
3849 -1472.5704
3850 -1470.871
3851 -1460.0838
3852 -1451.9087
3853 -1477.2066
3854 -1475.2305
3855 -1467.211
3856 -1460.0834
3857 -1478.4675
3858 -1479.4483
3859 -1475.3748
3860 -1477.541
3861 -1462.6185
3862 -1480.4015
3863 -1452.1388
3864 -1464.923
3865 -1477.8034
3866 -1461.6457
3867 -1474.747
3868 -1478.0913
3869 -1465.0823
3870 -1455.4616
3871 -1463.965
3872 -1463.0245
3873 -1468.2212
3874 -1468.3585
3875 -1461.9655
3876 -1461.5339
3877 -1469.9526
3878 -1475.3722
3879 -1465.7597
3880 -1471.8294
3881 -1461.4802
3882 -1453.643
3883 -1463.496
3884 -1462.1393
3885 -1472.433
3886 -1463.5244
3887 -1478.8831
3888 -1454.2096
3889 -1475.0031
3890 -1470.1007
3891 -1463.7622
3892 -1470.338
3893 -1469.4146
3894 -1472.9911
3895 -1465.9672
3896 -1477.507
3897 -1474.5744
3898 -1470.6707
3899 -1462.4836
3900 -1474.7601
3901 -1467.8885
3902 -1477.7214
3903 -1458.9759
3904 -1468.548
3905 -1472.958
3906 -1480.0038
3907 -1464.8419
3908 -1478.5136
3909 -1479.8347
3910 -1457.0091
3911 -1479.2453
3912 -1460.3933
3913 -1452.1479
3914 -1480.6444
3915 -1469.9538
3916 -1479.0466
3917 -1479.5136
3918 -1479.7125
3919 -1478.4522
3920 -1468.5408
3921 -1474.0227
3922 -1474.9732
3923 -1456.1821
3924 -1462.0158
3925 -1464.1784
3926 -1450.9373
3927 -1468.0614
3928 -1423.7121
3929 -1463.8781
3930 -1469.4301
3931 -1457.4956
3932 -1461.1687
3933 -1458.6927
3934 -1475.6597
3935 -1454.7081
3936 -1475.6232
3937 -1463.2645
3938 -1469.5647
3939 -1451.4632
3940 -1480.1192
3941 -1479.0834
3942 -1476.59
3943 -1441.4453
3944 -1477.2098
3945 -1457.2081
3946 -1477.9833
3947 -1464.3704
3948 -1471.795
3949 -1473.9317
3950 -1475.8502
3951 -1468.2896
3952 -1478.9107
3953 -1459.3749
3954 -1472.1512
3955 -1464.152
3956 -1474.1513
3957 -1467.1371
3958 -1452.15
3959 -1473.9999
3960 -1472.1327
3961 -1469.7703
3962 -1448.002
3963 -1469.4096
3964 -1470.3429
3965 -1475.107
3966 -1467.5543
3967 -1459.9905
3968 -1467.8518
3969 -1475.4417
3970 -1478.4649
3971 -1480.0482
3972 -1470.6222
3973 -1469.9461
3974 -1474.5127
3975 -1480.1167
3976 -1459.7569
3977 -1469.6125
3978 -1457.8123
3979 -1465.891
3980 -1475.2309
3981 -1476.2442
3982 -1466.1777
3983 -1471.4268
3984 -1461.6588
3985 -1457.4876
3986 -1478.3198
3987 -1457.4061
3988 -1470.6009
3989 -1480.3511
3990 -1468.832
3991 -1453.0781
3992 -1456.4549
3993 -1479.4846
3994 -1480.0513
3995 -1468.2321
3996 -1459.5636
3997 -1478.6036
3998 -1457.2822
3999 -1459.802
4000 -1472.9957
4001 -1453.0474
4002 -1466.956
4003 -1475.213
4004 -1471.4187
4005 -1464.5173
4006 -1472.2425
4007 -1473.5771
4008 -1476.7319
4009 -1476.2459
4010 -1478.6658
4011 -1456.6609
4012 -1474.7276
4013 -1471.3649
4014 -1479.9537
4015 -1469.304
4016 -1475.8309
4017 -1462.6949
4018 -1479.2906
4019 -1480.6655
4020 -1477.5262
4021 -1474.8821
4022 -1468.092
4023 -1449.4403
4024 -1478.3972
4025 -1471.942
4026 -1479.673
4027 -1473.5753
4028 -1477.6944
4029 -1471.4103
4030 -1479.4779
4031 -1452.4965
4032 -1478.3215
4033 -1460.383
4034 -1457.0978
4035 -1480.4029
4036 -1455.0413
4037 -1474.2379
4038 -1473.6751
4039 -1478.8829
4040 -1471.4552
4041 -1479.6442
4042 -1454.447
4043 -1458.6938
4044 -1478.0525
4045 -1469.2144
4046 -1468.4945
4047 -1444.171
4048 -1475.907
4049 -1475.0724
4050 -1476.8231
4051 -1471.5777
4052 -1472.4435
4053 -1479.816
4054 -1449.6849
4055 -1473.5308
4056 -1464.6775
4057 -1471.5849
4058 -1454.2396
4059 -1477.7151
4060 -1464.7517
4061 -1466.6318
4062 -1478.0803
4063 -1477.334
4064 -1475.6441
4065 -1475.0334
4066 -1479.416
4067 -1475.2765
4068 -1452.0024
4069 -1479.2678
4070 -1457.1838
4071 -1458.7231
4072 -1469.753
4073 -1477.3011
4074 -1478.7737
4075 -1473.5997
4076 -1465.3182
4077 -1463.7369
4078 -1461.6318
4079 -1479.5829
4080 -1459.3977
4081 -1471.8364
4082 -1471.6787
4083 -1460.9311
4084 -1474.7737
4085 -1473.182
4086 -1464.9778
4087 -1474.9768
4088 -1467.6905
4089 -1478.4286
4090 -1472.8317
4091 -1476.367
4092 -1471.9105
4093 -1474.0821
4094 -1475.0211
4095 -1479.1572
4096 -1458.5094
4097 -1457.0008
4098 -1478.4285
4099 -1470.462
4100 -1464.4658
4101 -1446.9465
4102 -1451.7496
4103 -1475.847
4104 -1476.3069
4105 -1461.9616
4106 -1462.2352
4107 -1471.6543
4108 -1472.6394
4109 -1462.4896
4110 -1475.2742
4111 -1480.0811
4112 -1473.2764
4113 -1474.2149
4114 -1470.5626
4115 -1466.7462
4116 -1462.1977
4117 -1449.5102
4118 -1455.8438
4119 -1455.0073
4120 -1468.8622
4121 -1466.4828
4122 -1479.796
4123 -1466.6381
4124 -1460.3456
4125 -1480.1567
4126 -1466.2348
4127 -1473.4839
4128 -1461.9499
4129 -1474.2662
4130 -1474.162
4131 -1479.1045
4132 -1466.0818
4133 -1470.8867
4134 -1480.0726
4135 -1477.8796
4136 -1467.7724
4137 -1479.5584
4138 -1474.8551
4139 -1476.6885
4140 -1478.2271
4141 -1474.7508
4142 -1474.8547
4143 -1476.8034
4144 -1476.3282
4145 -1479.7998
4146 -1479.9743
4147 -1479.8907
4148 -1459.1568
4149 -1476.8401
4150 -1476.4894
4151 -1471.6927
4152 -1473.6211
4153 -1478.1452
4154 -1460.2313
4155 -1480.3636
4156 -1466.2178
4157 -1475.6462
4158 -1464.0869
4159 -1462.4805
4160 -1455.9591
4161 -1458.4453
4162 -1465.2452
4163 -1477.7556
4164 -1457.4286
4165 -1480.3813
4166 -1467.126
4167 -1476.0355
4168 -1476.3776
4169 -1470.5215
4170 -1460.4664
4171 -1451.5015
4172 -1471.1728
4173 -1468.8102
4174 -1468.633
4175 -1461.5158
4176 -1476.4949
4177 -1476.7385
4178 -1466.5843
4179 -1463.0756
4180 -1458.4827
4181 -1462.949
4182 -1461.44
4183 -1450.1169
4184 -1470.8994
4185 -1479.6296
4186 -1474.694
4187 -1473.9376
4188 -1474.7128
4189 -1477.8828
4190 -1465.0916
4191 -1456.7025
4192 -1456.7265
4193 -1468.9154
4194 -1447.714
4195 -1477.7642
4196 -1476.5638
4197 -1469.4321
4198 -1464.6778
4199 -1477.5928
4200 -1463.3746
4201 -1476.3171
4202 -1474.843
4203 -1461.8378
4204 -1478.3533
4205 -1469.1898
4206 -1477.317
4207 -1466.5017
4208 -1472.301
4209 -1454.8532
4210 -1466.6384
4211 -1478.9324
4212 -1472.7602
4213 -1478.4663
4214 -1461.3805
4215 -1466.1333
4216 -1468.6632
4217 -1467.9661
4218 -1477.0546
4219 -1456.9339
4220 -1477.3565
4221 -1458.8178
4222 -1479.0363
4223 -1458.1472
4224 -1459.5182
4225 -1462.1899
4226 -1467.5128
4227 -1477.9322
4228 -1476.1849
4229 -1475.8023
4230 -1472.4102
4231 -1479.7471
4232 -1469.828
4233 -1463.641
4234 -1480.246
4235 -1475.5715
4236 -1468.6666
4237 -1465.3507
4238 -1474.53
4239 -1474.0118
4240 -1471.5981
4241 -1478.1971
4242 -1446.5532
4243 -1466.9897
4244 -1476.1923
4245 -1448.2938
4246 -1466.103
4247 -1479.0084
4248 -1475.45
4249 -1479.42
4250 -1475.0912
4251 -1470.88
4252 -1475.4394
4253 -1469.0469
4254 -1480.081
4255 -1463.4558
4256 -1475.141
4257 -1479.8672
4258 -1464.4062
4259 -1477.1063
4260 -1476.7838
4261 -1477.4081
4262 -1468.5067
4263 -1465.561
4264 -1465.6021
4265 -1479.7501
4266 -1460.1506
4267 -1462.9262
4268 -1478.2755
4269 -1460.3036
4270 -1472.3081
4271 -1457.1737
4272 -1476.915
4273 -1469.9663
4274 -1452.1617
4275 -1478.3895
4276 -1468.0841
4277 -1457.0524
4278 -1478.8014
4279 -1469.4696
4280 -1469.3917
4281 -1462.6634
4282 -1476.949
4283 -1474.2909
4284 -1444.6378
4285 -1475.809
4286 -1468.9691
4287 -1455.613
4288 -1462.5346
4289 -1447.3391
4290 -1480.7054
4291 -1480.2282
4292 -1479.0433
4293 -1475.7445
4294 -1456.0126
4295 -1476.3671
4296 -1472.4315
4297 -1465.2628
4298 -1466.559
4299 -1470.3651
4300 -1466.713
4301 -1472.4582
4302 -1476.0545
4303 -1457.8031
4304 -1453.0514
4305 -1452.9375
4306 -1462.6905
4307 -1465.1261
4308 -1448.818
4309 -1454.4685
4310 -1475.3261
4311 -1472.6032
4312 -1473.5772
4313 -1457.7549
4314 -1478.5267
4315 -1471.5701
4316 -1477.8576
4317 -1458.383
4318 -1453.0127
4319 -1473.2145
4320 -1461.1311
4321 -1474.3327
4322 -1460.3259
4323 -1456.3792
4324 -1469.7007
4325 -1466.3033
4326 -1459.6974
4327 -1479.8789
4328 -1460.8863
4329 -1466.1661
4330 -1472.3008
4331 -1467.0642
4332 -1479.638
4333 -1476.5937
4334 -1477.2057
4335 -1458.2859
4336 -1462.7258
4337 -1458.3709
4338 -1479.0047
4339 -1465.0313
4340 -1468.4705
4341 -1480.6598
4342 -1465.791
4343 -1478.7134
4344 -1453.2542
4345 -1469.0052
4346 -1466.4086
4347 -1466.4482
4348 -1470.7224
4349 -1466.6426
4350 -1454.4301
4351 -1478.9084
4352 -1473.5567
4353 -1468.0767
4354 -1474.188
4355 -1472.6585
4356 -1477.1926
4357 -1478.6525
4358 -1471.5043
4359 -1460.0354
4360 -1458.3809
4361 -1477.3162
4362 -1479.2009
4363 -1475.5881
4364 -1457.698
4365 -1479.8672
4366 -1478.3495
4367 -1466.8141
4368 -1470.5459
4369 -1468.4427
4370 -1476.7235
4371 -1458.273
4372 -1452.6471
4373 -1454.3524
4374 -1476.3904
4375 -1480.5342
4376 -1479.5566
4377 -1469.5747
4378 -1478.5797
4379 -1463.8254
4380 -1474.509
4381 -1465.4652
4382 -1477.8059
4383 -1470.3238
4384 -1455.6353
4385 -1459.53
4386 -1472.1021
4387 -1458.477
4388 -1460.4167
4389 -1472.1305
4390 -1456.1783
4391 -1477.7067
4392 -1475.6278
4393 -1469.4198
4394 -1462.1065
4395 -1463.5105
4396 -1444.8912
4397 -1480.5768
4398 -1470.903
4399 -1472.9128
4400 -1478.4651
4401 -1452.1858
4402 -1476.3926
4403 -1480.2357
4404 -1476.7202
4405 -1470.3007
4406 -1474.1038
4407 -1458.6435
4408 -1479.2433
4409 -1470.2164
4410 -1475.0764
4411 -1478.9925
4412 -1475.8262
4413 -1460.4423
4414 -1478.6523
4415 -1465.3713
4416 -1479.1201
4417 -1471.9081
4418 -1451.7428
4419 -1474.3758
4420 -1465.2748
4421 -1466.6841
4422 -1472.408
4423 -1470.3326
4424 -1467.8607
4425 -1457.9919
4426 -1469.8059
4427 -1474.9283
4428 -1480.7033
4429 -1472.431
4430 -1466.628
4431 -1471.3512
4432 -1471.8136
4433 -1477.8863
4434 -1474.4647
4435 -1466.9133
4436 -1478.3598
4437 -1478.5257
4438 -1463.9108
4439 -1465.8992
4440 -1470.1057
4441 -1467.3107
4442 -1479.5005
4443 -1455.4842
4444 -1453.7097
4445 -1467.7213
4446 -1455.8487
4447 -1465.8358
4448 -1479.7169
4449 -1466.4919
4450 -1479.3081
4451 -1464.5141
4452 -1480.237
4453 -1459.516
4454 -1473.016
4455 -1476.2425
4456 -1465.814
4457 -1462.217
4458 -1455.6495
4459 -1470.1945
4460 -1459.5062
4461 -1479.7577
4462 -1466.6602
4463 -1468.2794
4464 -1477.025
4465 -1467.2013
4466 -1478.2383
4467 -1455.0885
4468 -1457.9993
4469 -1475.03
4470 -1463.248
4471 -1467.9732
4472 -1469.3394
4473 -1467.1154
4474 -1477.3344
4475 -1455.5899
4476 -1466.598
4477 -1479.1244
4478 -1471.2027
4479 -1446.8555
4480 -1459.9482
4481 -1476.5928
4482 -1444.6169
4483 -1469.9508
4484 -1444.8814
4485 -1475.9709
4486 -1464.3135
4487 -1463.2296
4488 -1470.2005
4489 -1474.2786
4490 -1457.1671
4491 -1472.1851
4492 -1469.5635
4493 -1461.6262
4494 -1472.5286
4495 -1451.1694
4496 -1473.6535
4497 -1455.0306
4498 -1456.7839
4499 -1453.2594
4500 -1473.9897
4501 -1465.3441
4502 -1465.133
4503 -1466.3331
4504 -1471.6404
4505 -1471.5739
4506 -1476.2439
4507 -1480.4849
4508 -1461.56
4509 -1460.1019
4510 -1468.9373
4511 -1451.8938
4512 -1478.9254
4513 -1466.6839
4514 -1457.9748
4515 -1458.1817
4516 -1479.8224
4517 -1451.7207
4518 -1465.7065
4519 -1480.2145
4520 -1471.0782
4521 -1472.1274
4522 -1456.9679
4523 -1479.2381
4524 -1455.7257
4525 -1476.978
4526 -1467.1668
4527 -1476.3429
4528 -1474.9971
4529 -1470.6364
4530 -1469
4531 -1464.1145
4532 -1468.3407
4533 -1471.8883
4534 -1464.4606
4535 -1462.145
4536 -1476.1358
4537 -1466.7227
4538 -1476.666
4539 -1467.5472
4540 -1474.9955
4541 -1464.4935
4542 -1474.1631
4543 -1477.4056
4544 -1457.2175
4545 -1479.2148
4546 -1463.9274
4547 -1479.934
4548 -1477.0639
4549 -1479.008
4550 -1476.6489
4551 -1472.0983
4552 -1465.8758
4553 -1457.026
4554 -1456.7054
4555 -1467.3079
4556 -1469.8393
4557 -1465.6048
4558 -1478.942
4559 -1470.2214
4560 -1471.0793
4561 -1463.4368
4562 -1480.6475
4563 -1464.3318
4564 -1474.9193
4565 -1461.265
4566 -1477.5885
4567 -1464.4933
4568 -1465.9499
4569 -1461.2599
4570 -1477.9986
4571 -1455.256
4572 -1467.7008
4573 -1477.6846
4574 -1475.2111
4575 -1477.1452
4576 -1461.8579
4577 -1469.2449
4578 -1477.0427
4579 -1468.7889
4580 -1469.9105
4581 -1467.2612
4582 -1475.0798
4583 -1461.8939
4584 -1453.4225
4585 -1479.2965
4586 -1475.3351
4587 -1474.1547
4588 -1475.3315
4589 -1456.6002
4590 -1478.5963
4591 -1452.6116
4592 -1478.8021
4593 -1464.9384
4594 -1470.6181
4595 -1460.1283
4596 -1457.1119
4597 -1461.7142
4598 -1474.6759
4599 -1477.8323
4600 -1468.693
4601 -1467.1983
4602 -1463.128
4603 -1456.9081
4604 -1479.3995
4605 -1475.8335
4606 -1472.4884
4607 -1477.728
4608 -1455.3083
4609 -1478.8095
4610 -1457.6058
4611 -1455.5517
4612 -1472.0246
4613 -1465.5218
4614 -1466.8562
4615 -1452.6993
4616 -1461.4026
4617 -1475.1534
4618 -1469.0976
4619 -1454.7868
4620 -1460.8533
4621 -1475.0108
4622 -1461.6201
4623 -1468.3675
4624 -1480.1608
4625 -1476.2894
4626 -1477.9865
4627 -1477.6007
4628 -1469.853
4629 -1474.9995
4630 -1455.3359
4631 -1463.7987
4632 -1460.579
4633 -1478.936
4634 -1463.8031
4635 -1466.5283
4636 -1453.3621
4637 -1463.6342
4638 -1460.501
4639 -1475.3044
4640 -1476.7375
4641 -1471.9089
4642 -1464.4258
4643 -1480.0707
4644 -1465.0573
4645 -1473.842
4646 -1458.328
4647 -1464.5995
4648 -1469.836
4649 -1467.727
4650 -1479.1737
4651 -1472.2679
4652 -1476.1596
4653 -1474.0542
4654 -1478.1235
4655 -1474.9551
4656 -1457.9567
4657 -1467.7961
4658 -1469.9484
4659 -1479.4215
4660 -1479.3979
4661 -1461.7911
4662 -1459.8817
4663 -1459.9496
4664 -1477.8763
4665 -1467.4448
4666 -1451.6306
4667 -1480.0177
4668 -1470.1788
4669 -1473.7591
4670 -1441.3473
4671 -1478.9028
4672 -1472.8945
4673 -1444.2327
4674 -1461.9725
4675 -1461.3003
4676 -1465.2037
4677 -1458.4439
4678 -1462.2155
4679 -1463.9667
4680 -1449.4108
4681 -1466.4757
4682 -1475.0198
4683 -1459.8855
4684 -1467.5604
4685 -1477.2807
4686 -1473.9171
4687 -1465.0344
4688 -1465.9759
4689 -1479.4962
4690 -1455.614
4691 -1471.1666
4692 -1477.2052
4693 -1452.7689
4694 -1449.1543
4695 -1460.4342
4696 -1477.6792
4697 -1446.8402
4698 -1451.5899
4699 -1450.2536
4700 -1459.1603
4701 -1447.6451
4702 -1476.2333
4703 -1471.279
4704 -1480.3454
4705 -1477.394
4706 -1474.1087
4707 -1477.8997
4708 -1444.0788
4709 -1464.8488
4710 -1471.2297
4711 -1476.6554
4712 -1472.711
4713 -1455.9802
4714 -1478.8905
4715 -1462.1467
4716 -1467.0101
4717 -1471.4642
4718 -1440.363
4719 -1478.3383
4720 -1473.7768
4721 -1463.0308
4722 -1471.763
4723 -1474.835
4724 -1478.066
4725 -1477.3625
4726 -1460.7665
4727 -1461.7999
4728 -1457.395
4729 -1479.8215
4730 -1465.9941
4731 -1467.2739
4732 -1476.7766
4733 -1479.4092
4734 -1478.3473
4735 -1471.1851
4736 -1465.9554
4737 -1459.6026
4738 -1459.5444
4739 -1473.1354
4740 -1457.8991
4741 -1480.1197
4742 -1479.8282
4743 -1476.3746
4744 -1469.6823
4745 -1466.2405
4746 -1464.9685
4747 -1460.31
4748 -1472.5315
4749 -1457.0662
4750 -1471.9588
4751 -1480.3589
4752 -1461.3647
4753 -1478.4354
4754 -1464.8814
4755 -1466.7003
4756 -1463.6111
4757 -1468.1075
4758 -1470.9542
4759 -1459.8516
4760 -1478.3916
4761 -1478.5712
4762 -1467.9312
4763 -1458.7232
4764 -1473.0915
4765 -1461.3161
4766 -1472.0367
4767 -1455.254
4768 -1477.573
4769 -1458.8048
4770 -1475.8389
4771 -1458.8563
4772 -1474.1507
4773 -1473.6076
4774 -1478.8268
4775 -1466.0721
4776 -1462.9235
4777 -1470.5273
4778 -1475.3127
4779 -1458.4482
4780 -1463.2966
4781 -1466.609
4782 -1478.6616
4783 -1444.9773
4784 -1475.4471
4785 -1477.2993
4786 -1474.0138
4787 -1479.41
4788 -1461.3949
4789 -1468.542
4790 -1455.4791
4791 -1472.4913
4792 -1476.4145
4793 -1478.1513
4794 -1450.6723
4795 -1477.9743
4796 -1468.3789
4797 -1476.0633
4798 -1459.82
4799 -1461.3408
4800 -1468.125
4801 -1479.2864
4802 -1476.1284
4803 -1463.5992
4804 -1478.8758
4805 -1477.4833
4806 -1463.495
4807 -1480.4956
4808 -1467.1411
4809 -1472.1221
4810 -1477.8513
4811 -1471.9832
4812 -1472.0318
4813 -1479.1946
4814 -1462.276
4815 -1444.4917
4816 -1454.2277
4817 -1478.0933
4818 -1479.0191
4819 -1469.1421
4820 -1466.5703
4821 -1453.5427
4822 -1479.2028
4823 -1467.1322
4824 -1449.6604
4825 -1480.4362
4826 -1455.443
4827 -1476.2151
4828 -1463.5321
4829 -1465.2413
4830 -1478.5416
4831 -1469.9062
4832 -1457.7688
4833 -1459.1265
4834 -1473.0647
4835 -1467.2581
4836 -1472.2353
4837 -1459.5489
4838 -1467.8829
4839 -1472.7904
4840 -1457.9922
4841 -1479.992
4842 -1480.0727
4843 -1472.8083
4844 -1471.0733
4845 -1459.1648
4846 -1474.6635
4847 -1470.422
4848 -1475.2039
4849 -1474.3844
4850 -1472.2984
4851 -1476.6491
4852 -1473.6331
4853 -1478.3742
4854 -1461.3472
4855 -1470.7231
4856 -1468.5188
4857 -1475.309
4858 -1477.6122
4859 -1475.0336
4860 -1459.9503
4861 -1471.6224
4862 -1472.1238
4863 -1473.9162
4864 -1463.6256
4865 -1444.6112
4866 -1457.2837
4867 -1477.5219
4868 -1475.9574
4869 -1454.5695
4870 -1479.3714
4871 -1462.1511
4872 -1467.0567
4873 -1472.3552
4874 -1454.3631
4875 -1461.0844
4876 -1477.3918
4877 -1479.9297
4878 -1462.3257
4879 -1467.8662
4880 -1479.9839
4881 -1478.8882
4882 -1466.2281
4883 -1475.7012
4884 -1473.3016
4885 -1475.1197
4886 -1462.1166
4887 -1480.6266
4888 -1457.668
4889 -1476.2528
4890 -1472.5543
4891 -1459.1811
4892 -1478.1516
4893 -1475.7358
4894 -1479.4273
4895 -1474.9745
4896 -1463.2766
4897 -1464.9917
4898 -1472.232
4899 -1473.6234
4900 -1466.7913
4901 -1463.0002
4902 -1479.7242
4903 -1468.5446
4904 -1477.9432
4905 -1451.5127
4906 -1457.6294
4907 -1474.5083
4908 -1468.4399
4909 -1476.3481
4910 -1474.8201
4911 -1443.3369
4912 -1469.8199
4913 -1479.2227
4914 -1459.99
4915 -1474.0997
4916 -1461.3694
4917 -1472.5017
4918 -1479.7265
4919 -1479.5656
4920 -1474.6863
4921 -1467.0284
4922 -1473.1102
4923 -1447.5327
4924 -1478.3553
4925 -1477.1785
4926 -1476.4775
4927 -1474.3434
4928 -1465.9691
4929 -1472.1393
4930 -1479.6479
4931 -1458.9008
4932 -1448.9955
4933 -1448.4704
4934 -1471.1803
4935 -1467.4755
4936 -1470.9362
4937 -1456.7814
4938 -1480.4908
4939 -1476.9424
4940 -1457.1176
4941 -1478.4797
4942 -1456.1054
4943 -1477.7989
4944 -1476.6178
4945 -1460.7909
4946 -1466.2109
4947 -1472.3164
4948 -1480.6129
4949 -1457.756
4950 -1453.4841
4951 -1452.428
4952 -1476.5292
4953 -1455.4686
4954 -1470.8191
4955 -1467.5562
4956 -1467.303
4957 -1476.7774
4958 -1473.1713
4959 -1474.3553
4960 -1457.1476
4961 -1470.7765
4962 -1445.0484
4963 -1461.7447
4964 -1462.9754
4965 -1476.7874
4966 -1464.7883
4967 -1471.4156
4968 -1469.3842
4969 -1479.2596
4970 -1471.6647
4971 -1475.0141
4972 -1474.1676
4973 -1455.2375
4974 -1458.6248
4975 -1470.4016
4976 -1471.2513
4977 -1464.2641
4978 -1472.0358
4979 -1479.4992
4980 -1474.52
4981 -1469.7959
4982 -1478.8626
4983 -1477.623
4984 -1466.3843
4985 -1478.6396
4986 -1478.2131
4987 -1452.9911
4988 -1452.9281
4989 -1467.9552
4990 -1480.5527
4991 -1477.1378
4992 -1476.441
4993 -1473.9488
4994 -1458.9389
4995 -1459.5507
4996 -1470.1133
4997 -1476.078
4998 -1472.4795
4999 -1472.3914
5000 -1478.9729
