501 -5712.2905
502 -5712.2905
503 -5712.2905
504 -5712.2905
505 -5712.2905
506 -5712.2905
507 -5712.2905
508 -5712.2905
509 -5712.2905
510 -5712.2905
511 -5712.2905
512 -5712.2905
513 -5712.2905
514 -5712.2905
515 -5712.2905
516 -5712.2905
517 -5712.2905
518 -5712.2905
519 -5712.2905
520 -5712.2905
521 -5712.2905
522 -5712.2905
523 -5712.2905
524 -5712.2905
525 -5712.2905
526 -5712.8398
527 -5712.8398
528 -5712.9817
529 -5712.9817
530 -5712.9817
531 -5712.9817
532 -5712.9817
533 -5712.9817
534 -5712.9817
535 -5712.9817
536 -5712.9817
537 -5712.9817
538 -5712.9817
539 -5712.9817
540 -5712.9817
541 -5712.9817
542 -5712.9817
543 -5712.9817
544 -5712.9817
545 -5712.9817
546 -5712.9817
547 -5712.9817
548 -5717.8112
549 -5717.8112
550 -5717.8112
551 -5717.8112
552 -5717.8112
553 -5722.4104
554 -5722.4104
555 -5722.4104
556 -5722.4104
557 -5722.4104
558 -5722.4104
559 -5722.4104
560 -5722.4104
561 -5722.4104
562 -5722.4104
563 -5722.4104
564 -5722.4104
565 -5722.4104
566 -5722.4104
567 -5722.4104
568 -5722.4104
569 -5722.4104
570 -5725.809
571 -5725.809
572 -5725.809
573 -5725.809
574 -5725.809
575 -5725.809
576 -5725.809
577 -5725.809
578 -5725.809
579 -5725.809
580 -5725.809
581 -5725.809
582 -5725.809
583 -5731.931
584 -5731.931
585 -5731.931
586 -5731.931
587 -5731.931
588 -5731.931
589 -5731.931
590 -5731.931
591 -5731.931
592 -5731.931
593 -5731.931
594 -5733.6144
595 -5733.6144
596 -5733.6144
597 -5733.6144
598 -5733.6144
599 -5733.5745
600 -5736.6142
601 -5737.028
602 -5737.028
603 -5737.028
604 -5737.028
605 -5737.028
606 -5737.028
607 -5738.5507
608 -5738.5507
609 -5738.5507
610 -5738.5507
611 -5738.5507
612 -5738.5507
613 -5741.1059
614 -5741.1059
615 -5741.1059
616 -5741.1059
617 -5741.1059
618 -5741.1059
619 -5741.1059
620 -5741.1059
621 -5741.1059
622 -5741.1059
623 -5741.1059
624 -5741.0772
625 -5741.0772
626 -5741.0772
627 -5741.0772
628 -5741.0772
629 -5741.0772
630 -5741.0772
631 -5741.0772
632 -5741.0772
633 -5741.0772
634 -5741.0772
635 -5741.0772
636 -5741.0772
637 -5741.0772
638 -5741.6841
639 -5742.1942
640 -5742.1942
641 -5742.1942
642 -5742.1942
643 -5744.6687
644 -5744.6687
645 -5744.6687
646 -5744.6687
647 -5744.6687
648 -5744.6687
649 -5744.7521
650 -5744.7521
651 -5744.7521
652 -5744.7521
653 -5744.7521
654 -5744.7521
655 -5749.0058
656 -5751.9931
657 -5751.9931
658 -5751.9931
659 -5751.9931
660 -5751.9931
661 -5752.2541
662 -5752.2541
663 -5752.2541
664 -5752.2541
665 -5752.2541
666 -5754.0652
667 -5754.0652
668 -5754.0652
669 -5754.0652
670 -5754.0652
671 -5754.0652
672 -5754.0652
673 -5754.0652
674 -5754.0652
675 -5754.0652
676 -5754.0652
677 -5754.0652
678 -5754.0652
679 -5754.0652
680 -5754.0652
681 -5754.0652
682 -5754.0652
683 -5754.3843
684 -5754.3843
685 -5754.3843
686 -5754.3843
687 -5754.3843
688 -5754.3843
689 -5754.3843
690 -5754.3843
691 -5754.3843
692 -5754.3843
693 -5754.3843
694 -5754.3843
695 -5754.3843
696 -5754.3843
697 -5754.3843
698 -5754.3843
699 -5754.3843
700 -5754.3843
701 -5754.3843
702 -5754.3843
703 -5754.8911
704 -5754.8911
705 -5754.8911
706 -5754.8911
707 -5754.8911
708 -5754.8911
709 -5754.8911
710 -5754.8911
711 -5754.8911
712 -5754.8911
713 -5754.8911
714 -5754.8911
715 -5754.8911
716 -5754.8911
717 -5756.7639
718 -5756.7639
719 -5756.7639
720 -5756.7639
721 -5756.7639
722 -5756.7639
723 -5756.7639
724 -5756.7639
725 -5756.7639
726 -5756.7639
727 -5756.7639
728 -5756.7639
729 -5756.7639
730 -5756.7639
731 -5758.7516
732 -5758.7516
733 -5758.7516
734 -5758.7516
735 -5758.7516
736 -5758.7516
737 -5758.7516
738 -5758.7516
739 -5758.7516
740 -5759.4671
741 -5759.4671
742 -5759.4671
743 -5759.4671
744 -5759.4671
745 -5759.4671
746 -5759.4671
747 -5759.4671
748 -5759.4671
749 -5759.9449
750 -5759.9449
751 -5759.9449
752 -5759.9449
753 -5759.9449
754 -5759.9449
755 -5759.9449
756 -5759.9449
757 -5759.9449
758 -5759.9449
759 -5759.9449
760 -5759.9449
761 -5759.9449
762 -5759.9449
763 -5759.9449
764 -5759.9449
765 -5759.9449
766 -5759.9449
767 -5759.9449
768 -5759.9449
769 -5759.9449
770 -5759.9449
771 -5759.9449
772 -5759.9449
773 -5759.9449
774 -5759.9449
775 -5759.9449
776 -5759.9449
777 -5759.9449
778 -5759.9449
779 -5759.9449
780 -5761.2678
781 -5761.2678
782 -5761.2678
783 -5761.2678
784 -5761.2678
785 -5761.2678
786 -5761.2678
787 -5761.2678
788 -5761.2678
789 -5761.2678
790 -5761.2678
791 -5761.2678
792 -5761.2678
793 -5761.2678
794 -5761.2678
795 -5763.3636
796 -5763.3636
797 -5763.3636
798 -5763.3636
799 -5766.1934
800 -5766.1934
801 -5766.1934
802 -5766.1934
803 -5766.1934
804 -5766.1934
805 -5766.1934
806 -5766.1934
807 -5766.1934
808 -5766.1934
809 -5766.1934
810 -5766.1934
811 -5766.1934
812 -5766.1934
813 -5766.1934
814 -5766.1934
815 -5766.1934
816 -5766.1934
817 -5766.1934
818 -5766.1934
819 -5766.1934
820 -5766.1934
821 -5766.1934
822 -5766.1934
823 -5766.6263
824 -5766.6263
825 -5766.6263
826 -5766.6263
827 -5766.6263
828 -5766.6263
829 -5766.6263
830 -5766.6263
831 -5766.6263
832 -5766.6263
833 -5766.6263
834 -5766.6263
835 -5766.6263
836 -5766.6263
837 -5766.6263
838 -5769.3653
839 -5769.3653
840 -5769.3653
841 -5769.3653
842 -5769.3653
843 -5769.3653
844 -5769.3653
845 -5769.3653
846 -5769.3653
847 -5769.3653
848 -5769.8429
849 -5769.8429
850 -5769.8429
851 -5769.8429
852 -5769.8429
853 -5769.8429
854 -5769.8429
855 -5771.8865
856 -5771.8865
857 -5771.8865
858 -5771.8865
859 -5771.8865
860 -5771.8865
861 -5771.8865
862 -5771.8865
863 -5771.8865
864 -5771.8865
865 -5771.8865
866 -5771.8865
867 -5771.8865
868 -5771.8865
869 -5771.8865
870 -5771.8865
871 -5771.8865
872 -5772.919
873 -5772.919
874 -5772.919
875 -5772.919
876 -5772.919
877 -5772.919
878 -5772.919
879 -5772.919
880 -5772.919
881 -5772.919
882 -5773.9233
883 -5773.9233
884 -5773.9233
885 -5773.9233
886 -5773.9233
887 -5773.9233
888 -5773.9233
889 -5774.9097
890 -5774.9097
891 -5774.9097
892 -5774.9097
893 -5774.9097
894 -5774.9097
895 -5774.9097
896 -5774.9097
897 -5774.9097
898 -5774.9097
899 -5774.9097
900 -5774.9097
901 -5774.9097
902 -5774.9097
903 -5776.195
904 -5776.195
905 -5776.195
906 -5776.195
907 -5776.195
908 -5776.195
909 -5776.7202
910 -5776.7202
911 -5776.7202
912 -5776.4383
913 -5776.4383
914 -5776.4383
915 -5776.4383
916 -5776.4383
917 -5776.4383
918 -5776.4383
919 -5776.4383
920 -5776.4383
921 -5776.4383
922 -5776.4383
923 -5776.4383
924 -5776.4383
925 -5776.4383
926 -5776.4383
927 -5776.5008
928 -5776.5008
929 -5776.5008
930 -5776.5008
931 -5776.5008
932 -5776.5008
933 -5776.5008
934 -5776.5008
935 -5776.5008
936 -5776.5008
937 -5776.5008
938 -5776.5008
939 -5776.5008
940 -5776.5008
941 -5776.5008
942 -5776.5008
943 -5776.5008
944 -5776.5008
945 -5776.5008
946 -5776.5008
947 -5776.5008
948 -5776.5008
949 -5776.5008
950 -5776.5008
951 -5776.5008
952 -5776.5008
953 -5776.5008
954 -5776.5008
955 -5776.5008
956 -5776.5008
957 -5776.5008
958 -5776.5008
959 -5776.5008
960 -5776.5008
961 -5776.5008
962 -5776.5008
963 -5776.5008
964 -5776.5008
965 -5776.5008
966 -5776.5008
967 -5776.5008
968 -5776.5008
969 -5776.5008
970 -5776.5008
971 -5776.5008
972 -5776.5008
973 -5776.5008
974 -5776.5008
975 -5776.5008
976 -5776.5008
977 -5776.5008
978 -5776.5008
979 -5776.5008
980 -5776.5008
981 -5776.5008
982 -5776.5008
983 -5776.5008
984 -5776.5008
985 -5776.5008
986 -5776.5008
987 -5776.6772
988 -5776.6772
989 -5776.6772
990 -5776.6772
991 -5776.6772
992 -5776.6772
993 -5776.6772
994 -5776.6772
995 -5777.1157
996 -5777.1157
997 -5777.1157
998 -5777.1157
999 -5777.3398
1000 -5777.3398
1001 -5777.3398
1002 -5777.3398
1003 -5777.3398
1004 -5777.3398
1005 -5777.3398
1006 -5777.3398
1007 -5777.3398
1008 -5777.3398
1009 -5777.3398
1010 -5778.0796
1011 -5778.0796
1012 -5778.0796
1013 -5778.0796
1014 -5778.0796
1015 -5778.0796
1016 -5778.5574
1017 -5778.5574
1018 -5778.5574
1019 -5778.5574
1020 -5778.7754
1021 -5778.7754
1022 -5778.7754
1023 -5778.7754
1024 -5778.7754
1025 -5778.7754
1026 -5778.7754
1027 -5778.7754
1028 -5778.7754
1029 -5778.7754
1030 -5778.7754
1031 -5778.7754
1032 -5778.7754
1033 -5778.7754
1034 -5778.7754
1035 -5778.7754
1036 -5778.7754
1037 -5778.7754
1038 -5778.7754
1039 -5779.7467
1040 -5779.7467
1041 -5779.7467
1042 -5779.7467
1043 -5779.7467
1044 -5779.7467
1045 -5779.7467
1046 -5779.7467
1047 -5779.7467
1048 -5779.7467
1049 -5779.7467
1050 -5779.7467
1051 -5779.7467
1052 -5779.7467
1053 -5779.7467
1054 -5779.7467
1055 -5779.7467
1056 -5781.7122
1057 -5781.7122
1058 -5781.7122
1059 -5781.7122
1060 -5781.7122
1061 -5781.7122
1062 -5781.7122
1063 -5781.7122
1064 -5781.7122
1065 -5781.7122
1066 -5781.7122
1067 -5781.7122
1068 -5781.7122
1069 -5781.7122
1070 -5781.7122
1071 -5781.7122
1072 -5781.7122
1073 -5781.7122
1074 -5781.7122
1075 -5781.7122
1076 -5781.7122
1077 -5781.7122
1078 -5781.7122
1079 -5781.7122
1080 -5781.7122
1081 -5781.7122
1082 -5781.7122
1083 -5781.7122
1084 -5781.7122
1085 -5781.7122
1086 -5781.7122
1087 -5781.7122
1088 -5781.7122
1089 -5781.7122
1090 -5781.7122
1091 -5781.7122
1092 -5781.7122
1093 -5781.7122
1094 -5781.7122
1095 -5781.7122
1096 -5781.7122
1097 -5782.1154
1098 -5782.1154
1099 -5782.1154
1100 -5782.1154
1101 -5782.1154
1102 -5782.1154
1103 -5782.1154
1104 -5782.1154
1105 -5782.1154
1106 -5782.1154
1107 -5782.5446
1108 -5782.5446
1109 -5782.5446
1110 -5782.5446
1111 -5782.5446
1112 -5782.5446
1113 -5782.5446
1114 -5782.5446
1115 -5782.5446
1116 -5782.5446
1117 -5782.5446
1118 -5782.5446
1119 -5782.5446
1120 -5782.5446
1121 -5791.3627
1122 -5791.3627
1123 -5791.3627
1124 -5791.3627
1125 -5791.3627
1126 -5791.3627
1127 -5791.3627
1128 -5791.3627
1129 -5791.3627
1130 -5791.3627
1131 -5791.3627
1132 -5791.3627
1133 -5791.3627
1134 -5791.3627
1135 -5791.3627
1136 -5791.3627
1137 -5791.3627
1138 -5791.3627
1139 -5791.3627
1140 -5791.3627
1141 -5791.3627
1142 -5791.3627
1143 -5791.3627
1144 -5791.3627
1145 -5791.3627
1146 -5791.3627
1147 -5791.3627
1148 -5791.3627
1149 -5791.3627
1150 -5791.3627
1151 -5791.3627
1152 -5791.3627
1153 -5791.3627
1154 -5791.3627
1155 -5791.3627
1156 -5791.3627
1157 -5791.3627
1158 -5791.3627
1159 -5791.3627
1160 -5791.3627
1161 -5791.3627
1162 -5791.3627
1163 -5791.3627
1164 -5791.3627
1165 -5791.3627
1166 -5791.3627
1167 -5791.3627
1168 -5792.082
1169 -5792.082
1170 -5792.082
1171 -5792.082
1172 -5792.082
1173 -5792.082
1174 -5792.082
1175 -5792.0686
1176 -5792.0686
1177 -5792.0686
1178 -5792.0686
1179 -5792.0686
1180 -5792.0686
1181 -5792.0686
1182 -5792.0686
1183 -5792.0686
1184 -5792.0686
1185 -5792.0686
1186 -5792.0686
1187 -5792.0686
1188 -5792.0686
1189 -5792.0686
1190 -5792.0686
1191 -5792.0686
1192 -5792.0686
1193 -5792.0686
1194 -5792.0686
1195 -5792.0686
1196 -5792.0686
1197 -5792.0686
1198 -5792.0686
1199 -5792.0686
1200 -5792.0686
1201 -5792.0686
1202 -5792.0686
1203 -5792.0686
1204 -5792.6065
1205 -5792.6065
1206 -5792.6065
1207 -5792.6065
1208 -5792.6065
1209 -5792.6065
1210 -5792.6065
1211 -5792.6065
1212 -5792.6065
1213 -5792.6065
1214 -5792.6065
1215 -5792.6065
1216 -5792.6065
1217 -5792.6065
1218 -5792.6065
1219 -5792.6065
1220 -5792.6065
1221 -5792.6065
1222 -5793.1316
1223 -5793.1316
1224 -5793.1316
1225 -5793.1316
1226 -5793.1316
1227 -5793.1316
1228 -5793.1316
1229 -5793.1316
1230 -5793.1316
1231 -5793.1316
1232 -5793.1316
1233 -5793.1316
1234 -5793.1316
1235 -5793.1316
1236 -5793.1316
1237 -5794.3196
1238 -5794.3196
1239 -5794.3196
1240 -5794.3196
1241 -5794.3196
1242 -5794.3196
1243 -5794.3196
1244 -5794.3196
1245 -5795.254
1246 -5795.254
1247 -5795.254
1248 -5795.254
1249 -5795.254
1250 -5795.254
1251 -5795.254
1252 -5795.254
1253 -5795.254
1254 -5795.254
1255 -5795.254
1256 -5795.254
1257 -5795.254
1258 -5795.254
1259 -5795.254
1260 -5795.254
1261 -5795.254
1262 -5795.254
1263 -5795.254
1264 -5795.254
1265 -5795.254
1266 -5795.254
1267 -5795.254
1268 -5795.254
1269 -5795.254
1270 -5795.254
1271 -5795.254
1272 -5795.254
1273 -5795.254
1274 -5795.254
1275 -5795.254
1276 -5795.254
1277 -5795.4164
1278 -5795.4164
1279 -5795.4164
1280 -5795.4164
1281 -5795.4164
1282 -5795.4164
1283 -5795.4164
1284 -5795.4164
1285 -5795.4164
1286 -5795.4164
1287 -5795.4164
1288 -5795.7484
1289 -5795.7484
1290 -5795.7484
1291 -5795.7484
1292 -5795.7484
1293 -5795.7484
1294 -5795.7484
1295 -5795.7484
1296 -5795.7484
1297 -5795.7484
1298 -5795.7484
1299 -5795.7484
1300 -5795.7484
1301 -5795.7484
1302 -5795.7484
1303 -5795.7484
1304 -5795.7484
1305 -5795.7484
1306 -5795.7484
1307 -5795.7484
1308 -5795.7484
1309 -5795.7484
1310 -5795.7484
1311 -5795.7484
1312 -5795.7484
1313 -5795.7484
1314 -5795.7484
1315 -5795.7484
1316 -5795.7484
1317 -5795.7484
1318 -5795.7484
1319 -5795.7484
1320 -5795.7484
1321 -5795.7484
1322 -5795.7484
1323 -5795.7484
1324 -5795.7484
1325 -5795.7484
1326 -5795.7484
1327 -5795.7484
1328 -5795.7484
1329 -5795.7484
1330 -5795.7484
1331 -5795.7484
1332 -5795.7484
1333 -5795.7484
1334 -5795.7484
1335 -5795.7484
1336 -5795.7484
1337 -5795.7484
1338 -5795.7484
1339 -5795.7484
1340 -5795.7484
1341 -5795.7484
1342 -5795.7484
1343 -5795.7484
1344 -5798.2137
1345 -5798.2137
1346 -5798.2137
1347 -5798.2137
1348 -5798.2137
1349 -5798.2137
1350 -5798.2137
1351 -5798.2137
1352 -5798.2137
1353 -5798.2137
1354 -5798.2137
1355 -5798.2137
1356 -5798.2137
1357 -5798.2137
1358 -5798.2137
1359 -5798.2137
1360 -5798.2137
1361 -5798.2137
1362 -5798.2137
1363 -5798.2137
1364 -5798.2137
1365 -5798.2137
1366 -5798.2137
1367 -5798.2137
1368 -5798.2137
1369 -5798.2137
1370 -5798.2137
1371 -5798.2137
1372 -5798.2137
1373 -5798.2137
1374 -5798.2137
1375 -5798.2137
1376 -5798.2137
1377 -5798.2137
1378 -5798.2137
1379 -5798.2137
1380 -5798.2137
1381 -5798.2137
1382 -5798.2137
1383 -5798.2137
1384 -5798.2137
1385 -5798.2137
1386 -5798.2137
1387 -5798.2137
1388 -5798.2137
1389 -5798.2137
1390 -5798.2751
1391 -5798.2751
1392 -5798.2751
1393 -5798.2751
1394 -5798.2751
1395 -5798.2751
1396 -5798.2751
1397 -5798.2751
1398 -5798.2751
1399 -5799.388
1400 -5799.388
1401 -5799.388
1402 -5799.388
1403 -5799.388
1404 -5799.388
1405 -5799.388
1406 -5799.388
1407 -5799.388
1408 -5799.388
1409 -5799.388
1410 -5799.388
1411 -5799.388
1412 -5799.388
1413 -5799.388
1414 -5799.388
1415 -5799.388
1416 -5799.388
1417 -5799.388
1418 -5799.388
1419 -5799.388
1420 -5799.388
1421 -5799.388
1422 -5799.388
1423 -5799.388
1424 -5799.388
1425 -5799.388
1426 -5799.388
1427 -5799.388
1428 -5799.388
1429 -5799.388
1430 -5799.388
1431 -5799.388
1432 -5799.388
1433 -5800.4505
1434 -5800.4505
1435 -5800.4505
1436 -5800.4505
1437 -5800.4505
1438 -5801.3032
1439 -5801.3032
1440 -5801.9643
1441 -5801.9643
1442 -5801.9643
1443 -5801.9643
1444 -5801.9643
1445 -5801.9643
1446 -5801.9643
1447 -5801.9643
1448 -5801.9643
1449 -5801.9643
1450 -5801.9761
1451 -5801.9761
1452 -5801.9761
1453 -5804.8399
1454 -5804.8399
1455 -5804.8399
1456 -5804.8399
1457 -5804.8399
1458 -5804.796
1459 -5804.796
1460 -5804.796
1461 -5804.796
1462 -5804.796
1463 -5804.796
1464 -5804.796
1465 -5804.796
1466 -5806.2503
1467 -5806.2503
1468 -5806.2503
1469 -5806.2503
1470 -5806.2503
1471 -5806.2503
1472 -5806.2503
1473 -5806.2503
1474 -5806.3927
1475 -5806.3927
1476 -5806.3927
1477 -5806.3927
1478 -5806.3927
1479 -5806.3927
1480 -5806.3927
1481 -5806.3927
1482 -5806.3927
1483 -5806.3927
1484 -5806.3927
1485 -5806.3927
1486 -5806.3927
1487 -5806.3927
1488 -5806.3927
1489 -5806.3927
1490 -5806.3927
1491 -5806.3927
1492 -5806.3927
1493 -5806.3927
1494 -5806.3927
1495 -5806.3927
1496 -5806.3927
1497 -5806.3927
1498 -5806.3927
1499 -5806.3927
1500 -5806.3927
1501 -5806.4928
1502 -5806.4928
1503 -5806.4928
1504 -5806.4928
1505 -5806.4928
1506 -5806.4928
1507 -5806.4928
1508 -5806.4928
1509 -5806.4928
1510 -5806.4928
1511 -5809.8743
1512 -5809.8743
1513 -5809.8743
1514 -5809.8743
1515 -5809.8743
1516 -5809.8743
1517 -5809.8743
1518 -5809.8743
1519 -5809.8743
1520 -5809.8743
1521 -5809.8743
1522 -5809.8743
1523 -5809.8743
1524 -5809.8743
1525 -5809.8743
1526 -5809.8743
1527 -5809.8743
1528 -5809.8743
1529 -5809.8743
1530 -5809.8743
1531 -5809.8743
1532 -5809.8743
1533 -5809.8743
1534 -5809.8743
1535 -5809.8743
1536 -5809.8743
1537 -5809.8743
1538 -5809.8743
1539 -5809.8743
1540 -5810.3076
1541 -5810.3076
1542 -5810.3076
1543 -5810.3076
1544 -5810.3076
1545 -5810.3076
1546 -5810.3076
1547 -5810.3076
1548 -5810.3076
1549 -5810.3076
1550 -5810.3076
1551 -5810.3076
1552 -5810.3076
1553 -5810.3076
1554 -5810.3076
1555 -5810.3076
1556 -5810.3076
1557 -5810.3076
1558 -5810.3076
1559 -5810.3076
1560 -5810.3076
1561 -5810.3076
1562 -5810.3076
1563 -5810.3076
1564 -5810.3076
1565 -5810.3076
1566 -5810.3076
1567 -5810.3076
1568 -5810.3076
1569 -5810.3076
1570 -5810.3076
1571 -5810.3076
1572 -5810.3076
1573 -5810.3076
1574 -5810.3076
1575 -5810.3076
1576 -5810.3076
1577 -5810.3076
1578 -5810.3076
1579 -5810.3076
1580 -5810.3076
1581 -5810.3076
1582 -5810.3076
1583 -5810.3076
1584 -5810.3076
1585 -5810.3076
1586 -5810.3076
1587 -5810.3076
1588 -5810.3076
1589 -5810.3076
1590 -5810.3076
1591 -5810.3076
1592 -5810.3076
1593 -5810.3076
1594 -5810.3076
1595 -5810.3076
1596 -5810.3076
1597 -5810.3076
1598 -5810.3076
1599 -5810.3076
1600 -5810.3076
1601 -5810.3076
1602 -5810.3076
1603 -5810.3076
1604 -5810.3076
1605 -5810.3076
1606 -5810.3076
1607 -5810.3076
1608 -5810.3076
1609 -5810.3076
1610 -5810.3076
1611 -5810.3076
1612 -5810.3076
1613 -5810.3076
1614 -5810.3076
1615 -5810.3076
1616 -5810.3076
1617 -5810.3076
1618 -5810.3076
1619 -5810.3076
1620 -5810.3076
1621 -5810.3076
1622 -5810.3076
1623 -5810.3076
1624 -5810.3076
1625 -5810.3076
1626 -5810.3076
1627 -5810.3076
1628 -5810.3076
1629 -5810.3076
1630 -5810.3076
1631 -5810.3076
1632 -5810.3076
1633 -5810.3076
1634 -5810.3076
1635 -5810.3076
1636 -5810.3076
1637 -5810.3076
1638 -5810.3076
1639 -5810.3076
1640 -5810.3076
1641 -5810.3076
1642 -5810.3076
1643 -5810.3076
1644 -5810.3076
1645 -5810.6309
1646 -5810.6309
1647 -5810.6309
1648 -5810.6309
1649 -5810.6309
1650 -5810.6309
1651 -5810.6309
1652 -5810.6309
1653 -5810.6309
1654 -5810.6309
1655 -5810.6309
1656 -5810.6309
1657 -5810.6309
1658 -5810.6309
1659 -5810.6309
1660 -5810.6309
1661 -5810.6309
1662 -5810.6309
1663 -5810.6309
1664 -5810.6309
1665 -5810.6309
1666 -5810.6309
1667 -5810.6309
1668 -5810.6309
1669 -5810.6309
1670 -5810.6309
1671 -5810.6309
1672 -5810.6309
1673 -5810.6309
1674 -5810.6309
1675 -5810.6309
1676 -5810.6309
1677 -5810.6309
1678 -5810.6309
1679 -5810.8897
1680 -5810.8897
1681 -5810.8897
1682 -5810.8897
1683 -5810.8897
1684 -5810.8897
1685 -5810.8897
1686 -5810.8897
1687 -5810.8897
1688 -5810.8897
1689 -5810.8897
1690 -5810.8897
1691 -5810.8897
1692 -5810.981
1693 -5810.981
1694 -5810.981
1695 -5810.981
1696 -5810.981
1697 -5810.981
1698 -5810.981
1699 -5810.981
1700 -5810.981
1701 -5810.981
1702 -5810.981
1703 -5811.5591
1704 -5811.5591
1705 -5811.5591
1706 -5811.5591
1707 -5811.5591
1708 -5811.5591
1709 -5811.4307
1710 -5811.4307
1711 -5811.4307
1712 -5811.4307
1713 -5811.4307
1714 -5811.4307
1715 -5811.4307
1716 -5811.4307
1717 -5811.4307
1718 -5811.4307
1719 -5811.4307
1720 -5811.4307
1721 -5811.4307
1722 -5811.4307
1723 -5812.6311
1724 -5812.6311
1725 -5812.6311
1726 -5812.6311
1727 -5812.6311
1728 -5812.6311
1729 -5812.6311
1730 -5812.7369
1731 -5812.7369
1732 -5812.7369
1733 -5812.7369
1734 -5812.7369
1735 -5812.7369
1736 -5812.7369
1737 -5812.7369
1738 -5812.7369
1739 -5812.7369
1740 -5816.3343
1741 -5816.3343
1742 -5816.3343
1743 -5816.3343
1744 -5816.3343
1745 -5816.3343
1746 -5816.3343
1747 -5816.3343
1748 -5816.3343
1749 -5816.3343
1750 -5816.3343
1751 -5816.3343
1752 -5816.3343
1753 -5816.3343
1754 -5816.3343
1755 -5816.3343
1756 -5816.3343
1757 -5816.3343
1758 -5816.3343
1759 -5816.3343
1760 -5816.3343
1761 -5816.3343
1762 -5816.3343
1763 -5816.3343
1764 -5816.211
1765 -5816.211
1766 -5816.211
1767 -5816.211
1768 -5816.211
1769 -5816.211
1770 -5816.211
1771 -5816.211
1772 -5816.211
1773 -5816.211
1774 -5816.211
1775 -5816.211
1776 -5816.211
1777 -5816.211
1778 -5816.211
1779 -5816.211
1780 -5816.211
1781 -5816.211
1782 -5816.211
1783 -5816.211
1784 -5816.211
1785 -5816.211
1786 -5816.211
1787 -5816.211
1788 -5816.211
1789 -5816.211
1790 -5816.211
1791 -5816.211
1792 -5816.211
1793 -5816.211
1794 -5816.211
1795 -5816.211
1796 -5816.211
1797 -5816.211
1798 -5816.211
1799 -5816.211
1800 -5816.6621
1801 -5816.6621
1802 -5816.6621
1803 -5816.6621
1804 -5816.6621
1805 -5816.6621
1806 -5816.6621
1807 -5816.6621
1808 -5816.6621
1809 -5816.6621
1810 -5816.6621
1811 -5816.6621
1812 -5816.6621
1813 -5816.6621
1814 -5816.6621
1815 -5816.6621
1816 -5816.6621
1817 -5816.6621
1818 -5816.6621
1819 -5816.6621
1820 -5816.6621
1821 -5816.6621
1822 -5816.6621
1823 -5816.8009
1824 -5816.8009
1825 -5816.8009
1826 -5816.8009
1827 -5816.8009
1828 -5816.8009
1829 -5816.8009
1830 -5816.8009
1831 -5816.8009
1832 -5816.8009
1833 -5816.8009
1834 -5816.8009
1835 -5816.8009
1836 -5816.8009
1837 -5816.8009
1838 -5816.8009
1839 -5816.8009
1840 -5816.8009
1841 -5816.8009
1842 -5816.8009
1843 -5816.8009
1844 -5816.8009
1845 -5816.8009
1846 -5816.8009
1847 -5816.8009
1848 -5816.8009
1849 -5816.8009
1850 -5816.8009
1851 -5816.8009
1852 -5816.8691
1853 -5816.8691
1854 -5816.8691
1855 -5816.8691
1856 -5816.8691
1857 -5816.8691
1858 -5816.8691
1859 -5816.8691
1860 -5816.8691
1861 -5816.8691
1862 -5816.8691
1863 -5816.8691
1864 -5816.8691
1865 -5816.8691
1866 -5816.8691
1867 -5816.8691
1868 -5816.8691
1869 -5816.8691
1870 -5816.8691
1871 -5816.8691
1872 -5816.8691
1873 -5816.8691
1874 -5816.8691
1875 -5816.8691
1876 -5816.8691
1877 -5816.8691
1878 -5816.8691
1879 -5817.6755
1880 -5817.6755
1881 -5817.6755
1882 -5817.6755
1883 -5817.6755
1884 -5817.6755
1885 -5817.6755
1886 -5817.6755
1887 -5817.6755
1888 -5817.6755
1889 -5817.6755
1890 -5817.6755
1891 -5817.6755
1892 -5817.6755
1893 -5817.6755
1894 -5817.6755
1895 -5817.6755
1896 -5817.6755
1897 -5817.6755
1898 -5817.6755
1899 -5817.6755
1900 -5817.6755
1901 -5817.6755
1902 -5817.6755
1903 -5817.6755
1904 -5817.6755
1905 -5817.6755
1906 -5817.6755
1907 -5817.6755
1908 -5817.6755
1909 -5817.6755
1910 -5817.6755
1911 -5817.6755
1912 -5817.6755
1913 -5817.6755
1914 -5817.6755
1915 -5817.6755
1916 -5817.6755
1917 -5817.6755
1918 -5817.6755
1919 -5817.6755
1920 -5817.6755
1921 -5817.6755
1922 -5817.6755
1923 -5817.6755
1924 -5817.6755
1925 -5817.6755
1926 -5817.6755
1927 -5817.6755
1928 -5817.6755
1929 -5817.6755
1930 -5817.6755
1931 -5817.6755
1932 -5817.6755
1933 -5817.6755
1934 -5817.6755
1935 -5817.6755
1936 -5818.7655
1937 -5818.7655
1938 -5818.7655
1939 -5818.7655
1940 -5818.7655
1941 -5818.7655
1942 -5818.7655
1943 -5818.7655
1944 -5818.7655
1945 -5818.7655
1946 -5818.7655
1947 -5818.7655
1948 -5818.7655
1949 -5818.7655
1950 -5818.7655
1951 -5818.7655
1952 -5818.7655
1953 -5818.7655
1954 -5818.7655
1955 -5818.7655
1956 -5818.7655
1957 -5818.7655
1958 -5818.7655
1959 -5818.7655
1960 -5819.5022
1961 -5819.5022
1962 -5819.5022
1963 -5819.5022
1964 -5819.5022
1965 -5819.5022
1966 -5819.5022
1967 -5819.5022
1968 -5819.5022
1969 -5819.5022
1970 -5819.5022
1971 -5819.5022
1972 -5819.5022
1973 -5819.5022
1974 -5819.5022
1975 -5819.5022
1976 -5819.5022
1977 -5819.5022
1978 -5819.5022
1979 -5819.5022
1980 -5819.5022
1981 -5819.5022
1982 -5819.5022
1983 -5819.5022
1984 -5819.5022
1985 -5819.5022
1986 -5819.5022
1987 -5819.5022
1988 -5819.5022
1989 -5819.5022
1990 -5819.5022
1991 -5819.5022
1992 -5819.5022
1993 -5819.5022
1994 -5819.5022
1995 -5819.5022
1996 -5819.5022
1997 -5819.5022
1998 -5819.5022
1999 -5819.5022
2000 -5819.5022
2001 -5819.5022
2002 -5819.5022
2003 -5819.5022
2004 -5819.5022
2005 -5819.5022
2006 -5819.5022
2007 -5819.5022
2008 -5819.5022
2009 -5819.5022
2010 -5819.5022
2011 -5819.5022
2012 -5819.5022
2013 -5819.5022
2014 -5819.5022
2015 -5819.5022
2016 -5819.5022
2017 -5819.5022
2018 -5819.5022
2019 -5819.5022
2020 -5819.5022
2021 -5819.5022
2022 -5819.5022
2023 -5819.5022
2024 -5819.5022
2025 -5819.5022
2026 -5819.5022
2027 -5819.5022
2028 -5819.5022
2029 -5819.5022
2030 -5819.5022
2031 -5819.5022
2032 -5819.5022
2033 -5819.5022
2034 -5819.5022
2035 -5819.5022
2036 -5819.5022
2037 -5819.5022
2038 -5819.5022
2039 -5819.5022
2040 -5819.5022
2041 -5819.5022
2042 -5819.5022
2043 -5819.5022
2044 -5819.5022
2045 -5819.5022
2046 -5819.5022
2047 -5819.5022
2048 -5819.5022
2049 -5819.5022
2050 -5819.5022
2051 -5819.5022
2052 -5819.5022
2053 -5819.5022
2054 -5819.5022
2055 -5819.5022
2056 -5819.5022
2057 -5819.5022
2058 -5819.5022
2059 -5819.5022
2060 -5819.5022
2061 -5819.5022
2062 -5819.5022
2063 -5819.5022
2064 -5819.5022
2065 -5819.5022
2066 -5819.5022
2067 -5819.5022
2068 -5819.5022
2069 -5819.5022
2070 -5819.5022
2071 -5819.5022
2072 -5819.5022
2073 -5819.5022
2074 -5819.5022
2075 -5819.5022
2076 -5819.5022
2077 -5819.5022
2078 -5819.5022
2079 -5819.4442
2080 -5819.4442
2081 -5819.4442
2082 -5819.4442
2083 -5819.4442
2084 -5819.4442
2085 -5819.4442
2086 -5819.4442
2087 -5819.4442
2088 -5819.4442
2089 -5819.4442
2090 -5819.4442
2091 -5819.4442
2092 -5819.4442
2093 -5819.4442
2094 -5819.4442
2095 -5819.4442
2096 -5819.4442
2097 -5819.4442
2098 -5819.4442
2099 -5819.4442
2100 -5819.4442
2101 -5819.4442
2102 -5819.4442
2103 -5819.4442
2104 -5819.4442
2105 -5819.4442
2106 -5819.4442
2107 -5819.4442
2108 -5819.4442
2109 -5819.4442
2110 -5819.4442
2111 -5819.4302
2112 -5819.4302
2113 -5819.4302
2114 -5819.4302
2115 -5819.4302
2116 -5819.4302
2117 -5819.4302
2118 -5819.4302
2119 -5819.4302
2120 -5819.4302
2121 -5819.4302
2122 -5819.4302
2123 -5819.4302
2124 -5819.4302
2125 -5819.4302
2126 -5819.4302
2127 -5819.4302
2128 -5819.4302
2129 -5819.4302
2130 -5819.4302
2131 -5819.4302
2132 -5819.4302
2133 -5819.6661
2134 -5819.6661
2135 -5819.6661
2136 -5819.6661
2137 -5819.6661
2138 -5819.6661
2139 -5819.6661
2140 -5819.6661
2141 -5819.6661
2142 -5819.6661
2143 -5819.6661
2144 -5819.6661
2145 -5819.6661
2146 -5819.6661
2147 -5819.6661
2148 -5819.6661
2149 -5819.6661
2150 -5819.6661
2151 -5819.6661
2152 -5819.6661
2153 -5819.6661
2154 -5819.7116
2155 -5819.7116
2156 -5819.7116
2157 -5819.7116
2158 -5819.7116
2159 -5819.7116
2160 -5819.7116
2161 -5819.7116
2162 -5819.7116
2163 -5819.7116
2164 -5819.7116
2165 -5819.7116
2166 -5819.7116
2167 -5819.7116
2168 -5819.7116
2169 -5819.7116
2170 -5819.7116
2171 -5819.7116
2172 -5819.7116
2173 -5819.7116
2174 -5819.7116
2175 -5819.7116
2176 -5819.7116
2177 -5819.7116
2178 -5819.7116
2179 -5819.7116
2180 -5820.0779
2181 -5820.0779
2182 -5820.0779
2183 -5820.0779
2184 -5820.0779
2185 -5820.0779
2186 -5820.0779
2187 -5820.0779
2188 -5820.0779
2189 -5820.0779
2190 -5820.0779
2191 -5820.0779
2192 -5820.0779
2193 -5820.0779
2194 -5820.0779
2195 -5820.0779
2196 -5820.0779
2197 -5820.0779
2198 -5820.0779
2199 -5820.0779
2200 -5820.0779
2201 -5820.0779
2202 -5820.0779
2203 -5820.0779
2204 -5820.0779
2205 -5820.0779
2206 -5820.0779
2207 -5822.1717
2208 -5822.1717
2209 -5822.1717
2210 -5822.1717
2211 -5822.1717
2212 -5822.1717
2213 -5822.1717
2214 -5822.1717
2215 -5822.1717
2216 -5822.1717
2217 -5822.1717
2218 -5822.1717
2219 -5822.1717
2220 -5822.1717
2221 -5822.1717
2222 -5822.1717
2223 -5822.1717
2224 -5822.1717
2225 -5822.2859
2226 -5822.2859
2227 -5822.2859
2228 -5822.2859
2229 -5822.2859
2230 -5822.2859
2231 -5822.2859
2232 -5822.2859
2233 -5822.2859
2234 -5822.2859
2235 -5822.2859
2236 -5822.2859
2237 -5822.372
2238 -5822.372
2239 -5822.372
2240 -5824.2597
2241 -5824.2597
2242 -5824.2597
2243 -5824.2597
2244 -5824.2597
2245 -5824.2597
2246 -5824.2597
2247 -5824.7704
2248 -5824.7704
2249 -5824.7704
2250 -5824.7704
2251 -5824.7704
2252 -5824.7704
2253 -5824.7704
2254 -5824.7704
2255 -5824.7704
2256 -5824.7704
2257 -5824.7704
2258 -5824.7704
2259 -5824.7704
2260 -5824.7704
2261 -5824.7704
2262 -5824.7704
2263 -5824.7704
2264 -5824.7704
2265 -5824.7704
2266 -5825.584
2267 -5825.584
2268 -5825.584
2269 -5825.584
2270 -5825.584
2271 -5825.584
2272 -5825.584
2273 -5825.584
2274 -5825.584
2275 -5825.584
2276 -5825.584
2277 -5825.584
2278 -5825.584
2279 -5825.584
2280 -5825.584
2281 -5825.584
2282 -5825.584
2283 -5825.584
2284 -5825.584
2285 -5825.584
2286 -5825.584
2287 -5825.584
2288 -5825.584
2289 -5825.584
2290 -5825.584
2291 -5825.584
2292 -5825.584
2293 -5825.584
2294 -5825.584
2295 -5825.584
2296 -5825.584
2297 -5825.584
2298 -5825.584
2299 -5825.584
2300 -5825.584
2301 -5825.584
2302 -5825.584
2303 -5825.584
2304 -5825.584
2305 -5825.584
2306 -5825.584
2307 -5825.584
2308 -5825.584
2309 -5825.584
2310 -5825.584
2311 -5825.584
2312 -5825.584
2313 -5825.584
2314 -5825.584
2315 -5825.584
2316 -5825.584
2317 -5825.584
2318 -5825.584
2319 -5825.584
2320 -5825.584
2321 -5826.6655
2322 -5826.6655
2323 -5826.6655
2324 -5826.6655
2325 -5826.6655
2326 -5826.6655
2327 -5826.6655
2328 -5826.6655
2329 -5826.6655
2330 -5826.6655
2331 -5826.6655
2332 -5826.6655
2333 -5826.6655
2334 -5826.6655
2335 -5826.6655
2336 -5826.6655
2337 -5826.6655
2338 -5826.6655
2339 -5826.6655
2340 -5826.6655
2341 -5826.6655
2342 -5826.6655
2343 -5826.6655
2344 -5826.6655
2345 -5826.6655
2346 -5826.6655
2347 -5826.6655
2348 -5826.6655
2349 -5826.6655
2350 -5826.6655
2351 -5826.6655
2352 -5826.6655
2353 -5826.6655
2354 -5826.6655
2355 -5826.6655
2356 -5829.067
2357 -5829.1624
2358 -5829.1624
2359 -5829.1624
2360 -5829.1624
2361 -5829.1624
2362 -5829.1624
2363 -5829.1624
2364 -5829.1624
2365 -5829.1624
2366 -5829.1624
2367 -5829.1624
2368 -5829.1624
2369 -5829.0363
2370 -5829.0363
2371 -5829.0363
2372 -5829.0363
2373 -5829.0363
2374 -5829.0363
2375 -5829.0363
2376 -5829.1018
2377 -5829.1018
2378 -5829.1018
2379 -5829.1018
2380 -5829.1018
2381 -5829.1018
2382 -5829.1018
2383 -5829.1018
2384 -5829.1018
2385 -5829.1018
2386 -5829.6257
2387 -5829.6257
2388 -5829.6257
2389 -5829.6257
2390 -5829.6257
2391 -5829.6257
2392 -5829.6257
2393 -5829.6257
2394 -5829.6257
2395 -5829.6257
2396 -5829.6257
2397 -5829.6257
2398 -5830.1593
2399 -5830.1593
2400 -5830.1593
2401 -5830.1593
2402 -5831.247
2403 -5831.247
2404 -5831.247
2405 -5831.247
2406 -5831.247
2407 -5831.247
2408 -5831.247
2409 -5831.247
2410 -5831.247
2411 -5831.247
2412 -5831.2499
2413 -5831.2499
2414 -5831.2499
2415 -5831.5659
2416 -5831.5659
2417 -5831.5659
2418 -5831.5659
2419 -5831.5659
2420 -5831.5659
2421 -5831.5659
2422 -5831.5659
2423 -5831.5659
2424 -5831.5659
2425 -5831.5659
2426 -5831.5659
2427 -5831.5659
2428 -5831.5659
2429 -5831.5659
2430 -5831.5659
2431 -5831.5659
2432 -5831.5659
2433 -5831.5659
2434 -5831.5659
2435 -5831.5659
2436 -5831.5659
2437 -5831.5659
2438 -5831.5659
2439 -5831.5659
2440 -5831.5659
2441 -5831.5659
2442 -5831.5659
2443 -5831.5659
2444 -5831.5659
2445 -5831.5659
2446 -5831.5659
2447 -5831.5659
2448 -5831.5659
2449 -5831.5659
2450 -5831.5659
2451 -5831.5659
2452 -5831.5659
2453 -5831.5659
2454 -5831.5659
2455 -5831.5578
2456 -5831.5578
2457 -5831.5578
2458 -5831.5578
2459 -5831.5578
2460 -5831.5578
2461 -5831.5578
2462 -5831.5578
2463 -5831.5578
2464 -5831.5578
2465 -5831.5578
2466 -5831.5578
2467 -5831.5578
2468 -5831.5578
2469 -5831.5578
2470 -5831.5578
2471 -5831.5578
2472 -5831.5578
2473 -5831.5578
2474 -5831.5578
2475 -5831.5578
2476 -5831.5578
2477 -5831.5578
2478 -5831.5578
2479 -5831.5578
2480 -5831.5578
2481 -5831.5578
2482 -5831.5578
2483 -5831.5578
2484 -5831.5578
2485 -5831.5578
2486 -5831.5578
2487 -5831.5578
2488 -5831.5578
2489 -5831.5578
2490 -5831.5578
2491 -5831.5578
2492 -5831.5578
2493 -5831.5578
2494 -5831.5578
2495 -5831.5578
2496 -5831.5578
2497 -5831.5578
2498 -5831.5578
2499 -5831.5578
2500 -5831.5578
2501 -5831.5578
2502 -5831.5578
2503 -5831.5578
2504 -5831.5578
2505 -5831.5578
2506 -5831.9029
2507 -5831.9029
2508 -5831.9029
2509 -5831.9029
2510 -5831.9029
2511 -5831.9029
2512 -5831.9029
2513 -5831.9029
2514 -5831.9029
2515 -5831.9029
2516 -5831.9029
2517 -5831.9029
2518 -5831.9029
2519 -5831.9029
2520 -5831.9029
2521 -5831.9029
2522 -5831.9029
2523 -5831.9029
2524 -5831.9029
2525 -5831.9029
2526 -5831.9029
2527 -5831.9029
2528 -5831.9029
2529 -5831.9029
2530 -5831.9029
2531 -5831.9029
2532 -5831.9029
2533 -5831.9029
2534 -5831.9029
2535 -5831.9029
2536 -5831.9029
2537 -5831.9029
2538 -5831.9029
2539 -5831.9029
2540 -5831.9029
2541 -5831.9029
2542 -5831.9029
2543 -5831.9029
2544 -5831.9029
2545 -5831.9029
2546 -5831.9029
2547 -5831.9029
2548 -5831.9029
2549 -5831.9029
2550 -5831.9029
2551 -5831.9029
2552 -5831.9029
2553 -5831.9029
2554 -5831.9029
2555 -5831.9029
2556 -5831.9029
2557 -5831.9029
2558 -5831.9029
2559 -5831.9029
2560 -5831.9029
2561 -5831.9029
2562 -5831.9029
2563 -5831.9029
2564 -5831.9029
2565 -5831.9029
2566 -5831.9029
2567 -5831.9029
2568 -5831.9029
2569 -5831.9029
2570 -5831.9029
2571 -5831.9029
2572 -5831.9029
2573 -5831.9029
2574 -5831.9029
2575 -5831.9029
2576 -5831.9029
2577 -5831.9029
2578 -5831.9029
2579 -5831.9029
2580 -5831.9029
2581 -5831.9029
2582 -5831.9029
2583 -5831.9029
2584 -5831.9029
2585 -5831.9029
2586 -5831.9029
2587 -5831.9029
2588 -5831.9029
2589 -5831.9029
2590 -5831.9029
2591 -5831.9029
2592 -5831.9029
2593 -5837.788
2594 -5837.788
2595 -5837.788
2596 -5837.788
2597 -5837.788
2598 -5837.788
2599 -5837.788
2600 -5837.788
2601 -5837.788
2602 -5837.788
2603 -5837.788
2604 -5837.788
2605 -5837.788
2606 -5837.788
2607 -5837.788
2608 -5837.788
2609 -5837.788
2610 -5837.788
2611 -5837.788
2612 -5837.788
2613 -5837.788
2614 -5837.788
2615 -5837.8816
2616 -5837.8816
2617 -5837.8816
2618 -5837.8816
2619 -5837.8816
2620 -5837.8816
2621 -5837.8816
2622 -5837.8816
2623 -5837.8816
2624 -5837.8816
2625 -5837.8816
2626 -5837.8816
2627 -5837.8816
2628 -5837.8816
2629 -5837.8816
2630 -5837.8816
2631 -5837.8816
2632 -5837.8816
2633 -5837.8816
2634 -5837.8816
2635 -5838.7069
2636 -5838.7069
2637 -5838.7069
2638 -5838.7069
2639 -5838.7069
2640 -5838.7069
2641 -5838.7069
2642 -5838.7069
2643 -5838.7069
2644 -5838.7069
2645 -5838.7069
2646 -5838.7069
2647 -5838.7069
2648 -5838.7069
2649 -5838.7069
2650 -5838.7069
2651 -5838.7069
2652 -5838.7069
2653 -5838.7069
2654 -5838.7069
2655 -5838.7069
2656 -5838.7069
2657 -5839.4098
2658 -5839.4098
2659 -5839.4098
2660 -5839.4098
2661 -5839.4098
2662 -5839.4098
2663 -5839.4098
2664 -5839.4098
2665 -5839.4098
2666 -5839.4098
2667 -5839.4098
2668 -5839.4098
2669 -5839.4098
2670 -5839.7069
2671 -5839.7069
2672 -5839.7069
2673 -5839.7069
2674 -5839.7069
2675 -5839.7069
2676 -5839.7069
2677 -5839.7069
2678 -5839.7069
2679 -5839.7069
2680 -5839.7069
2681 -5839.7069
2682 -5839.7069
2683 -5839.7069
2684 -5839.7069
2685 -5839.7069
2686 -5839.7069
2687 -5839.7069
2688 -5839.7069
2689 -5839.7069
2690 -5839.7069
2691 -5839.7069
2692 -5839.7069
2693 -5839.7069
2694 -5839.7069
2695 -5839.7069
2696 -5839.7069
2697 -5839.7069
2698 -5839.7069
2699 -5839.7069
2700 -5839.7069
2701 -5839.7069
2702 -5839.7069
2703 -5839.7069
2704 -5839.7069
2705 -5839.7059
2706 -5839.7059
2707 -5839.7059
2708 -5839.7059
2709 -5839.7059
2710 -5839.7059
2711 -5839.7059
2712 -5839.7059
2713 -5839.7059
2714 -5839.7059
2715 -5839.7059
2716 -5839.7059
2717 -5839.7059
2718 -5839.7059
2719 -5839.7059
2720 -5839.7059
2721 -5839.7059
2722 -5839.7059
2723 -5840.0567
2724 -5840.0567
2725 -5840.0567
2726 -5840.0567
2727 -5840.0567
2728 -5840.0567
2729 -5840.0567
2730 -5840.0567
2731 -5840.0567
2732 -5840.0567
2733 -5840.0567
2734 -5840.0567
2735 -5840.0567
2736 -5840.1027
2737 -5840.1027
2738 -5840.1027
2739 -5840.1027
2740 -5840.1027
2741 -5840.1027
2742 -5840.1027
2743 -5840.1027
2744 -5840.1027
2745 -5840.1027
2746 -5840.1027
2747 -5840.1027
2748 -5840.1027
2749 -5840.1027
2750 -5840.1027
2751 -5840.1027
2752 -5840.1027
2753 -5840.1027
2754 -5840.1027
2755 -5840.1027
2756 -5840.1232
2757 -5840.1232
2758 -5840.1232
2759 -5840.1232
2760 -5840.1232
2761 -5840.162
2762 -5840.162
2763 -5840.162
2764 -5840.162
2765 -5840.162
2766 -5840.162
2767 -5840.162
2768 -5840.162
2769 -5840.162
2770 -5840.162
2771 -5840.162
2772 -5840.162
2773 -5840.162
2774 -5840.162
2775 -5840.162
2776 -5840.162
2777 -5840.162
2778 -5840.162
2779 -5840.162
2780 -5840.162
2781 -5840.162
2782 -5840.162
2783 -5840.162
2784 -5840.162
2785 -5840.162
2786 -5840.162
2787 -5840.2737
2788 -5840.2737
2789 -5840.2737
2790 -5840.2737
2791 -5840.2737
2792 -5840.2737
2793 -5840.2737
2794 -5840.2737
2795 -5840.2737
2796 -5840.2737
2797 -5840.2737
2798 -5840.2737
2799 -5840.2737
2800 -5840.2737
2801 -5840.2737
2802 -5840.2737
2803 -5840.2737
2804 -5840.2737
2805 -5840.2737
2806 -5840.2737
2807 -5840.2737
2808 -5840.2737
2809 -5840.2737
2810 -5840.2737
2811 -5840.2737
2812 -5840.2737
2813 -5840.2737
2814 -5840.2737
2815 -5840.2737
2816 -5840.2737
2817 -5840.2737
2818 -5840.2737
2819 -5840.2737
2820 -5840.2737
2821 -5840.2737
2822 -5840.2737
2823 -5840.2737
2824 -5840.2737
2825 -5840.2737
2826 -5840.2737
2827 -5840.2737
2828 -5840.2737
2829 -5840.2737
2830 -5840.2737
2831 -5840.2737
2832 -5840.2737
2833 -5840.2737
2834 -5840.2737
2835 -5840.2737
2836 -5840.2737
2837 -5840.2737
2838 -5840.2737
2839 -5840.2737
2840 -5840.2737
2841 -5840.2737
2842 -5840.2737
2843 -5840.2737
2844 -5840.2737
2845 -5840.2737
2846 -5840.2737
2847 -5840.2737
2848 -5840.2737
2849 -5840.2737
2850 -5840.2737
2851 -5840.2737
2852 -5840.2737
2853 -5840.2737
2854 -5840.2737
2855 -5840.2737
2856 -5840.2737
2857 -5840.2737
2858 -5840.2737
2859 -5840.2737
2860 -5840.2737
2861 -5841.1066
2862 -5841.1066
2863 -5841.1066
2864 -5841.1066
2865 -5841.1066
2866 -5841.1066
2867 -5841.1066
2868 -5841.1066
2869 -5841.1066
2870 -5841.1066
2871 -5841.1066
2872 -5841.1066
2873 -5841.1066
2874 -5841.1066
2875 -5841.1066
2876 -5841.1066
2877 -5841.1066
2878 -5841.1066
2879 -5841.1066
2880 -5841.1066
2881 -5841.1066
2882 -5841.1066
2883 -5841.1066
2884 -5841.1066
2885 -5841.1066
2886 -5841.1066
2887 -5841.1066
2888 -5841.441
2889 -5841.441
2890 -5841.441
2891 -5841.441
2892 -5841.441
2893 -5841.441
2894 -5841.441
2895 -5841.441
2896 -5841.441
2897 -5841.441
2898 -5841.441
2899 -5841.441
2900 -5841.441
2901 -5841.441
2902 -5841.441
2903 -5841.441
2904 -5841.441
2905 -5841.441
2906 -5841.441
2907 -5841.441
2908 -5841.441
2909 -5841.441
2910 -5841.441
2911 -5841.441
2912 -5841.441
2913 -5841.8795
2914 -5841.8795
2915 -5841.8795
2916 -5842.1311
2917 -5842.1311
2918 -5842.1311
2919 -5842.1311
2920 -5842.1311
2921 -5842.1311
2922 -5842.1311
2923 -5842.1311
2924 -5842.1311
2925 -5842.1311
2926 -5842.1311
2927 -5842.1311
2928 -5842.1311
2929 -5842.1311
2930 -5842.1311
2931 -5842.1311
2932 -5842.1311
2933 -5842.1311
2934 -5842.1311
2935 -5842.1311
2936 -5842.1311
2937 -5842.1311
2938 -5842.1311
2939 -5842.1311
2940 -5842.1311
2941 -5842.1311
2942 -5842.1311
2943 -5842.1311
2944 -5842.1311
2945 -5842.1311
2946 -5842.1311
2947 -5842.1311
2948 -5842.1311
2949 -5842.1311
2950 -5842.1311
2951 -5842.1311
2952 -5842.4547
2953 -5842.4547
2954 -5842.4547
2955 -5842.4547
2956 -5842.4547
2957 -5842.4547
2958 -5842.4547
2959 -5842.4547
2960 -5842.4547
2961 -5842.4547
2962 -5842.4547
2963 -5842.4547
2964 -5842.4547
2965 -5842.4547
2966 -5842.9078
2967 -5842.9078
2968 -5842.9078
2969 -5842.9078
2970 -5842.9078
2971 -5844.2759
2972 -5844.2759
2973 -5844.2759
2974 -5844.2759
2975 -5844.2759
2976 -5844.2759
2977 -5844.2759
2978 -5845.0134
2979 -5845.0134
2980 -5845.0134
2981 -5845.0134
2982 -5845.0134
2983 -5845.0134
2984 -5845.0134
2985 -5845.0134
2986 -5845.0134
2987 -5845.0134
2988 -5845.0134
2989 -5845.0134
2990 -5845.0134
2991 -5845.0134
2992 -5845.0134
2993 -5845.0134
2994 -5845.0134
2995 -5845.0134
2996 -5845.0134
2997 -5845.0134
2998 -5845.0134
2999 -5845.0134
3000 -5845.0134
3001 -5845.0134
3002 -5845.0134
3003 -5845.0134
3004 -5845.0134
3005 -5845.0134
3006 -5845.0134
3007 -5845.0134
3008 -5845.0134
3009 -5845.0134
3010 -5845.0134
3011 -5845.0134
3012 -5845.0134
3013 -5845.0134
3014 -5845.0134
3015 -5845.0134
3016 -5845.0134
3017 -5845.0134
3018 -5845.0134
3019 -5845.0134
3020 -5845.0134
3021 -5845.0134
3022 -5845.0134
3023 -5845.0134
3024 -5845.0134
3025 -5845.0134
3026 -5845.0134
3027 -5845.0134
3028 -5845.0134
3029 -5845.0134
3030 -5845.0134
3031 -5845.0134
3032 -5845.0134
3033 -5845.1393
3034 -5845.1393
3035 -5845.1393
3036 -5845.1393
3037 -5845.1393
3038 -5845.1393
3039 -5845.1393
3040 -5845.1393
3041 -5845.1393
3042 -5845.1393
3043 -5845.1393
3044 -5845.1393
3045 -5845.1393
3046 -5845.1393
3047 -5845.1393
3048 -5845.1393
3049 -5845.1393
3050 -5845.1393
3051 -5845.1393
3052 -5845.1393
3053 -5845.1393
3054 -5845.1393
3055 -5845.1393
3056 -5845.1393
3057 -5845.1393
3058 -5845.1393
3059 -5845.1393
3060 -5845.1393
3061 -5845.1393
3062 -5845.1393
3063 -5845.1393
3064 -5845.1393
3065 -5845.1393
3066 -5845.1393
3067 -5845.1393
3068 -5845.1393
3069 -5845.5198
3070 -5845.5198
3071 -5845.5198
3072 -5845.5198
3073 -5845.5198
3074 -5845.5198
3075 -5847.8162
3076 -5847.8162
3077 -5847.8162
3078 -5847.8162
3079 -5847.8162
3080 -5847.8162
3081 -5847.8162
3082 -5847.8162
3083 -5847.8162
3084 -5847.8162
3085 -5847.8162
3086 -5847.8162
3087 -5847.8162
3088 -5847.8162
3089 -5847.8162
3090 -5847.8162
3091 -5847.8162
3092 -5847.8162
3093 -5847.8162
3094 -5847.8162
3095 -5847.8162
3096 -5847.8162
3097 -5847.8162
3098 -5847.9729
3099 -5847.9729
3100 -5847.9729
3101 -5847.9729
3102 -5847.9729
3103 -5847.9729
3104 -5847.9729
3105 -5847.9729
3106 -5847.9729
3107 -5847.9729
3108 -5847.9729
3109 -5847.9729
3110 -5847.9729
3111 -5847.9729
3112 -5847.9729
3113 -5847.9729
3114 -5847.9729
3115 -5847.9729
3116 -5847.9729
3117 -5847.9729
3118 -5847.9729
3119 -5847.9729
3120 -5847.9729
3121 -5847.9729
3122 -5847.9729
3123 -5847.9729
3124 -5847.9729
3125 -5847.9729
3126 -5847.9729
3127 -5847.9729
3128 -5847.9729
3129 -5847.9729
3130 -5847.9729
3131 -5847.9729
3132 -5847.9729
3133 -5848.1833
3134 -5848.1833
3135 -5848.1833
3136 -5848.1833
3137 -5848.1833
3138 -5848.1833
3139 -5848.1833
3140 -5848.1833
3141 -5848.1833
3142 -5848.1833
3143 -5848.1833
3144 -5848.1833
3145 -5848.1833
3146 -5848.1833
3147 -5848.1833
3148 -5848.1833
3149 -5848.1833
3150 -5848.1833
3151 -5848.1833
3152 -5848.1833
3153 -5848.1833
3154 -5848.1833
3155 -5848.1833
3156 -5848.1833
3157 -5848.1833
3158 -5848.1833
3159 -5848.1833
3160 -5848.1833
3161 -5848.1833
3162 -5848.1833
3163 -5848.1833
3164 -5848.1833
3165 -5848.1833
3166 -5848.1833
3167 -5848.1833
3168 -5848.1833
3169 -5848.1833
3170 -5848.1215
3171 -5848.1215
3172 -5848.1215
3173 -5848.1215
3174 -5848.1215
3175 -5848.1215
3176 -5848.1215
3177 -5848.1215
3178 -5848.1215
3179 -5848.1215
3180 -5848.1215
3181 -5848.1215
3182 -5848.1215
3183 -5848.1215
3184 -5848.1215
3185 -5848.1215
3186 -5848.1215
3187 -5848.1215
3188 -5848.1215
3189 -5848.1215
3190 -5848.1215
3191 -5848.1215
3192 -5848.1215
3193 -5848.1215
3194 -5848.1215
3195 -5848.1215
3196 -5848.1215
3197 -5848.1215
3198 -5848.1215
3199 -5848.1215
3200 -5848.1215
3201 -5848.1215
3202 -5848.1215
3203 -5848.1215
3204 -5848.1215
3205 -5848.1215
3206 -5848.1215
3207 -5848.1215
3208 -5848.1215
3209 -5848.1215
3210 -5848.1215
3211 -5848.1215
3212 -5848.1215
3213 -5848.1215
3214 -5848.1215
3215 -5848.1215
3216 -5848.1215
3217 -5848.1215
3218 -5848.1215
3219 -5848.1215
3220 -5848.1215
3221 -5848.1215
3222 -5848.1215
3223 -5848.1215
3224 -5848.1215
3225 -5848.1215
3226 -5848.1215
3227 -5848.1215
3228 -5848.1215
3229 -5848.1215
3230 -5848.1215
3231 -5848.1215
3232 -5848.1215
3233 -5848.1215
3234 -5848.1215
3235 -5848.1215
3236 -5848.1215
3237 -5848.1215
3238 -5848.1215
3239 -5848.1215
3240 -5848.1215
3241 -5848.1215
3242 -5848.1215
3243 -5848.1215
3244 -5848.1215
3245 -5848.1215
3246 -5848.1215
3247 -5848.1215
3248 -5848.1215
3249 -5848.1215
3250 -5848.1215
3251 -5848.1215
3252 -5848.1215
3253 -5848.1215
3254 -5848.1215
3255 -5848.1215
3256 -5848.1215
3257 -5848.1215
3258 -5848.1215
3259 -5848.1215
3260 -5848.1215
3261 -5848.1215
3262 -5848.1215
3263 -5848.1215
3264 -5848.1215
3265 -5848.1215
3266 -5848.1215
3267 -5848.1215
3268 -5848.1215
3269 -5848.1215
3270 -5848.1215
3271 -5848.1215
3272 -5848.1215
3273 -5848.1215
3274 -5848.1215
3275 -5848.1215
3276 -5848.1215
3277 -5848.1215
3278 -5848.1215
3279 -5848.1215
3280 -5848.1215
3281 -5848.1481
3282 -5848.1481
3283 -5848.1481
3284 -5848.1481
3285 -5848.1481
3286 -5848.1481
3287 -5848.1481
3288 -5848.1481
3289 -5848.1481
3290 -5848.1481
3291 -5848.1481
3292 -5848.1481
3293 -5848.1481
3294 -5848.1481
3295 -5848.1481
3296 -5848.1481
3297 -5848.1481
3298 -5848.1481
3299 -5848.1481
3300 -5848.1481
3301 -5848.1481
3302 -5848.1481
3303 -5848.1481
3304 -5848.1481
3305 -5848.1481
3306 -5848.1481
3307 -5848.1481
3308 -5848.1481
3309 -5848.1481
3310 -5848.1481
3311 -5848.1481
3312 -5848.1481
3313 -5848.1481
3314 -5848.1481
3315 -5848.1481
3316 -5848.1481
3317 -5848.1481
3318 -5848.1481
3319 -5848.1481
3320 -5848.1481
3321 -5848.1481
3322 -5848.1481
3323 -5848.1481
3324 -5848.1481
3325 -5848.1481
3326 -5848.1481
3327 -5848.1481
3328 -5848.1481
3329 -5848.1481
3330 -5848.1481
3331 -5848.1481
3332 -5848.1481
3333 -5848.1481
3334 -5848.1481
3335 -5848.1481
3336 -5848.1481
3337 -5848.1481
3338 -5848.1481
3339 -5848.1481
3340 -5848.1481
3341 -5848.1481
3342 -5848.1481
3343 -5848.2041
3344 -5848.2041
3345 -5848.2041
3346 -5848.2041
3347 -5848.2041
3348 -5848.2041
3349 -5848.2041
3350 -5848.2041
3351 -5848.2041
3352 -5848.2041
3353 -5848.2041
3354 -5848.2041
3355 -5848.2041
3356 -5848.2041
3357 -5848.2041
3358 -5848.2041
3359 -5848.2041
3360 -5848.2041
3361 -5848.2041
3362 -5848.2041
3363 -5848.2041
3364 -5848.2041
3365 -5848.2041
3366 -5848.2041
3367 -5848.2041
3368 -5848.2033
3369 -5848.2033
3370 -5848.8952
3371 -5848.8952
3372 -5848.8952
3373 -5848.8952
3374 -5848.8952
3375 -5848.8952
3376 -5848.8952
3377 -5848.8952
3378 -5848.8952
3379 -5848.8952
3380 -5848.8952
3381 -5848.8952
3382 -5848.8952
3383 -5848.8952
3384 -5848.8952
3385 -5848.8952
3386 -5848.8952
3387 -5848.8952
3388 -5848.8952
3389 -5848.8952
3390 -5848.9761
3391 -5848.9761
3392 -5848.9761
3393 -5848.9761
3394 -5848.9761
3395 -5848.9761
3396 -5848.9761
3397 -5848.9761
3398 -5848.9761
3399 -5848.9761
3400 -5848.9761
3401 -5848.9761
3402 -5848.9761
3403 -5848.9761
3404 -5848.9761
3405 -5848.9761
3406 -5848.9761
3407 -5848.9761
3408 -5848.9761
3409 -5848.9761
3410 -5848.9761
3411 -5848.9761
3412 -5848.9761
3413 -5848.9761
3414 -5848.9761
3415 -5848.9761
3416 -5848.9761
3417 -5848.9761
3418 -5848.9761
3419 -5848.9761
3420 -5848.9761
3421 -5848.9761
3422 -5848.9761
3423 -5848.9761
3424 -5848.9761
3425 -5848.9761
3426 -5848.9761
3427 -5848.9761
3428 -5848.9761
3429 -5848.9761
3430 -5848.9761
3431 -5848.9761
3432 -5848.9761
3433 -5848.9761
3434 -5848.9761
3435 -5848.9761
3436 -5848.9761
3437 -5848.9761
3438 -5848.9761
3439 -5848.9761
3440 -5848.9761
3441 -5848.9761
3442 -5848.9761
3443 -5848.9761
3444 -5848.9761
3445 -5849.5822
3446 -5849.5822
3447 -5849.5822
3448 -5849.5822
3449 -5849.5822
3450 -5849.5822
3451 -5850.1884
3452 -5850.1884
3453 -5850.1884
3454 -5850.1884
3455 -5850.1884
3456 -5850.1884
3457 -5850.1884
3458 -5850.1884
3459 -5850.1884
3460 -5850.1884
3461 -5850.1884
3462 -5850.1884
3463 -5850.1884
3464 -5850.1884
3465 -5850.3242
3466 -5850.3242
3467 -5850.3242
3468 -5850.3242
3469 -5850.3242
3470 -5850.3242
3471 -5850.3242
3472 -5850.3242
3473 -5850.3242
3474 -5850.3242
3475 -5850.3242
3476 -5850.3242
3477 -5850.3242
3478 -5850.3242
3479 -5850.3242
3480 -5850.3242
3481 -5850.3242
3482 -5850.3242
3483 -5850.3242
3484 -5850.3242
3485 -5850.3242
3486 -5850.3242
3487 -5850.3242
3488 -5850.3242
3489 -5850.3242
3490 -5850.3242
3491 -5850.3242
3492 -5850.3242
3493 -5850.3242
3494 -5850.3242
3495 -5850.3242
3496 -5850.3242
3497 -5850.3242
3498 -5850.3242
3499 -5850.3242
3500 -5850.3242
3501 -5850.3242
3502 -5850.3242
3503 -5850.3242
3504 -5850.3242
3505 -5850.3242
3506 -5850.3242
3507 -5850.3242
3508 -5850.3242
3509 -5850.3242
3510 -5850.3242
3511 -5850.3242
3512 -5850.3242
3513 -5850.3242
3514 -5850.3242
3515 -5850.3242
3516 -5850.3242
3517 -5850.3242
3518 -5850.3242
3519 -5850.3242
3520 -5850.3242
3521 -5850.3242
3522 -5850.3242
3523 -5850.3242
3524 -5850.3242
3525 -5850.3242
3526 -5850.3242
3527 -5850.3242
3528 -5850.3242
3529 -5850.3242
3530 -5850.3242
3531 -5850.3242
3532 -5850.4896
3533 -5850.4896
3534 -5850.8154
3535 -5850.8154
3536 -5850.8154
3537 -5850.8154
3538 -5850.8154
3539 -5850.8154
3540 -5850.8154
3541 -5850.8154
3542 -5850.7893
3543 -5850.7893
3544 -5850.7893
3545 -5850.7893
3546 -5850.7893
3547 -5850.7893
3548 -5850.7893
3549 -5850.7893
3550 -5850.7893
3551 -5850.7893
3552 -5850.7893
3553 -5850.7893
3554 -5850.7893
3555 -5850.7893
3556 -5850.7893
3557 -5850.7893
3558 -5850.7893
3559 -5850.7893
3560 -5850.7893
3561 -5850.7893
3562 -5850.7893
3563 -5850.7893
3564 -5850.7893
3565 -5850.7893
3566 -5850.7893
3567 -5850.7893
3568 -5850.7893
3569 -5850.7893
3570 -5850.7893
3571 -5850.7893
3572 -5850.7893
3573 -5850.7893
3574 -5850.7893
3575 -5850.7893
3576 -5850.7893
3577 -5850.7893
3578 -5850.7893
3579 -5850.7893
3580 -5850.7893
3581 -5850.7893
3582 -5850.7893
3583 -5850.7893
3584 -5850.7893
3585 -5850.7893
3586 -5850.7893
3587 -5850.7893
3588 -5850.7893
3589 -5850.7893
3590 -5850.7893
3591 -5850.7893
3592 -5850.7893
3593 -5850.7893
3594 -5850.6338
3595 -5850.6338
3596 -5850.6338
3597 -5850.6338
3598 -5850.6338
3599 -5850.6338
3600 -5850.6338
3601 -5850.6338
3602 -5851.0467
3603 -5851.0467
3604 -5851.0467
3605 -5851.0467
3606 -5851.0467
3607 -5851.0467
3608 -5851.0467
3609 -5851.0467
3610 -5851.0467
3611 -5851.0467
3612 -5851.0467
3613 -5851.0467
3614 -5851.0467
3615 -5851.0467
3616 -5851.0467
3617 -5851.0467
3618 -5851.0467
3619 -5851.0467
3620 -5851.0467
3621 -5851.0467
3622 -5851.0467
3623 -5851.0467
3624 -5851.0467
3625 -5853.3624
3626 -5853.3624
3627 -5853.3624
3628 -5853.3624
3629 -5853.3624
3630 -5853.3624
3631 -5853.3624
3632 -5853.3624
3633 -5853.3624
3634 -5853.3624
3635 -5853.3624
3636 -5853.3624
3637 -5853.3624
3638 -5853.3624
3639 -5853.3624
3640 -5853.3624
3641 -5853.3624
3642 -5853.3624
3643 -5857.4338
3644 -5857.4338
3645 -5857.4338
3646 -5857.4338
3647 -5857.4338
3648 -5857.4338
3649 -5857.4338
3650 -5857.4338
3651 -5857.4338
3652 -5857.4338
3653 -5857.4338
3654 -5857.4338
3655 -5857.4338
3656 -5857.4338
3657 -5857.4338
3658 -5857.4338
3659 -5857.4338
3660 -5857.4338
3661 -5857.4338
3662 -5857.4338
3663 -5857.4338
3664 -5857.4338
3665 -5857.4338
3666 -5857.4338
3667 -5857.5654
3668 -5857.5654
3669 -5857.5654
3670 -5857.5654
3671 -5857.5654
3672 -5857.5654
3673 -5857.5654
3674 -5857.5654
3675 -5857.5654
3676 -5857.5654
3677 -5857.5654
3678 -5858.1617
3679 -5858.1617
3680 -5858.1617
3681 -5858.1617
3682 -5858.1617
3683 -5858.1617
3684 -5858.1617
3685 -5858.1617
3686 -5858.1617
3687 -5858.1617
3688 -5858.1617
3689 -5858.1617
3690 -5858.1617
3691 -5858.1617
3692 -5858.1617
3693 -5858.1617
3694 -5858.1617
3695 -5858.1617
3696 -5858.1617
3697 -5858.1617
3698 -5858.1617
3699 -5858.1617
3700 -5858.1617
3701 -5858.1617
3702 -5858.1617
3703 -5858.1617
3704 -5858.1617
3705 -5858.1617
3706 -5858.1617
3707 -5858.1617
3708 -5858.1617
3709 -5858.1617
3710 -5858.1617
3711 -5858.1617
3712 -5858.1617
3713 -5858.1617
3714 -5858.1617
3715 -5858.1617
3716 -5858.1617
3717 -5858.5917
3718 -5858.5917
3719 -5858.5917
3720 -5858.5917
3721 -5858.5917
3722 -5858.5917
3723 -5858.5917
3724 -5858.5917
3725 -5858.5917
3726 -5858.5917
3727 -5858.5917
3728 -5858.5917
3729 -5858.5917
3730 -5858.5917
3731 -5858.5917
3732 -5858.5917
3733 -5858.5917
3734 -5858.5917
3735 -5858.5917
3736 -5858.5917
3737 -5858.5917
3738 -5858.5917
3739 -5858.5917
3740 -5858.5917
3741 -5858.5917
3742 -5858.5917
3743 -5858.5917
3744 -5858.5917
3745 -5858.5917
3746 -5858.5917
3747 -5858.5917
3748 -5858.5917
3749 -5858.5917
3750 -5858.5917
3751 -5858.5917
3752 -5858.5917
3753 -5858.5917
3754 -5858.5917
3755 -5858.5917
3756 -5858.5917
3757 -5858.5917
3758 -5858.5917
3759 -5858.5917
3760 -5858.5917
3761 -5858.5917
3762 -5858.5917
3763 -5858.5917
3764 -5858.5917
3765 -5858.5917
3766 -5858.5917
3767 -5858.5917
3768 -5858.5917
3769 -5858.5917
3770 -5858.5917
3771 -5858.5917
3772 -5858.5917
3773 -5858.5917
3774 -5858.5917
3775 -5858.5917
3776 -5858.5917
3777 -5858.5917
3778 -5858.5917
3779 -5858.5917
3780 -5858.5917
3781 -5858.5917
3782 -5858.5917
3783 -5858.5917
3784 -5858.5917
3785 -5858.5917
3786 -5858.5917
3787 -5858.5917
3788 -5858.5917
3789 -5858.5917
3790 -5858.5917
3791 -5858.5917
3792 -5858.5917
3793 -5858.5917
3794 -5858.5917
3795 -5858.5917
3796 -5858.5917
3797 -5858.5917
3798 -5858.5917
3799 -5858.5917
3800 -5858.5917
3801 -5858.5917
3802 -5858.5917
3803 -5858.5917
3804 -5858.5917
3805 -5858.5917
3806 -5858.5917
3807 -5858.5917
3808 -5858.5917
3809 -5858.5917
3810 -5858.5917
3811 -5858.5917
3812 -5858.5917
3813 -5858.5917
3814 -5858.5917
3815 -5858.5917
3816 -5858.5917
3817 -5858.5917
3818 -5858.5917
3819 -5858.5917
3820 -5858.5917
3821 -5858.5917
3822 -5858.5917
3823 -5858.5917
3824 -5858.5917
3825 -5858.5917
3826 -5858.5917
3827 -5858.5917
3828 -5858.5917
3829 -5858.5917
3830 -5858.5917
3831 -5858.5917
3832 -5858.5917
3833 -5858.5917
3834 -5858.5917
3835 -5858.5917
3836 -5858.5917
3837 -5858.5917
3838 -5858.5917
3839 -5858.5917
3840 -5858.5917
3841 -5858.5917
3842 -5858.5917
3843 -5858.5917
3844 -5858.5917
3845 -5858.5917
3846 -5858.5917
3847 -5858.5917
3848 -5858.5917
3849 -5858.5917
3850 -5858.5917
3851 -5858.5917
3852 -5858.5917
3853 -5858.5917
3854 -5858.5917
3855 -5858.5917
3856 -5858.5917
3857 -5858.5917
3858 -5858.5917
3859 -5858.5917
3860 -5858.5917
3861 -5858.5917
3862 -5858.5917
3863 -5858.5917
3864 -5858.5917
3865 -5858.5917
3866 -5858.5917
3867 -5858.5917
3868 -5858.5917
3869 -5858.5917
3870 -5858.5917
3871 -5858.5917
3872 -5858.5917
3873 -5858.5917
3874 -5858.5917
3875 -5858.7106
3876 -5858.7106
3877 -5858.7106
3878 -5858.7106
3879 -5858.7106
3880 -5858.7106
3881 -5858.7106
3882 -5858.7106
3883 -5858.7106
3884 -5858.7106
3885 -5858.7106
3886 -5858.7106
3887 -5858.7106
3888 -5858.7106
3889 -5858.7106
3890 -5858.7106
3891 -5858.7106
3892 -5858.7106
3893 -5858.7106
3894 -5858.7106
3895 -5858.7106
3896 -5858.7106
3897 -5858.7106
3898 -5858.7106
3899 -5858.7106
3900 -5858.7106
3901 -5858.7106
3902 -5858.7106
3903 -5858.7106
3904 -5858.7106
3905 -5858.7106
3906 -5859.8075
3907 -5859.8075
3908 -5859.8075
3909 -5859.8075
3910 -5859.8075
3911 -5859.8075
3912 -5859.8075
3913 -5859.8075
3914 -5859.8075
3915 -5859.8075
3916 -5859.8075
3917 -5859.8075
3918 -5859.8075
3919 -5859.8075
3920 -5859.8075
3921 -5859.8075
3922 -5859.8075
3923 -5859.8075
3924 -5859.8075
3925 -5859.8075
3926 -5859.8075
3927 -5859.8075
3928 -5859.8075
3929 -5859.8075
3930 -5859.8075
3931 -5859.8075
3932 -5859.8075
3933 -5859.8075
3934 -5859.8075
3935 -5859.8075
3936 -5859.8075
3937 -5859.8075
3938 -5859.8075
3939 -5859.8075
3940 -5859.8075
3941 -5859.8075
3942 -5859.8075
3943 -5859.8075
3944 -5859.8075
3945 -5859.8075
3946 -5859.8075
3947 -5859.8075
3948 -5859.8075
3949 -5859.8075
3950 -5859.8075
3951 -5859.8075
3952 -5860.1622
3953 -5860.1622
3954 -5860.1622
3955 -5860.1622
3956 -5860.1622
3957 -5860.1622
3958 -5860.1622
3959 -5860.1622
3960 -5860.1622
3961 -5860.1622
3962 -5860.1622
3963 -5860.7798
3964 -5860.7798
3965 -5860.7798
3966 -5860.7798
3967 -5860.7798
3968 -5860.7798
3969 -5860.7798
3970 -5860.7798
3971 -5860.7798
3972 -5860.7798
3973 -5860.7798
3974 -5860.7798
3975 -5860.7798
3976 -5860.7798
3977 -5860.7798
3978 -5860.7798
3979 -5860.7798
3980 -5860.7798
3981 -5861.8634
3982 -5861.8634
3983 -5861.8634
3984 -5861.8634
3985 -5861.8634
3986 -5861.8634
3987 -5861.8634
3988 -5861.8634
3989 -5861.8634
3990 -5861.8634
3991 -5861.8634
3992 -5861.8634
3993 -5861.8634
3994 -5861.8634
3995 -5861.8634
3996 -5861.8634
3997 -5861.8634
3998 -5861.8634
3999 -5861.9298
4000 -5861.9298
4001 -5861.9298
4002 -5861.9298
4003 -5861.9298
4004 -5861.9298
4005 -5861.9298
4006 -5861.9298
4007 -5861.9298
4008 -5861.9298
4009 -5861.9298
4010 -5861.9298
4011 -5861.9298
4012 -5861.9298
4013 -5861.9298
4014 -5861.9298
4015 -5861.9298
4016 -5861.9298
4017 -5861.9298
4018 -5861.9298
4019 -5861.9298
4020 -5861.9298
4021 -5861.9298
4022 -5861.9298
4023 -5861.9298
4024 -5861.9298
4025 -5861.9298
4026 -5861.9298
4027 -5862.0055
4028 -5862.0055
4029 -5862.0055
4030 -5862.0055
4031 -5862.0055
4032 -5862.0055
4033 -5862.0055
4034 -5862.0055
4035 -5862.0055
4036 -5862.0055
4037 -5862.0055
4038 -5862.0055
4039 -5862.0055
4040 -5862.0055
4041 -5862.6621
4042 -5862.6621
4043 -5862.6621
4044 -5862.6621
4045 -5862.6621
4046 -5862.6621
4047 -5862.6621
4048 -5862.6621
4049 -5862.6621
4050 -5862.6621
4051 -5862.6621
4052 -5862.6621
4053 -5862.6621
4054 -5862.6621
4055 -5862.6621
4056 -5862.6621
4057 -5862.6621
4058 -5862.6621
4059 -5862.6621
4060 -5862.6621
4061 -5862.6621
4062 -5862.6621
4063 -5862.6621
4064 -5862.6621
4065 -5862.6621
4066 -5862.6621
4067 -5862.6621
4068 -5862.6621
4069 -5862.6621
4070 -5862.6621
4071 -5862.6621
4072 -5862.6621
4073 -5862.6621
4074 -5862.6621
4075 -5862.6621
4076 -5862.6621
4077 -5862.6621
4078 -5862.6621
4079 -5862.6621
4080 -5862.6621
4081 -5862.6621
4082 -5862.6621
4083 -5862.6621
4084 -5862.6621
4085 -5862.6621
4086 -5862.6621
4087 -5862.6621
4088 -5862.6621
4089 -5862.7926
4090 -5862.7926
4091 -5862.7926
4092 -5862.7926
4093 -5862.7926
4094 -5862.9343
4095 -5862.9343
4096 -5862.9343
4097 -5862.9343
4098 -5862.9343
4099 -5862.9343
4100 -5862.9343
4101 -5862.9343
4102 -5862.9343
4103 -5862.9343
4104 -5862.9343
4105 -5862.9343
4106 -5862.9343
4107 -5862.9343
4108 -5862.9343
4109 -5862.9343
4110 -5862.9343
4111 -5862.9343
4112 -5862.9343
4113 -5862.9343
4114 -5862.9343
4115 -5862.9343
4116 -5862.9343
4117 -5862.9343
4118 -5862.9343
4119 -5862.9343
4120 -5862.9343
4121 -5862.9343
4122 -5862.9343
4123 -5862.9343
4124 -5862.9343
4125 -5862.9343
4126 -5862.9343
4127 -5862.9343
4128 -5863.3114
4129 -5863.3114
4130 -5863.3114
4131 -5863.3114
4132 -5863.3114
4133 -5863.3114
4134 -5863.3114
4135 -5863.3114
4136 -5863.3114
4137 -5863.3114
4138 -5863.3114
4139 -5863.3114
4140 -5863.3114
4141 -5863.3114
4142 -5863.3114
4143 -5863.3114
4144 -5863.3114
4145 -5863.3114
4146 -5863.3114
4147 -5863.3114
4148 -5863.3114
4149 -5863.3114
4150 -5863.3114
4151 -5863.3114
4152 -5863.3114
4153 -5863.3114
4154 -5863.3114
4155 -5863.3114
4156 -5863.3114
4157 -5863.3114
4158 -5863.3114
4159 -5863.3114
4160 -5864.4865
4161 -5864.4865
4162 -5864.4865
4163 -5864.4865
4164 -5864.4865
4165 -5864.4865
4166 -5864.4865
4167 -5864.4865
4168 -5864.4865
4169 -5864.4865
4170 -5864.4865
4171 -5864.8199
4172 -5864.8199
4173 -5864.8199
4174 -5864.8199
4175 -5864.8199
4176 -5864.8199
4177 -5864.8199
4178 -5864.8199
4179 -5864.8199
4180 -5864.8199
4181 -5864.8199
4182 -5864.8199
4183 -5864.8199
4184 -5864.8199
4185 -5864.8199
4186 -5864.8199
4187 -5864.8199
4188 -5864.8199
4189 -5864.8199
4190 -5864.8199
4191 -5864.8199
4192 -5864.8199
4193 -5864.8199
4194 -5864.8199
4195 -5864.8199
4196 -5864.8199
4197 -5864.8199
4198 -5864.8199
4199 -5864.8199
4200 -5864.8199
4201 -5864.8199
4202 -5864.8199
4203 -5864.8199
4204 -5864.8199
4205 -5864.8199
4206 -5864.8199
4207 -5864.8199
4208 -5864.8199
4209 -5864.8199
4210 -5864.8199
4211 -5864.8199
4212 -5864.8199
4213 -5864.8199
4214 -5864.8199
4215 -5864.8199
4216 -5864.8199
4217 -5864.8199
4218 -5864.8199
4219 -5864.8199
4220 -5864.8199
4221 -5864.8199
4222 -5864.8199
4223 -5864.8199
4224 -5864.8199
4225 -5864.8199
4226 -5864.8199
4227 -5864.8199
4228 -5864.8199
4229 -5864.8199
4230 -5864.8199
4231 -5864.8199
4232 -5864.8199
4233 -5865.194
4234 -5865.194
4235 -5865.194
4236 -5865.194
4237 -5865.194
4238 -5865.194
4239 -5865.194
4240 -5865.194
4241 -5865.194
4242 -5865.194
4243 -5865.194
4244 -5865.194
4245 -5865.194
4246 -5865.194
4247 -5865.194
4248 -5865.194
4249 -5865.194
4250 -5865.194
4251 -5865.194
4252 -5865.1515
4253 -5865.1515
4254 -5865.1515
4255 -5865.1515
4256 -5865.1515
4257 -5865.1515
4258 -5865.1515
4259 -5865.1515
4260 -5865.1515
4261 -5865.0323
4262 -5865.0323
4263 -5865.0323
4264 -5865.0323
4265 -5865.0323
4266 -5865.0323
4267 -5865.1844
4268 -5865.1844
4269 -5865.1844
4270 -5865.1844
4271 -5865.1844
4272 -5865.1844
4273 -5865.1844
4274 -5865.1844
4275 -5865.1844
4276 -5865.1844
4277 -5865.1844
4278 -5865.1844
4279 -5865.1844
4280 -5865.1844
4281 -5865.1844
4282 -5865.1844
4283 -5865.1844
4284 -5865.1844
4285 -5865.1844
4286 -5865.1844
4287 -5865.1844
4288 -5865.1844
4289 -5865.1844
4290 -5865.1844
4291 -5865.1844
4292 -5865.1844
4293 -5865.1844
4294 -5865.1844
4295 -5865.1844
4296 -5865.1844
4297 -5865.1844
4298 -5865.1844
4299 -5865.1844
4300 -5865.1844
4301 -5865.1844
4302 -5865.1844
4303 -5865.1844
4304 -5865.1844
4305 -5865.1844
4306 -5865.1844
4307 -5865.1844
4308 -5865.1844
4309 -5865.1844
4310 -5865.1844
4311 -5865.1844
4312 -5865.1844
4313 -5865.1844
4314 -5865.1844
4315 -5865.1844
4316 -5865.1844
4317 -5865.1844
4318 -5865.1844
4319 -5865.1844
4320 -5865.1844
4321 -5865.1844
4322 -5865.1844
4323 -5865.1844
4324 -5865.1844
4325 -5865.1844
4326 -5865.1844
4327 -5865.1844
4328 -5865.1844
4329 -5865.1844
4330 -5865.1844
4331 -5865.1844
4332 -5865.1844
4333 -5865.1844
4334 -5865.1844
4335 -5865.1844
4336 -5865.1849
4337 -5865.1849
4338 -5865.1849
4339 -5865.1849
4340 -5865.1849
4341 -5865.1849
4342 -5865.1849
4343 -5865.1849
4344 -5865.1849
4345 -5864.9666
4346 -5865.666
4347 -5865.666
4348 -5865.666
4349 -5865.666
4350 -5865.666
4351 -5865.666
4352 -5865.666
4353 -5865.666
4354 -5865.666
4355 -5865.666
4356 -5865.666
4357 -5865.666
4358 -5865.666
4359 -5865.666
4360 -5865.666
4361 -5865.666
4362 -5865.666
4363 -5865.666
4364 -5865.666
4365 -5865.666
4366 -5865.666
4367 -5865.666
4368 -5865.666
4369 -5865.666
4370 -5865.666
4371 -5865.666
4372 -5865.666
4373 -5865.666
4374 -5865.666
4375 -5865.666
4376 -5865.666
4377 -5865.666
4378 -5865.666
4379 -5865.666
4380 -5865.666
4381 -5865.666
4382 -5865.666
4383 -5865.666
4384 -5865.666
4385 -5865.666
4386 -5865.666
4387 -5865.6489
4388 -5865.6489
4389 -5865.6489
4390 -5865.6489
4391 -5865.6489
4392 -5865.6489
4393 -5865.6489
4394 -5865.6489
4395 -5865.6489
4396 -5865.6489
4397 -5865.6489
4398 -5865.6489
4399 -5865.6489
4400 -5865.6489
4401 -5865.6489
4402 -5865.6489
4403 -5865.6489
4404 -5865.6489
4405 -5865.6489
4406 -5865.6489
4407 -5865.6489
4408 -5865.6489
4409 -5865.6489
4410 -5865.6489
4411 -5865.6489
4412 -5865.6489
4413 -5865.6489
4414 -5865.6489
4415 -5865.6489
4416 -5865.6489
4417 -5865.6489
4418 -5865.6489
4419 -5865.6489
4420 -5865.6489
4421 -5865.6489
4422 -5865.6489
4423 -5865.6489
4424 -5865.6489
4425 -5865.6489
4426 -5865.6489
4427 -5865.6489
4428 -5865.6489
4429 -5865.6489
4430 -5865.6489
4431 -5865.6489
4432 -5865.6489
4433 -5865.6489
4434 -5865.6489
4435 -5865.6489
4436 -5865.6489
4437 -5865.6489
4438 -5865.6489
4439 -5865.6489
4440 -5865.6489
4441 -5865.6489
4442 -5865.6489
4443 -5865.6489
4444 -5865.6489
4445 -5865.6489
4446 -5865.6489
4447 -5865.6489
4448 -5865.6489
4449 -5865.6489
4450 -5865.6489
4451 -5865.6489
4452 -5865.6489
4453 -5865.6489
4454 -5865.6489
4455 -5865.6489
4456 -5865.6489
4457 -5865.6489
4458 -5865.6489
4459 -5865.6489
4460 -5865.6489
4461 -5865.6489
4462 -5865.6489
4463 -5865.6489
4464 -5865.6489
4465 -5865.6489
4466 -5866.0785
4467 -5866.0785
4468 -5866.0785
4469 -5866.0785
4470 -5866.0785
4471 -5866.0785
4472 -5866.0785
4473 -5866.0785
4474 -5866.0785
4475 -5866.1929
4476 -5866.1929
4477 -5866.1929
4478 -5866.1929
4479 -5866.1929
4480 -5866.1929
4481 -5866.1929
4482 -5866.1929
4483 -5866.1929
4484 -5866.1929
4485 -5866.1929
4486 -5866.1929
4487 -5866.1929
4488 -5866.1929
4489 -5866.1929
4490 -5866.1929
4491 -5866.1929
4492 -5866.1929
4493 -5866.1929
4494 -5866.1929
4495 -5866.1929
4496 -5866.1929
4497 -5866.1929
4498 -5866.1929
4499 -5866.1929
4500 -5866.1929
4501 -5866.1929
4502 -5866.1929
4503 -5866.1929
4504 -5866.1929
4505 -5866.1929
4506 -5866.1929
4507 -5866.1929
4508 -5866.1929
4509 -5866.1929
4510 -5866.1929
4511 -5866.1929
4512 -5866.1929
4513 -5866.1929
4514 -5866.1929
4515 -5866.1929
4516 -5866.1929
4517 -5866.1929
4518 -5866.1929
4519 -5866.1929
4520 -5866.1929
4521 -5866.1929
4522 -5866.1929
4523 -5866.1929
4524 -5866.1929
4525 -5866.1929
4526 -5866.1929
4527 -5866.1929
4528 -5866.1929
4529 -5866.1929
4530 -5866.1929
4531 -5866.1929
4532 -5866.1929
4533 -5866.1929
4534 -5866.1929
4535 -5866.1929
4536 -5866.1929
4537 -5866.1929
4538 -5866.1929
4539 -5866.1929
4540 -5866.1929
4541 -5866.1929
4542 -5866.1929
4543 -5866.1929
4544 -5866.1929
4545 -5866.1929
4546 -5866.3128
4547 -5866.3128
4548 -5866.3128
4549 -5866.3128
4550 -5866.3128
4551 -5866.3128
4552 -5866.3128
4553 -5866.3128
4554 -5866.3128
4555 -5866.3128
4556 -5866.3128
4557 -5866.3128
4558 -5866.3128
4559 -5866.3128
4560 -5866.3128
4561 -5866.3128
4562 -5866.64
4563 -5866.64
4564 -5866.64
4565 -5866.64
4566 -5866.64
4567 -5866.64
4568 -5866.64
4569 -5866.64
4570 -5866.64
4571 -5866.64
4572 -5866.64
4573 -5866.64
4574 -5866.64
4575 -5866.64
4576 -5866.64
4577 -5866.64
4578 -5866.64
4579 -5866.64
4580 -5866.64
4581 -5866.64
4582 -5866.64
4583 -5866.64
4584 -5866.64
4585 -5866.64
4586 -5866.64
4587 -5866.64
4588 -5866.64
4589 -5866.64
4590 -5866.64
4591 -5866.64
4592 -5866.64
4593 -5866.64
4594 -5866.64
4595 -5866.64
4596 -5866.64
4597 -5866.64
4598 -5866.64
4599 -5866.64
4600 -5866.64
4601 -5866.64
4602 -5866.64
4603 -5866.64
4604 -5866.64
4605 -5866.64
4606 -5866.64
4607 -5866.64
4608 -5866.64
4609 -5866.64
4610 -5866.64
4611 -5866.64
4612 -5866.64
4613 -5866.64
4614 -5866.64
4615 -5866.64
4616 -5866.64
4617 -5866.64
4618 -5866.64
4619 -5866.6425
4620 -5866.6425
4621 -5866.6425
4622 -5866.6425
4623 -5866.6425
4624 -5866.6425
4625 -5866.6425
4626 -5866.6425
4627 -5866.6425
4628 -5866.6425
4629 -5866.6425
4630 -5866.6425
4631 -5866.6425
4632 -5866.6425
4633 -5866.6425
4634 -5866.6425
4635 -5866.6425
4636 -5866.6425
4637 -5866.6425
4638 -5866.6425
4639 -5866.6425
4640 -5866.6475
4641 -5866.6475
4642 -5866.7424
4643 -5866.7424
4644 -5866.7424
4645 -5866.7424
4646 -5866.7424
4647 -5866.7424
4648 -5866.7424
4649 -5866.7424
4650 -5866.7424
4651 -5866.7424
4652 -5866.7424
4653 -5866.7424
4654 -5866.7424
4655 -5866.7424
4656 -5866.7424
4657 -5866.7424
4658 -5867.0871
4659 -5867.0871
4660 -5867.0871
4661 -5867.0871
4662 -5867.0871
4663 -5867.0871
4664 -5867.0871
4665 -5867.0871
4666 -5867.0871
4667 -5867.0871
4668 -5867.0871
4669 -5867.0871
4670 -5867.0871
4671 -5867.0871
4672 -5867.0871
4673 -5867.0871
4674 -5867.0871
4675 -5867.0871
4676 -5867.0871
4677 -5867.0871
4678 -5867.0871
4679 -5867.0871
4680 -5867.0871
4681 -5867.0871
4682 -5867.0871
4683 -5867.0871
4684 -5867.0871
4685 -5867.0871
4686 -5867.0871
4687 -5867.0871
4688 -5867.0871
4689 -5867.0871
4690 -5867.0871
4691 -5867.0871
4692 -5867.0871
4693 -5867.0871
4694 -5867.0871
4695 -5867.0871
4696 -5867.0871
4697 -5867.0871
4698 -5867.0871
4699 -5867.0871
4700 -5867.0871
4701 -5867.0871
4702 -5867.0871
4703 -5867.0871
4704 -5867.0871
4705 -5867.0871
4706 -5867.0871
4707 -5867.0871
4708 -5867.0871
4709 -5867.0871
4710 -5867.0871
4711 -5867.0871
4712 -5867.0871
4713 -5867.0871
4714 -5867.0818
4715 -5867.0818
4716 -5867.0818
4717 -5867.0818
4718 -5867.0818
4719 -5867.0818
4720 -5867.0818
4721 -5867.0818
4722 -5867.0818
4723 -5867.0818
4724 -5867.0818
4725 -5867.0818
4726 -5867.2747
4727 -5867.2747
4728 -5867.2747
4729 -5867.2747
4730 -5867.2747
4731 -5867.2747
4732 -5867.2747
4733 -5867.2747
4734 -5867.2747
4735 -5867.2747
4736 -5867.2747
4737 -5867.2747
4738 -5867.2747
4739 -5867.2747
4740 -5867.2747
4741 -5867.2747
4742 -5867.2747
4743 -5867.2747
4744 -5867.2747
4745 -5867.2747
4746 -5867.2747
4747 -5867.2747
4748 -5867.2747
4749 -5867.2747
4750 -5867.2747
4751 -5867.2747
4752 -5867.2747
4753 -5867.2747
4754 -5867.2747
4755 -5867.2747
4756 -5867.2747
4757 -5867.2747
4758 -5867.2747
4759 -5867.2747
4760 -5867.2747
4761 -5867.2747
4762 -5867.2747
4763 -5867.4152
4764 -5867.4152
4765 -5867.4152
4766 -5867.4152
4767 -5867.4152
4768 -5867.4152
4769 -5867.4152
4770 -5867.4152
4771 -5867.4152
4772 -5867.4152
4773 -5868.3132
4774 -5868.3132
4775 -5868.3132
4776 -5868.3132
4777 -5868.3132
4778 -5868.3132
4779 -5868.3132
4780 -5868.3132
4781 -5868.3132
4782 -5868.3132
4783 -5868.3132
4784 -5868.3132
4785 -5868.3132
4786 -5868.3132
4787 -5868.3132
4788 -5868.3132
4789 -5868.3132
4790 -5868.3132
4791 -5868.3132
4792 -5868.3132
4793 -5868.3132
4794 -5868.3132
4795 -5868.3132
4796 -5868.3132
4797 -5868.3132
4798 -5868.3132
4799 -5868.3132
4800 -5868.3132
4801 -5868.3132
4802 -5868.3132
4803 -5868.3132
4804 -5868.3132
4805 -5868.3132
4806 -5868.3132
4807 -5868.3132
4808 -5868.3132
4809 -5868.3132
4810 -5868.3132
4811 -5868.3132
4812 -5868.3132
4813 -5868.3132
4814 -5868.3132
4815 -5868.3132
4816 -5868.3132
4817 -5868.3132
4818 -5868.3132
4819 -5868.3132
4820 -5868.3132
4821 -5868.3132
4822 -5868.3132
4823 -5868.3132
4824 -5868.3132
4825 -5868.3132
4826 -5868.3132
4827 -5868.3132
4828 -5868.3132
4829 -5868.3132
4830 -5868.3132
4831 -5868.3132
4832 -5868.3132
4833 -5868.3132
4834 -5868.3132
4835 -5868.3132
4836 -5868.3132
4837 -5868.3132
4838 -5868.3132
4839 -5868.3132
4840 -5868.3132
4841 -5868.3132
4842 -5868.3132
4843 -5868.3132
4844 -5868.3132
4845 -5868.3132
4846 -5868.3132
4847 -5868.3132
4848 -5868.3132
4849 -5868.3132
4850 -5868.3132
4851 -5868.3132
4852 -5868.3132
4853 -5868.3132
4854 -5868.3132
4855 -5868.3132
4856 -5868.3132
4857 -5868.3132
4858 -5868.3132
4859 -5868.3132
4860 -5868.3132
4861 -5868.3132
4862 -5868.3132
4863 -5868.3132
4864 -5868.3132
4865 -5868.3132
4866 -5868.3132
4867 -5868.3132
4868 -5868.3132
4869 -5868.3132
4870 -5868.3132
4871 -5868.3132
4872 -5868.3132
4873 -5868.3132
4874 -5868.3132
4875 -5868.3132
4876 -5868.3132
4877 -5868.3132
4878 -5868.3132
4879 -5868.3132
4880 -5868.3132
4881 -5868.3132
4882 -5868.3132
4883 -5868.3132
4884 -5868.3132
4885 -5868.3132
4886 -5868.3132
4887 -5868.3132
4888 -5868.3132
4889 -5868.3132
4890 -5868.3132
4891 -5868.3132
4892 -5868.3132
4893 -5868.3132
4894 -5868.3132
4895 -5868.3132
4896 -5868.3132
4897 -5868.3132
4898 -5868.3132
4899 -5868.3132
4900 -5868.3132
4901 -5868.3132
4902 -5868.3132
4903 -5868.3132
4904 -5868.3132
4905 -5868.3132
4906 -5868.3132
4907 -5868.3132
4908 -5868.3132
4909 -5868.3132
4910 -5868.3132
4911 -5868.3132
4912 -5868.3132
4913 -5868.3132
4914 -5868.3132
4915 -5868.3132
4916 -5868.3132
4917 -5868.3132
4918 -5868.3132
4919 -5868.3132
4920 -5868.3132
4921 -5868.3132
4922 -5868.3132
4923 -5868.3132
4924 -5868.3132
4925 -5868.3132
4926 -5868.3132
4927 -5868.3132
4928 -5868.3132
4929 -5868.3132
4930 -5868.3132
4931 -5868.3132
4932 -5868.3132
4933 -5868.3132
4934 -5868.3132
4935 -5868.3132
4936 -5868.8675
4937 -5868.8675
4938 -5868.8675
4939 -5868.8675
4940 -5868.8675
4941 -5868.8675
4942 -5868.8675
4943 -5868.8675
4944 -5868.8675
4945 -5868.8069
4946 -5868.8069
4947 -5868.8069
4948 -5868.8069
4949 -5868.8522
4950 -5868.8522
4951 -5868.8522
4952 -5868.8522
4953 -5868.8522
4954 -5868.8522
4955 -5868.8522
4956 -5868.8522
4957 -5868.8522
4958 -5868.8522
4959 -5868.8522
4960 -5868.8522
4961 -5868.8522
4962 -5868.8522
4963 -5868.8522
4964 -5868.8522
4965 -5868.8522
4966 -5868.8522
4967 -5868.8522
4968 -5868.8522
4969 -5868.8522
4970 -5868.8522
4971 -5868.8522
4972 -5868.8522
4973 -5868.8522
4974 -5868.8522
4975 -5868.8522
4976 -5868.8522
4977 -5868.8522
4978 -5868.8522
4979 -5868.8522
4980 -5868.8522
4981 -5868.8522
4982 -5868.8522
4983 -5869.2294
4984 -5869.2294
4985 -5869.2294
4986 -5869.2294
4987 -5869.2294
4988 -5869.2294
4989 -5869.2294
4990 -5869.0361
4991 -5869.0361
4992 -5869.0361
4993 -5869.0361
4994 -5869.0361
4995 -5869.0361
4996 -5869.0361
4997 -5869.0361
4998 -5869.0361
4999 -5869.0361
5000 -5869.0361
5001 -5869.0361
5002 -5869.0361
5003 -5869.0361
5004 -5869.0361
5005 -5869.0361
5006 -5869.0361
5007 -5869.0361
5008 -5869.0361
5009 -5869.0361
5010 -5869.0361
5011 -5869.0361
5012 -5869.0361
5013 -5869.0361
5014 -5869.0361
5015 -5869.0361
5016 -5869.0361
5017 -5869.0361
5018 -5869.0361
5019 -5869.0361
5020 -5869.0361
5021 -5869.0361
5022 -5869.0361
5023 -5869.0361
5024 -5869.0361
5025 -5869.0361
5026 -5869.0361
5027 -5869.0361
5028 -5869.0361
5029 -5869.0361
5030 -5869.0361
5031 -5869.0361
5032 -5869.0361
5033 -5869.0361
5034 -5869.0361
5035 -5869.4193
5036 -5869.4193
5037 -5869.4193
5038 -5869.4193
5039 -5869.4193
5040 -5869.4193
5041 -5869.4193
5042 -5869.4193
5043 -5869.4193
5044 -5869.4193
5045 -5869.4193
5046 -5869.4193
5047 -5869.4193
5048 -5869.4193
5049 -5869.4193
5050 -5869.4193
5051 -5869.4193
5052 -5869.4193
5053 -5870.1771
5054 -5870.1771
5055 -5870.1771
5056 -5870.1771
5057 -5870.1771
5058 -5870.1771
5059 -5870.1771
5060 -5870.1771
5061 -5870.1771
5062 -5870.1771
5063 -5870.1771
5064 -5870.1771
5065 -5870.1771
5066 -5870.1771
5067 -5870.1771
5068 -5870.1771
5069 -5870.1771
5070 -5870.1771
5071 -5870.1771
5072 -5870.1771
5073 -5870.1771
5074 -5870.1771
5075 -5870.1771
5076 -5870.1771
5077 -5870.1771
5078 -5870.1771
5079 -5870.1771
5080 -5870.1771
5081 -5870.1771
5082 -5870.1771
5083 -5870.1771
5084 -5870.1771
5085 -5870.1771
5086 -5870.1771
5087 -5870.1771
5088 -5870.1771
5089 -5870.1771
5090 -5870.1771
5091 -5870.1771
5092 -5870.1771
5093 -5870.1771
5094 -5870.1771
5095 -5870.1771
5096 -5870.1771
5097 -5870.1771
5098 -5870.1771
5099 -5870.1771
5100 -5870.1771
5101 -5870.1771
5102 -5870.1771
5103 -5870.1771
5104 -5870.1771
5105 -5870.1771
5106 -5870.1771
5107 -5870.1771
5108 -5870.1771
5109 -5870.1771
5110 -5870.1771
5111 -5870.1771
5112 -5870.1771
5113 -5870.1771
5114 -5870.1771
5115 -5870.1771
5116 -5870.1771
5117 -5870.1771
5118 -5870.1771
5119 -5870.1771
5120 -5870.1771
5121 -5870.1771
5122 -5870.1771
5123 -5870.1771
5124 -5870.1771
5125 -5870.1771
5126 -5870.1771
5127 -5870.1771
5128 -5870.1771
5129 -5870.1771
5130 -5870.1771
5131 -5870.1771
5132 -5870.1771
5133 -5870.1771
5134 -5870.1771
5135 -5870.1771
5136 -5870.1771
5137 -5870.1771
5138 -5870.1771
5139 -5870.1771
5140 -5870.1771
5141 -5870.1771
5142 -5870.1771
5143 -5870.1771
5144 -5870.1771
5145 -5870.1771
5146 -5870.1771
5147 -5870.1771
5148 -5870.1771
5149 -5870.1771
5150 -5870.1771
5151 -5870.1771
5152 -5870.1771
5153 -5870.1771
5154 -5870.1771
5155 -5870.1771
5156 -5870.1771
5157 -5870.1771
5158 -5870.1771
5159 -5870.1771
5160 -5870.1771
5161 -5870.1771
5162 -5870.1771
5163 -5870.1771
5164 -5870.1771
5165 -5870.1771
5166 -5870.1771
5167 -5870.3932
5168 -5870.3932
5169 -5870.3932
5170 -5870.3932
5171 -5870.3932
5172 -5870.3932
5173 -5870.3932
5174 -5870.3932
5175 -5870.3932
5176 -5870.3932
5177 -5870.3932
5178 -5870.3932
5179 -5870.3932
5180 -5870.3932
5181 -5870.3932
5182 -5870.3932
5183 -5870.3932
5184 -5870.3932
5185 -5870.3932
5186 -5870.3932
5187 -5870.3932
5188 -5870.3932
5189 -5870.3932
5190 -5870.3932
5191 -5870.6622
5192 -5870.6622
5193 -5870.6622
5194 -5870.6622
5195 -5870.6622
5196 -5870.6622
5197 -5870.6622
5198 -5870.6622
5199 -5870.6622
5200 -5870.6622
5201 -5870.6622
5202 -5870.6622
5203 -5870.6622
5204 -5870.6622
5205 -5870.6622
5206 -5870.6622
5207 -5870.6622
5208 -5870.6622
5209 -5870.6622
5210 -5870.6622
5211 -5870.6622
5212 -5870.6622
5213 -5870.6622
5214 -5870.6622
5215 -5870.6622
5216 -5870.6622
5217 -5870.6622
5218 -5870.6622
5219 -5870.6622
5220 -5870.6622
5221 -5870.6622
5222 -5870.6622
5223 -5870.6622
5224 -5870.6622
5225 -5870.6622
5226 -5870.6622
5227 -5870.6622
5228 -5870.6622
5229 -5870.6622
5230 -5870.6622
5231 -5870.6622
5232 -5870.6622
5233 -5870.6622
5234 -5870.6622
5235 -5870.6622
5236 -5870.6622
5237 -5870.6622
5238 -5870.6622
5239 -5870.6622
5240 -5870.6622
5241 -5870.6622
5242 -5870.6622
5243 -5870.6622
5244 -5870.6622
5245 -5870.6622
5246 -5870.6622
5247 -5870.6622
5248 -5870.6622
5249 -5870.6622
5250 -5870.6622
5251 -5870.6622
5252 -5870.6622
5253 -5870.6622
5254 -5870.6622
5255 -5870.6622
5256 -5870.6622
5257 -5870.6622
5258 -5870.6622
5259 -5870.6622
5260 -5870.6622
5261 -5870.6622
5262 -5870.6622
5263 -5870.6622
5264 -5870.6622
5265 -5870.6622
5266 -5870.6622
5267 -5870.6622
5268 -5870.6622
5269 -5870.6622
5270 -5870.6622
5271 -5870.6622
5272 -5870.6622
5273 -5870.8322
5274 -5870.8322
5275 -5870.8322
5276 -5870.8322
5277 -5870.8322
5278 -5870.8322
5279 -5870.8322
5280 -5870.8322
5281 -5870.8322
5282 -5870.8322
5283 -5870.8322
5284 -5870.8322
5285 -5870.8322
5286 -5870.8322
5287 -5870.8322
5288 -5870.8322
5289 -5870.8322
5290 -5870.8322
5291 -5870.8322
5292 -5870.8322
5293 -5870.8322
5294 -5870.8322
5295 -5870.8322
5296 -5870.8322
5297 -5870.8322
5298 -5870.8322
5299 -5870.8322
5300 -5870.8322
5301 -5870.8322
5302 -5870.8322
5303 -5870.8322
5304 -5870.8322
5305 -5870.8322
5306 -5870.8322
5307 -5870.8322
5308 -5870.8322
5309 -5870.8322
5310 -5870.8322
5311 -5870.8322
5312 -5870.8322
5313 -5870.8322
5314 -5870.8322
5315 -5870.8322
5316 -5870.8322
5317 -5870.8322
5318 -5870.8322
5319 -5870.8322
5320 -5870.8322
5321 -5870.8322
5322 -5870.8322
5323 -5870.8322
5324 -5870.8322
5325 -5870.8322
5326 -5870.8322
5327 -5870.8322
5328 -5870.8322
5329 -5870.8322
5330 -5870.8322
5331 -5870.8322
5332 -5870.8322
5333 -5870.8322
5334 -5870.8322
5335 -5870.8322
5336 -5871.4129
5337 -5871.4129
5338 -5872.0064
5339 -5872.0064
5340 -5872.0064
5341 -5872.0064
5342 -5872.0064
5343 -5872.0064
5344 -5872.0064
5345 -5872.0064
5346 -5872.0064
5347 -5872.0064
5348 -5872.0064
5349 -5872.0064
5350 -5872.0064
5351 -5872.0064
5352 -5872.0064
5353 -5872.0064
5354 -5872.0064
5355 -5872.0064
5356 -5872.0064
5357 -5872.0064
5358 -5872.0064
5359 -5872.0064
5360 -5872.0064
5361 -5872.0064
5362 -5872.0064
5363 -5872.0064
5364 -5872.0064
5365 -5872.0064
5366 -5872.0064
5367 -5872.0064
5368 -5872.0064
5369 -5872.0064
5370 -5872.0064
5371 -5872.0064
5372 -5872.0064
5373 -5872.0064
5374 -5872.0064
5375 -5872.0064
5376 -5872.0064
5377 -5872.0064
5378 -5872.0064
5379 -5872.0064
5380 -5872.0064
5381 -5872.0064
5382 -5872.0064
5383 -5872.0064
5384 -5872.0064
5385 -5872.0064
5386 -5872.0064
5387 -5872.0064
5388 -5872.0064
5389 -5872.0064
5390 -5872.0064
5391 -5872.0064
5392 -5872.0064
5393 -5872.0064
5394 -5872.0064
5395 -5872.0064
5396 -5872.0064
5397 -5872.0064
5398 -5872.0064
5399 -5872.0064
5400 -5872.0064
5401 -5872.0064
5402 -5872.0064
5403 -5872.0064
5404 -5872.0064
5405 -5872.0064
5406 -5872.0064
5407 -5872.0064
5408 -5872.0064
5409 -5872.0064
5410 -5872.0064
5411 -5872.0064
5412 -5872.0064
5413 -5872.0064
5414 -5872.0064
5415 -5872.0064
5416 -5872.0064
5417 -5872.0064
5418 -5872.0064
5419 -5872.0064
5420 -5872.0064
5421 -5872.0064
5422 -5872.0064
5423 -5872.0064
5424 -5872.0064
5425 -5872.0064
5426 -5872.0064
5427 -5872.0064
5428 -5872.0064
5429 -5872.148
5430 -5872.148
5431 -5872.148
5432 -5872.148
5433 -5872.148
5434 -5872.148
5435 -5872.148
5436 -5872.148
5437 -5872.148
5438 -5872.148
5439 -5872.148
5440 -5872.148
5441 -5872.148
5442 -5872.148
5443 -5872.148
5444 -5872.148
5445 -5872.148
5446 -5872.148
5447 -5872.148
5448 -5872.148
5449 -5872.148
5450 -5872.148
5451 -5872.2873
5452 -5872.2873
5453 -5872.2873
5454 -5872.2873
5455 -5872.2873
5456 -5872.2873
5457 -5872.2873
5458 -5872.2873
5459 -5872.2873
5460 -5872.2873
5461 -5872.2873
5462 -5872.2873
5463 -5872.2873
5464 -5872.2873
5465 -5872.2873
5466 -5872.2653
5467 -5872.3977
5468 -5872.3977
5469 -5872.3977
5470 -5872.3977
5471 -5872.3977
5472 -5872.3977
5473 -5872.3977
5474 -5872.3977
5475 -5872.3977
5476 -5872.3977
5477 -5872.3977
5478 -5872.3977
5479 -5872.3977
5480 -5872.3977
5481 -5872.3977
5482 -5872.3977
5483 -5872.3977
5484 -5872.3977
5485 -5872.3977
5486 -5872.3977
5487 -5872.3977
5488 -5872.3977
5489 -5872.3977
5490 -5872.3977
5491 -5872.3977
5492 -5872.3977
5493 -5872.3977
5494 -5872.3977
5495 -5872.3977
5496 -5872.3977
5497 -5872.3977
5498 -5872.3977
5499 -5872.3977
5500 -5872.3977
5501 -5872.3977
5502 -5872.3977
5503 -5872.3977
5504 -5872.3977
5505 -5872.3977
5506 -5872.3977
5507 -5872.3977
5508 -5872.3977
5509 -5872.3977
5510 -5872.3977
5511 -5872.9627
5512 -5872.9627
5513 -5872.9627
5514 -5872.9627
5515 -5872.9627
5516 -5872.9627
5517 -5872.9627
5518 -5872.9627
5519 -5872.9627
5520 -5872.9627
5521 -5872.9627
5522 -5872.9627
5523 -5872.9627
5524 -5872.9627
5525 -5872.9627
5526 -5872.9627
5527 -5872.9627
5528 -5872.9627
5529 -5872.9627
5530 -5872.9627
5531 -5872.9627
5532 -5872.9627
5533 -5872.9627
5534 -5872.9627
5535 -5872.9627
5536 -5872.9627
5537 -5872.9627
5538 -5872.9627
5539 -5872.9627
5540 -5872.9627
5541 -5872.9627
5542 -5872.9627
5543 -5872.9627
5544 -5872.9627
5545 -5872.9627
5546 -5872.9627
5547 -5872.9627
5548 -5872.9627
5549 -5872.9627
5550 -5872.9627
5551 -5872.9627
5552 -5873.8945
5553 -5873.8945
5554 -5873.8945
5555 -5873.8945
5556 -5873.8945
5557 -5873.8945
5558 -5873.8945
5559 -5873.8945
5560 -5873.8945
5561 -5873.8945
5562 -5873.8945
5563 -5873.8945
5564 -5874.1088
5565 -5874.1088
5566 -5874.1088
5567 -5874.1088
5568 -5874.1088
5569 -5874.1088
5570 -5874.1088
5571 -5874.1088
5572 -5874.1088
5573 -5874.1088
5574 -5874.1088
5575 -5874.1088
5576 -5874.1088
5577 -5874.1088
5578 -5874.1088
5579 -5874.1088
5580 -5874.1088
5581 -5874.1088
5582 -5874.1088
5583 -5874.1088
5584 -5874.1088
5585 -5874.1088
5586 -5874.1088
5587 -5874.1088
5588 -5874.1088
5589 -5874.1088
5590 -5874.1088
5591 -5874.1088
5592 -5874.1088
5593 -5874.1088
5594 -5874.1088
5595 -5874.1088
5596 -5874.1088
5597 -5874.1088
5598 -5874.1088
5599 -5874.1088
5600 -5874.1088
5601 -5874.1088
5602 -5874.1088
5603 -5874.1088
5604 -5874.1088
5605 -5874.1088
5606 -5874.1088
5607 -5874.1088
5608 -5874.1088
5609 -5874.1088
5610 -5874.1088
5611 -5874.1088
5612 -5874.1088
5613 -5874.1088
5614 -5874.1088
5615 -5874.1088
5616 -5874.1088
5617 -5874.1088
5618 -5874.1088
5619 -5874.1088
5620 -5874.1088
5621 -5874.1088
5622 -5874.1088
5623 -5874.1088
5624 -5874.1088
5625 -5874.1088
5626 -5874.3812
5627 -5874.3812
5628 -5874.3812
5629 -5874.3812
5630 -5874.3812
5631 -5874.3812
5632 -5874.3812
5633 -5874.3812
5634 -5874.8459
5635 -5874.8459
5636 -5874.8459
5637 -5874.8459
5638 -5874.8459
5639 -5874.8459
5640 -5874.8459
5641 -5874.8459
5642 -5874.8459
5643 -5874.8459
5644 -5874.8459
5645 -5874.8459
5646 -5874.8459
5647 -5874.8459
5648 -5874.8459
5649 -5874.8459
5650 -5874.8459
5651 -5874.8459
5652 -5874.8459
5653 -5874.8459
5654 -5874.8459
5655 -5874.8459
5656 -5874.8459
5657 -5874.8459
5658 -5876.7135
5659 -5876.7135
5660 -5876.7135
5661 -5876.7135
5662 -5877.4599
5663 -5877.4599
5664 -5877.4599
5665 -5877.4599
5666 -5877.4599
5667 -5877.4599
5668 -5877.4599
5669 -5877.4599
5670 -5877.4599
5671 -5877.4599
5672 -5877.4599
5673 -5877.4599
5674 -5877.4599
5675 -5877.4599
5676 -5877.4599
5677 -5877.4599
5678 -5877.4599
5679 -5877.4599
5680 -5877.4599
5681 -5877.4599
5682 -5877.4599
5683 -5877.4599
5684 -5877.4599
5685 -5877.4599
5686 -5877.4599
5687 -5877.4599
5688 -5877.4599
5689 -5877.4599
5690 -5877.4599
5691 -5877.4599
5692 -5877.4599
5693 -5877.4599
5694 -5877.4599
5695 -5877.4599
5696 -5877.4599
5697 -5877.4599
5698 -5877.4599
5699 -5877.4599
5700 -5877.4599
5701 -5877.4599
5702 -5877.4599
5703 -5877.4599
5704 -5877.4599
5705 -5877.4599
5706 -5877.4599
5707 -5877.4599
5708 -5877.4599
5709 -5877.4599
5710 -5877.4599
5711 -5877.4599
5712 -5877.4599
5713 -5877.4599
5714 -5877.4599
5715 -5877.4599
5716 -5877.4599
5717 -5877.4599
5718 -5877.4599
5719 -5877.4599
5720 -5877.4599
5721 -5877.8188
5722 -5877.8188
5723 -5877.8188
5724 -5877.8188
5725 -5877.8188
5726 -5877.8188
5727 -5877.8188
5728 -5877.8188
5729 -5877.8188
5730 -5877.8188
5731 -5877.8188
5732 -5877.8188
5733 -5877.8905
5734 -5877.8905
5735 -5877.8905
5736 -5877.8905
5737 -5877.8905
5738 -5877.8905
5739 -5877.8905
5740 -5877.8905
5741 -5877.8905
5742 -5877.8905
5743 -5877.8905
5744 -5877.8905
5745 -5877.8905
5746 -5877.8905
5747 -5877.8905
5748 -5877.8905
5749 -5877.8905
5750 -5877.8905
5751 -5878.0263
5752 -5878.0263
5753 -5878.0263
5754 -5878.0263
5755 -5878.0263
5756 -5878.0263
5757 -5878.0263
5758 -5878.0263
5759 -5878.0263
5760 -5878.0263
5761 -5878.0263
5762 -5878.0263
5763 -5878.0263
5764 -5878.0263
5765 -5878.0263
5766 -5878.0263
5767 -5878.0263
5768 -5878.0263
5769 -5878.0263
5770 -5878.0263
5771 -5878.0263
5772 -5878.0263
5773 -5878.0263
5774 -5878.0263
5775 -5878.0263
5776 -5878.0042
5777 -5878.0042
5778 -5878.0042
5779 -5878.0042
5780 -5878.0042
5781 -5878.0042
5782 -5878.0042
5783 -5878.0042
5784 -5878.0042
5785 -5878.0042
5786 -5878.0042
5787 -5878.0042
5788 -5878.0042
5789 -5878.0042
5790 -5878.0042
5791 -5878.0042
5792 -5878.0042
5793 -5878.0042
5794 -5878.0042
5795 -5878.0042
5796 -5878.0042
5797 -5878.0042
5798 -5878.0042
5799 -5878.0042
5800 -5878.0042
5801 -5878.0042
5802 -5878.0042
5803 -5878.0042
5804 -5878.0042
5805 -5878.0042
5806 -5879.1209
5807 -5879.1209
5808 -5879.1209
5809 -5879.1209
5810 -5879.1209
5811 -5879.1209
5812 -5879.1209
5813 -5879.1209
5814 -5879.1209
5815 -5879.1209
5816 -5879.1209
5817 -5879.1209
5818 -5879.1209
5819 -5879.1209
5820 -5879.1209
5821 -5879.1209
5822 -5879.1209
5823 -5879.1209
5824 -5879.1209
5825 -5879.1209
5826 -5879.1209
5827 -5879.1209
5828 -5879.1209
5829 -5879.1209
5830 -5879.1209
5831 -5879.1209
5832 -5879.1209
5833 -5879.1209
5834 -5879.1209
5835 -5879.1209
5836 -5879.1209
5837 -5879.1209
5838 -5879.1209
5839 -5879.1209
5840 -5879.1209
5841 -5879.1209
5842 -5879.1209
5843 -5879.1209
5844 -5879.1209
5845 -5879.1209
5846 -5879.1209
5847 -5879.1209
5848 -5879.1209
5849 -5879.1209
5850 -5879.1209
5851 -5879.1209
5852 -5879.1209
5853 -5879.1209
5854 -5879.1209
5855 -5879.1209
5856 -5879.1209
5857 -5879.1209
5858 -5879.1209
5859 -5879.1209
5860 -5879.1209
5861 -5879.1209
5862 -5879.1209
5863 -5879.1209
5864 -5879.1209
5865 -5879.1209
5866 -5879.1209
5867 -5879.1209
5868 -5879.1209
5869 -5879.1209
5870 -5879.1209
5871 -5879.1209
5872 -5879.1209
5873 -5879.1209
5874 -5879.1209
5875 -5879.1209
5876 -5879.1209
5877 -5879.1209
5878 -5879.1209
5879 -5879.1057
5880 -5879.1057
5881 -5879.1057
5882 -5879.1057
5883 -5879.1057
5884 -5879.1057
5885 -5879.1057
5886 -5879.1057
5887 -5879.1057
5888 -5879.1057
5889 -5879.1057
5890 -5879.1057
5891 -5879.1057
5892 -5879.1057
5893 -5879.1057
5894 -5879.1057
5895 -5879.1057
5896 -5879.1057
5897 -5879.1057
5898 -5879.1057
5899 -5879.1057
5900 -5878.9421
5901 -5878.9421
5902 -5878.9421
5903 -5878.9421
5904 -5878.9421
5905 -5878.9421
5906 -5878.9421
5907 -5878.9421
5908 -5878.9421
5909 -5878.9421
5910 -5878.9421
5911 -5878.9421
5912 -5878.9421
5913 -5879.0775
5914 -5879.8883
5915 -5879.8883
5916 -5879.8883
5917 -5879.8883
5918 -5879.8883
5919 -5879.8883
5920 -5879.8883
5921 -5879.8883
5922 -5879.8883
5923 -5879.8883
5924 -5879.8883
5925 -5879.8883
5926 -5879.8883
5927 -5879.8883
5928 -5879.8883
5929 -5879.8883
5930 -5879.8883
5931 -5879.8883
5932 -5879.8883
5933 -5879.8883
5934 -5879.8883
5935 -5879.8883
5936 -5879.8883
5937 -5879.8883
5938 -5879.8883
5939 -5879.8883
5940 -5879.8883
5941 -5879.8883
5942 -5879.8883
5943 -5879.9256
5944 -5879.9256
5945 -5880.0007
5946 -5880.0007
5947 -5880.0007
5948 -5880.0007
5949 -5880.0007
5950 -5880.0007
5951 -5880.0007
5952 -5880.0007
5953 -5880.0007
5954 -5880.0007
5955 -5880.0007
5956 -5880.0007
5957 -5880.0007
5958 -5880.0007
5959 -5880.0007
5960 -5880.0007
5961 -5880.0007
5962 -5880.0007
5963 -5880.0007
5964 -5880.0007
5965 -5880.0007
5966 -5880.0007
5967 -5880.0007
5968 -5880.0007
5969 -5880.0007
5970 -5880.0007
5971 -5880.0007
5972 -5880.0007
5973 -5880.0007
5974 -5880.0007
5975 -5880.0007
5976 -5880.0007
5977 -5880.0007
5978 -5880.0007
5979 -5880.0007
5980 -5880.0007
5981 -5880.0007
5982 -5880.0007
5983 -5880.0007
5984 -5880.0007
5985 -5880.0007
5986 -5880.0007
5987 -5880.0007
5988 -5880.0007
5989 -5880.0007
5990 -5880.0007
5991 -5880.0007
5992 -5880.0007
5993 -5880.0007
5994 -5880.0007
5995 -5880.0007
5996 -5880.0007
5997 -5880.0007
5998 -5880.0007
5999 -5880.0007
6000 -5880.0007
