1 -1261.962
2 -1177.6008
3 -1214.0903
4 -1233.9332
5 -1289.7738
6
7
8
9
10 -1261.962
11 -1205.0116
12 -1222.634
13 -1238.5314
14 -1218.7235
15 -1191.0042
16 -844.43925
17 -1159.6656
18 -1132.2546
19 -1124.5169
20 -1177.6008
21 -1167.3865
22 -1130.7959
23 -1144.4981
24 -1179.1752
25 -1188.461
26 -1172.6285
27 -1144.3449
28 -1185.9265
29 -1234.317
30 -1214.0903
31 -1206.7003
32 -1123.1267
33 -1118.9389
34 -1039.0563
35 -1172.2661
36 -1172.0033
37 -1257.9531
38 -1244.6617
39 -1236.4089
40 -1233.9332
41 -1240.3413
42 -1214.8523
43 -1171.0286
44 -1252.8109
45 -1133.521
46 -1250.5428
47 -1270.2854
48 -1279.736
49 -1258.2308
50 -1289.7738
51
52
53
54
55
56
57
58
59
60
61
62
63
64
65
66
67
68
69
70
71
72
73
74
75
76
77
78
79
80
81
82
83
84
85
86
87
88
89
90
91
92
93
94
95
96
97
98
99
100 -1261.962
101 -1213.3563
102 -1256.8548
103 -1170.9092
104 -1246.9644
105 -1248.2618
106 -1249.0261
107 -1237.7356
108 -1216.5946
109 -1087.0267
110 -1205.0116
111 -1199.5024
112 -1241.0466
113 -1154.2712
114 -1248.436
115 -1258.2503
116 -1242.9239
117 -1239.1269
118 -1206.8228
119 -1239.8358
120 -1222.634
121 -1168.4392
122 -1193.3687
123 -1241.4766
124 -1257.1296
125 -1188.0659
126 -1249.247
127 -1243.7284
128 -1246.3388
129 -1265.6857
130 -1238.5314
131 -1255.7489
132 -1243.7657
133 -1231.5256
134 -1144.0266
135 -1225.5609
136 -1169.245
137 -1089.8476
138 -1202.1911
139 -1050.3115
140 -1218.7235
141 -999.09181
142 -1218.8781
143 -1195.1039
144 -1196.8535
145 -1201.4299
146 -1070.5059
147 -1197.4611
148 -999.22317
149 -1193.6115
150 -1191.0042
151 -1102.6472
152 -1164.9936
153 -1114.3512
154 -1143.3868
155 -1165.5021
156 -1168.9979
157 -1169.7212
158 -1085.5235
159 -1173.2904
160 -844.43925
161 -1156.2955
162 -1142.4077
163 -1165.8981
164 -1112.8953
165 -1138.204
166 -1169.2174
167 -1188.7902
168 -1163.0067
169 -736.85087
170 -1159.6656
171 -687.88058
172 -1161.7558
173 -1162.6848
174 -1166.3305
175 -978.07107
176 -1164.5175
177 -1166.3365
178 -1016.3444
179 -917.32597
180 -1132.2546
181 -1139.0532
182 -1008.5107
183 -1162.9714
184 -1133.3357
185 -1131.7715
186 -1174.7369
187 -965.85874
188 -1163.195
189 -453.25116
190 -1124.5169
191 -1056.7109
192 -1171.5449
193 -898.40224
194 -1132.3449
195 -1155.2926
196 -1099.7949
197 -1168.2031
198 -1144.4128
199 -1176.7332
200 -1177.6008
201 -1151.0828
202 -603.97865
203 -1149.9204
204 -1193.9494
205 -1193.9322
206 -1070.5442
207 -1193.4642
208 -1172.7211
209 -1187.4002
210 -1167.3865
211 -1185.8341
212 -1132.393
213 -1022.1993
214 -1194.4858
215 -1202.2076
216 -1199.2227
217 -1133.0025
218 -1182.945
219 -1180.8288
220 -1130.7959
221 -1183.879
222 -1177.9572
223 -957.25606
224 -1166.986
225 -1121.4749
226 -1200.1284
227 -1090.3816
228 -1195.2519
229 -1193.2356
230 -1144.4981
231 -1123.0387
232 -1196.9242
233 -1195.248
234 -1115.0744
235 -1176.6216
236 -1211.6909
237 -1171.2161
238 -1136.9434
239 -1187.2835
240 -1179.1752
241 -1212.047
242 -1072.7019
243 -1160.7618
244 -1202.2496
245 -1188.4357
246 -1204.6368
247 -1200.3363
248 -1193.0276
249 -1186.2938
250 -1188.461
251 -1188.4657
252 -1192.7981
253 -1196.0281
254 -1112.4277
255 -1123.9254
256 -1187.5409
257 -1035.4886
258 -1175.3257
259 -1168.2194
260 -1172.6285
261 -1172.9318
262 -1168.8625
263 -1116.3817
264 -975.06582
265 -1089.644
266 -1171.5463
267 -1176.5113
268 -1164.2531
269 -1168.7187
270 -1144.3449
271 -997.52779
272 -1199.3544
273 -1131.6917
274 -965.8312
275 -1163.5875
276 -1135.9448
277 -1212.7717
278 -1002.5478
279 -1074.5922
280 -1185.9265
281 -1211.6756
282 -1242.457
283 -1000.7868
284 -1247.9316
285 -1237.5986
286 -1242.8166
287 -1218.8362
288 -1231.6134
289 -1155.4686
290 -1234.317
291 -1211.7181
292 -1204.4938
293 -1235.0215
294 -1144.1388
295 -1181.2495
296 -1204.1389
297 -1236.4234
298 -976.76796
299 -1228.9945
300 -1214.0903
301 -1211.9519
302 -1132.002
303 -1152.0352
304 -1238.9839
305 -1221.4848
306 -1230.544
307 -1186.6076
308 -1221.8947
309 -1190.8754
310 -1206.7003
311 -1201.9845
312 -1151.9808
313 -1196.4438
314 -1142.6273
315 -1189.5763
316 -1182.8666
317 -1185.3519
318 -1189.1989
319 -1156.1344
320 -1123.1267
321 -1047.044
322 -1174.9781
323 -1065.7558
324 -1186.9948
325 -1184.1346
326 -796.26379
327 -1144.8024
328 -846.61307
329 -845.21459
330 -1118.9389
331 -992.08702
332 -858.85865
333 -1196.863
334 -1155.6608
335 -1158.3854
336 -1189.5352
337 -1177.8452
338 -1148.2526
339 -1176.8661
340 -1039.0563
341 -1176.7299
342 -1171.0272
343 -1069.509
344 -1074.1556
345 -1180.1911
346 -1164.02
347 -1197.3744
348 -1197.5026
349 -1179.9857
350 -1172.2661
351 -1189.2272
352 -1173.988
353 -1106.9758
354 -1182.0274
355 -1163.0867
356 -1127.2228
357 -1024.5531
358 -1090.9252
359 -1181.2355
360 -1172.0033
361 -1192.0667
362 -1227.2559
363 -1236.6732
364 -1231.9037
365 -1238.7188
366 -1244.9143
367 -1250.6376
368 -1218.3816
369 -948.44124
370 -1257.9531
371 -1242.3279
372 -1231.4269
373 -1239.5335
374 -1236.8189
375 -1191.5722
376 -1239.641
377 -1228.9273
378 -1238.9145
379 -1200.0406
380 -1244.6617
381 -1235.2186
382 -1160.9757
383 -1244.6137
384 -1231.5246
385 -1244.662
386 -1202.6011
387 -1239.3794
388 -1242.6222
389 -1166.8461
390 -1236.4089
391 -1229.402
392 -1234.0166
393 -1163.5671
394 -1218.7181
395 -1163.0414
396 -1193.2513
397 -1212.676
398 -1085.0635
399 -1219.4671
400 -1233.9332
401 -1212.0246
402 -1137.3254
403 -1028.6209
404 -1234.1912
405 -1130.3169
406 -1213.8719
407 -1184.2234
408 -1239.3705
409 -1232.7557
410 -1240.3413
411 -1235.4269
412 -1050.6097
413 -1245.126
414 -1243.0547
415 -1245.4855
416 -1242.5347
417 -826.79659
418 -1232.5778
419 -1242.0883
420 -1214.8523
421 -1243.4278
422 -1205.5529
423 -1248.2551
424 -1248.876
425 -1174.9137
426 -1173.6308
427 -1186.9253
428 -1199.1016
429 -1244.5302
430 -1171.0286
431 -1234.5772
432 -1187.1286
433 -1231.9299
434 -1203.153
435 -1171.2248
436 -1222.4361
437 -1248.5726
438 -1252.3195
439 -1245.1181
440 -1252.8109
441 -1171.5184
442 -1249.6437
443 -1219.2953
444 -1260.3569
445 -1225.6544
446 -1262.0914
447 -1262.5444
448 -1221.9423
449 -1274.1855
450 -1133.521
451 -1268.7168
452 -1214.065
453 -1198.1082
454 -1262.9185
455 -1206.6546
456 -1272.5942
457 -1265.4662
458 -1266.4162
459 -1284.9272
460 -1250.5428
461 -1282.795
462 -1287.881
463 -1245.2217
464 -1287.2551
465 -1249.4242
466 -1288.2527
467 -1167.244
468 -1174.0126
469 -1278.1732
470 -1270.2854
471 -1277.282
472 -1156.5763
473 -1291.618
474 -1268.2933
475 -1273.0706
476 -1283.5211
477 -1285.2749
478 -1290.3492
479 -1254.8391
480 -1279.736
481 -1282.5057
482 -1233.1824
483 -1282.8192
484 -1291.9005
485 -1291.5965
486 -1271.5326
487 -1269.0523
488 -1122.4991
489 -1276.1579
490 -1258.2308
491 -1283.8456
492 -1289.446
493 -1096.8886
494 -1112.5429
495 -1264.5691
496 -1283.4881
497 -1283.584
498 -1287.7814
499 -1274.3824
500 -1289.7738
