1 -1261.962
2 -1268.1862
3 -1294.5205
4 -1326.2789
5 -1042.9911
6
7
8
9
10 -1261.962
11 -1205.0116
12 -1222.634
13 -1238.5314
14 -1218.7235
15 -1191.0042
16 -869.06235
17 -1220.2364
18 -1233.2751
19 -1180.1965
20 -1268.1862
21 -1248.1852
22 -1248.8355
23 -1247.7204
24 -1295.7797
25 -1199.2933
26 -1294.4279
27 -1290.7427
28 -1212.7038
29 -1284.7752
30 -1294.5205
31 -1149.9419
32 -1303.1482
33 -1261.598
34 -1293.6585
35 -1297.9656
36 -1284.7868
37 -1323.2425
38 -1189.0549
39 -1310.1185
40 -1326.2789
41 -1296.1899
42 -1327.4766
43 -1336.7621
44 -1336.2538
45 -1350.0317
46 -1352.4267
47 -1357.0239
48 -1237.1286
49 -1312.65
50 -1042.9911
51
52
53
54
55
56
57
58
59
60
61
62
63
64
65
66
67
68
69
70
71
72
73
74
75
76
77
78
79
80
81
82
83
84
85
86
87
88
89
90
91
92
93
94
95
96
97
98
99
100 -1261.962
101 -1213.3563
102 -1256.8548
103 -1170.9092
104 -1246.9644
105 -1248.2618
106 -1249.0261
107 -1237.7356
108 -1216.5946
109 -1087.0267
110 -1205.0116
111 -1199.5024
112 -1241.0466
113 -1154.2712
114 -1248.436
115 -1258.2503
116 -1242.9239
117 -1239.1269
118 -1206.8228
119 -1239.8358
120 -1222.634
121 -1168.4392
122 -1193.3687
123 -1241.4766
124 -1257.1296
125 -1188.0659
126 -1249.247
127 -1243.7284
128 -1246.3388
129 -1265.6857
130 -1238.5314
131 -1255.7489
132 -1243.7657
133 -1231.5256
134 -1144.0266
135 -1225.5609
136 -1169.245
137 -1089.8476
138 -1202.1911
139 -1050.3115
140 -1218.7235
141 -999.09181
142 -1218.8781
143 -1195.1039
144 -1196.8535
145 -1201.4299
146 -1070.5059
147 -1197.4611
148 -999.22317
149 -1193.6115
150 -1191.0042
151 -1102.6472
152 -1164.9936
153 -1139.367
154 -1170.3532
155 -1191.5669
156 -1195.0652
157 -1195.7876
158 -1111.6484
159 -1199.0803
160 -869.06235
161 -1181.7988
162 -1167.6826
163 -1191.6864
164 -1146.4331
165 -1171.5805
166 -1202.937
167 -1224.009
168 -1198.2368
169 -797.84633
170 -1220.2364
171 -1177.403
172 -1227.3174
173 -1228.3495
174 -1232.0128
175 -1043.9892
176 -1034.2199
177 -1232.0064
178 -1037.18
179 -1220.7274
180 -1233.2751
181 -1206.3599
182 -1075.3781
183 -1266.072
184 -1021.7488
185 -1031.1683
186 -1263.1586
187 -1061.3261
188 -1204.5384
189 -546.98164
190 -1180.1965
191 -1220.5912
192 -1264.0359
193 -1233.9545
194 -1238.392
195 -1258.3257
196 -1207.325
197 -1255.8798
198 -1242.4582
199 -1267.8119
200 -1268.1862
201 -1261.7331
202 -754.28895
203 -1259.1511
204 -1284.9472
205 -1285.3734
206 -1279.2996
207 -1284.1272
208 -1259.1988
209 -1285.7753
210 -1248.1852
211 -988.92925
212 -1271.3567
213 -1223.8312
214 -1266.0411
215 -1287.7065
216 -1278.9111
217 -1268.1018
218 -1139.102
219 -1287.0622
220 -1248.8355
221 -1256.0674
222 -1255.8216
223 -1061.0646
224 -1283.7646
225 -1245.0661
226 -1279.5081
227 -1252.5303
228 -1259.3932
229 -1281.835
230 -1247.7204
231 -1251.4538
232 -1209.7187
233 -1282.2536
234 -1278.4465
235 -1270.8628
236 -469.39312
237 -1288.3767
238 -1282.7668
239 -1287.6158
240 -1295.7797
241 -1295.3151
242 -1275.438
243 -1278.3695
244 -1185.4752
245 -1293.6771
246 -1292.6254
247 -1253.2655
248 -1301.8795
249 -1254.9728
250 -1199.2933
251 -1301.9528
252 -1287.9598
253 -1296.305
254 -1167.0927
255 -1229.4377
256 -1187.6142
257 -1286.3763
258 -1301.2229
259 -1295.3852
260 -1294.4279
261 -1296.2487
262 -1228.8261
263 -1270.8477
264 -1277.1145
265 -1287.8812
266 -1299.3788
267 -1270.9636
268 -1259.2962
269 -1303.6589
270 -1290.7427
271 -1284.1331
272 -1293.3972
273 -1296.5978
274 -1301.0239
275 -1297.7986
276 -1177.4324
277 -1234.4604
278 -1301.7938
279 -1304.1002
280 -1212.7038
281 -1274.288
282 -1268.9556
283 -1288.2454
284 -1260.7943
285 -1296.6043
286 -1296.2079
287 -1261.0205
288 -1161.8061
289 -1299.1758
290 -1284.7752
291 -1305.2683
292 -1246.9544
293 -1254.5909
294 -1293.9327
295 -1252.1008
296 -1259.8256
297 -1288.5396
298 -1249.0551
299 -1260.9566
300 -1294.5205
301 -1296.8344
302 -1287.0112
303 -1032.9987
304 -1296.2353
305 -1287.3523
306 -1282.0295
307 -1301.5223
308 -1289.1942
309 -1307.8638
310 -1149.9419
311 -1297.4614
312 -1302.3144
313 -1292.4733
314 -1288.6088
315 -1303.7995
316 -1233.2807
317 -1303.8756
318 -1272.8784
319 -1099.5881
320 -1303.1482
321 -1212.472
322 -1262.8964
323 -1261.4282
324 -1275.4262
325 -1290.664
326 -1070.9718
327 -1281.6481
328 -1249.0187
329 -1303.3059
330 -1261.598
331 -1287.3611
332 -1232.7934
333 -1305.1317
334 -1276.4317
335 -1307.147
336 -1289.9055
337 -1306.0456
338 -1304.7719
339 -1297.7417
340 -1293.6585
341 -1297.2315
342 -1296.4224
343 -1158.1791
344 -1297.5001
345 -1303.721
346 -1299.8303
347 -1314.2488
348 -1281.4677
349 -1317.8224
350 -1297.9656
351 -1267.2235
352 -1299.2398
353 -1321.1147
354 -1322.3154
355 -1313.6212
356 -1319.974
357 -1311.3578
358 -1316.5328
359 -1294.9431
360 -1284.7868
361 -1306.5094
362 -1313.0999
363 -1278.3045
364 -1230.8268
365 -1321.0801
366 -1322.4531
367 -1306.0587
368 -1320.9217
369 -1324.0399
370 -1323.2425
371 -1313.6223
372 -1300.1051
373 -1315.2075
374 -1309.3815
375 -1286.0252
376 -1291.7599
377 -1320.202
378 -1271.054
379 -1317.4563
380 -1189.0549
381 -1298.4453
382 -1323.1682
383 -1308.1456
384 -1325.6149
385 -1330.8161
386 -1275.7069
387 -1101.2209
388 -1321.8485
389 -1187.8525
390 -1310.1185
391 -1331.4824
392 -1311.4779
393 -1324.9795
394 -1324.1613
395 -1328.7616
396 -1327.3481
397 -1309.8218
398 -1332.2481
399 -1323.6842
400 -1326.2789
401 -1314.7867
402 -1290.5016
403 -1300.452
404 -1277.8423
405 -1318.9684
406 -1331.2633
407 -1301.3177
408 -1295.6534
409 -1274.0423
410 -1296.1899
411 -1285.4627
412 -1313.7802
413 -1324.8013
414 -1315.3786
415 -1269.0964
416 -1262.2379
417 -1328.8295
418 -1231.6958
419 -1331.479
420 -1327.4766
421 -1296.7986
422 -1336.486
423 -1328.1617
424 -1331.2982
425 -1339.9502
426 -1295.7486
427 -1317.4355
428 -1320.8175
429 -1324.9819
430 -1336.7621
431 -1334.409
432 -1278.5343
433 -1339.186
434 -1344.7953
435 -1303.4032
436 -1280.0995
437 -1337.6982
438 -1342.1827
439 -1341.1567
440 -1336.2538
441 -1342.896
442 -1320.8322
443 -1219.6283
444 -1252.1882
445 -1311.1151
446 -1317.7037
447 -1294.5849
448 -1318.7125
449 -1294.1044
450 -1350.0317
451 -1321.9955
452 -1330.6926
453 -1329.1891
454 -1357.768
455 -1128.6902
456 -1331.3105
457 -1318.3227
458 -1335.1678
459 -1358.2745
460 -1352.4267
461 -1252.9785
462 -1297.3672
463 -1360.9237
464 -1337.844
465 -1354.9523
466 -1323.7148
467 -1344.4358
468 -1286.7581
469 -1335.4076
470 -1357.0239
471 -1324.3714
472 -1364.0146
473 -1364.093
474 -1361.7963
475 -1271.6386
476 -1339.6733
477 -1324.7578
478 -1357.946
479 -1349.8342
480 -1237.1286
481 -1282.3242
482 -1351.3881
483 -1357.2016
484 -1354.5122
485 -1361.434
486 -1280.3651
487 -1234.6359
488 -1362.6671
489 -1327.9302
490 -1312.65
491 -1355.132
492 -1364.3312
493 -1342.7667
494 -1346.8866
495 -1352.3734
496 -1364.8859
497 -1349.6671
498 -1353.5922
499 -1325.2086
500 -1042.9911
