501 -1285.223
502 -1285.223
503 -1285.223
504 -1297.7782
505 -1297.7782
506 -1297.7782
507 -1297.7782
508 -1302.5438
509 -1302.6887
510 -1302.6887
511 -1302.6887
512 -1302.6887
513 -1302.6887
514 -1302.6887
515 -1302.6887
516 -1302.6887
517 -1302.6887
518 -1302.6887
519 -1302.6887
520 -1302.6887
521 -1302.6887
522 -1302.6887
523 -1302.6887
524 -1302.6887
525 -1302.6887
526 -1302.6887
527 -1302.6887
528 -1302.6887
529 -1302.6887
530 -1302.6887
531 -1302.6887
532 -1302.6887
533 -1302.6887
534 -1302.6887
535 -1302.6887
536 -1302.6887
537 -1302.6887
538 -1302.6887
539 -1302.6887
540 -1302.6887
541 -1302.6887
542 -1302.6887
543 -1302.6887
544 -1302.6887
545 -1302.6887
546 -1302.6887
547 -1302.6887
548 -1302.6887
549 -1302.6887
550 -1302.6887
551 -1302.6887
552 -1302.6887
553 -1303.6403
554 -1303.6403
555 -1303.6403
556 -1303.6403
557 -1303.6403
558 -1303.6403
559 -1303.6403
560 -1303.6403
561 -1303.6403
562 -1303.6403
563 -1303.6403
564 -1303.6403
565 -1307.4014
566 -1307.4014
567 -1307.4014
568 -1316.083
569 -1316.083
570 -1316.083
571 -1316.083
572 -1316.083
573 -1316.083
574 -1316.083
575 -1316.083
576 -1316.083
577 -1316.083
578 -1321.6749
579 -1321.6749
580 -1321.6749
581 -1321.6749
582 -1321.6749
583 -1321.6749
584 -1321.6749
585 -1321.6749
586 -1321.6749
587 -1321.6749
588 -1322.7497
589 -1322.7497
590 -1322.7497
591 -1330.1448
592 -1330.1448
593 -1330.1448
594 -1330.1448
595 -1334.6936
596 -1335.7697
597 -1335.7697
598 -1335.7697
599 -1335.7697
600 -1342.0691
601 -1342.0691
602 -1342.0691
603 -1342.0691
604 -1342.0691
605 -1342.0691
606 -1342.0691
607 -1342.0691
608 -1342.0691
609 -1342.0691
610 -1342.0691
611 -1342.0691
612 -1342.0691
613 -1342.6609
614 -1342.6609
615 -1342.6609
616 -1342.6609
617 -1342.6609
618 -1342.6609
619 -1342.6609
620 -1342.6609
621 -1342.6609
622 -1342.6609
623 -1343.9995
624 -1345.6333
625 -1345.6333
626 -1345.6333
627 -1345.6333
628 -1345.6333
629 -1345.6333
630 -1345.6333
631 -1345.6333
632 -1345.6333
633 -1345.6333
634 -1345.6333
635 -1345.6333
636 -1345.6333
637 -1345.6333
638 -1345.6333
639 -1346.253
640 -1346.253
641 -1348.4136
642 -1349.5376
643 -1350.6151
644 -1350.6151
645 -1350.6151
646 -1350.6151
647 -1350.6151
648 -1350.6151
649 -1350.6151
650 -1350.6151
651 -1350.6151
652 -1350.6151
653 -1350.6151
654 -1350.6151
655 -1355.0505
656 -1355.0505
657 -1355.0505
658 -1355.0505
659 -1355.0505
660 -1355.1453
661 -1355.4225
662 -1355.4225
663 -1355.4225
664 -1355.4225
665 -1355.4225
666 -1355.4225
667 -1355.6032
668 -1355.6032
669 -1355.6032
670 -1357.4224
671 -1357.4224
672 -1357.4224
673 -1357.4224
674 -1357.4224
675 -1357.4224
676 -1357.4224
677 -1357.4224
678 -1357.4224
679 -1357.4224
680 -1357.4224
681 -1357.4224
682 -1357.4224
683 -1357.4224
684 -1358.9479
685 -1358.9479
686 -1358.9479
687 -1358.9479
688 -1358.9479
689 -1358.9479
690 -1360.3469
691 -1360.3469
692 -1360.3469
693 -1360.3469
694 -1360.3469
695 -1360.3469
696 -1360.3469
697 -1360.3469
698 -1360.3469
699 -1360.3469
700 -1363.291
701 -1363.291
702 -1363.291
703 -1365.7453
704 -1365.7453
705 -1365.7453
706 -1365.7453
707 -1365.7453
708 -1365.7453
709 -1365.9468
710 -1365.9468
711 -1368.2083
712 -1368.2083
713 -1368.2083
714 -1368.2083
715 -1368.2083
716 -1368.4161
717 -1368.4161
718 -1368.4161
719 -1368.4161
720 -1368.4161
721 -1368.4161
722 -1368.4161
723 -1368.4161
724 -1368.4161
725 -1368.4161
726 -1368.4161
727 -1368.4161
728 -1368.4161
729 -1368.4161
730 -1368.4161
731 -1368.4161
732 -1368.4161
733 -1370.7198
734 -1370.7198
735 -1370.7198
736 -1370.7198
737 -1370.7198
738 -1370.7198
739 -1370.7198
740 -1370.7198
741 -1370.7198
742 -1373.5736
743 -1373.6633
744 -1373.6633
745 -1373.6633
746 -1374.108
747 -1374.108
748 -1374.108
749 -1374.108
750 -1374.108
751 -1374.108
752 -1374.108
753 -1374.108
754 -1374.108
755 -1374.108
756 -1374.108
757 -1374.108
758 -1374.108
759 -1374.108
760 -1374.108
761 -1374.108
762 -1374.108
763 -1374.108
764 -1374.108
765 -1374.108
766 -1374.108
767 -1378.3654
768 -1378.3654
769 -1378.3654
770 -1378.3654
771 -1378.3654
772 -1378.3654
773 -1378.3654
774 -1378.3654
775 -1378.3654
776 -1384.6782
777 -1384.6782
778 -1384.6782
779 -1384.6782
780 -1384.6782
781 -1384.6782
782 -1384.6782
783 -1384.6782
784 -1384.6782
785 -1384.6782
786 -1384.6782
787 -1384.6782
788 -1384.6782
789 -1384.6782
790 -1385.0775
791 -1385.0775
792 -1385.0775
793 -1385.0775
794 -1385.0775
795 -1385.0775
796 -1385.0775
797 -1385.0775
798 -1385.0775
799 -1385.0775
800 -1385.0775
801 -1385.0775
802 -1385.0775
803 -1385.0775
804 -1385.0775
805 -1385.0775
806 -1385.0775
807 -1385.0775
808 -1386.5562
809 -1386.5562
810 -1386.5562
811 -1386.5562
812 -1386.5562
813 -1386.5562
814 -1386.5562
815 -1386.5562
816 -1386.5562
817 -1386.5562
818 -1386.5562
819 -1386.5562
820 -1386.5562
821 -1386.5562
822 -1386.5562
823 -1386.5562
824 -1386.5562
825 -1386.5562
826 -1386.5562
827 -1386.5562
828 -1386.5562
829 -1386.5562
830 -1386.5562
831 -1386.5562
832 -1386.5562
833 -1386.5562
834 -1386.5562
835 -1386.5562
836 -1386.5562
837 -1386.5562
838 -1386.5562
839 -1386.5562
840 -1386.5562
841 -1386.5562
842 -1386.5562
843 -1386.5562
844 -1386.5562
845 -1386.5562
846 -1386.5562
847 -1386.5562
848 -1386.5562
849 -1386.5562
850 -1386.5562
851 -1388.5572
852 -1388.5572
853 -1388.5572
854 -1388.5572
855 -1388.5572
856 -1388.5572
857 -1388.5572
858 -1388.5572
859 -1388.5572
860 -1388.5572
861 -1388.5572
862 -1388.5572
863 -1388.5572
864 -1388.5572
865 -1388.5572
866 -1388.5572
867 -1388.5572
868 -1388.5572
869 -1388.5572
870 -1388.5572
871 -1388.5572
872 -1389.0216
873 -1389.4421
874 -1389.4421
875 -1389.4421
876 -1389.4421
877 -1389.4421
878 -1389.4421
879 -1389.4421
880 -1389.4421
881 -1389.4421
882 -1390.66
883 -1391.6949
884 -1391.6949
885 -1391.6949
886 -1391.6949
887 -1391.6949
888 -1391.6949
889 -1391.6949
890 -1391.6949
891 -1391.6949
892 -1391.6949
893 -1391.6949
894 -1391.6949
895 -1391.6949
896 -1391.6949
897 -1391.6949
898 -1391.6949
899 -1391.6949
900 -1391.6949
901 -1391.6949
902 -1391.6949
903 -1391.6949
904 -1391.6949
905 -1391.6949
906 -1391.6949
907 -1391.6949
908 -1394.5774
909 -1394.5774
910 -1394.5774
911 -1394.5774
912 -1394.5774
913 -1394.5774
914 -1394.5774
915 -1394.5774
916 -1394.5774
917 -1394.5774
918 -1394.5774
919 -1394.5774
920 -1394.5774
921 -1394.5774
922 -1394.5774
923 -1394.5774
924 -1394.5774
925 -1394.5774
926 -1394.5774
927 -1394.5774
928 -1394.5774
929 -1394.5774
930 -1394.5774
931 -1394.5774
932 -1394.5774
933 -1394.5774
934 -1394.5774
935 -1394.5774
936 -1394.5774
937 -1394.5774
938 -1395.7338
939 -1395.7338
940 -1398.806
941 -1398.806
942 -1398.806
943 -1398.806
944 -1398.806
945 -1398.806
946 -1398.806
947 -1398.806
948 -1398.806
949 -1399.0019
950 -1399.0019
951 -1399.0019
952 -1399.0019
953 -1399.0019
954 -1399.0019
955 -1399.0019
956 -1399.0019
957 -1399.0019
958 -1400.6617
959 -1400.6617
960 -1400.6617
961 -1400.6617
962 -1400.6617
963 -1400.6617
964 -1402.1208
965 -1402.1208
966 -1402.1208
967 -1402.1208
968 -1402.1208
969 -1402.8073
970 -1402.8073
971 -1402.8073
972 -1402.8073
973 -1402.8073
974 -1402.8073
975 -1402.8073
976 -1402.8073
977 -1402.8073
978 -1402.8073
979 -1402.8073
980 -1402.8073
981 -1402.8073
982 -1402.8073
983 -1402.8073
984 -1402.8073
985 -1402.8073
986 -1403.4492
987 -1403.4492
988 -1403.4492
989 -1403.4492
990 -1403.4492
991 -1403.4492
992 -1403.4492
993 -1403.4492
994 -1403.4492
995 -1403.9237
996 -1403.9237
997 -1403.9237
998 -1403.9237
999 -1403.9237
1000 -1403.9237
1001 -1403.9237
1002 -1403.9237
1003 -1403.9237
1004 -1403.9237
1005 -1403.9237
1006 -1403.9237
1007 -1403.9237
1008 -1403.9237
1009 -1403.9237
1010 -1403.9237
1011 -1403.9237
1012 -1403.9237
1013 -1403.9237
1014 -1403.9237
1015 -1403.9237
1016 -1403.9237
1017 -1403.9237
1018 -1403.9237
1019 -1403.9237
1020 -1403.9237
1021 -1403.9237
1022 -1403.9237
1023 -1407.0026
1024 -1407.0026
1025 -1407.0026
1026 -1407.0026
1027 -1407.0026
1028 -1407.0026
1029 -1407.0026
1030 -1407.0026
1031 -1407.0026
1032 -1407.0026
1033 -1407.6573
1034 -1407.6573
1035 -1407.6573
1036 -1407.6573
1037 -1407.8407
1038 -1407.8407
1039 -1407.8407
1040 -1407.8407
1041 -1407.8407
1042 -1407.8407
1043 -1407.8407
1044 -1407.8407
1045 -1407.8407
1046 -1407.8407
1047 -1407.8407
1048 -1407.8407
1049 -1407.8407
1050 -1407.8407
1051 -1407.8407
1052 -1407.8407
1053 -1407.8407
1054 -1407.8407
1055 -1407.8407
1056 -1407.8407
1057 -1407.8407
1058 -1407.8407
1059 -1407.8407
1060 -1407.8407
1061 -1407.8407
1062 -1407.8407
1063 -1407.8407
1064 -1407.8407
1065 -1410.4502
1066 -1410.4502
1067 -1410.4502
1068 -1410.4502
1069 -1410.4502
1070 -1410.4502
1071 -1410.4502
1072 -1410.4502
1073 -1410.4502
1074 -1410.4502
1075 -1410.4502
1076 -1410.4502
1077 -1410.4502
1078 -1410.4502
1079 -1410.4502
1080 -1410.4502
1081 -1410.4502
1082 -1410.4502
1083 -1410.4502
1084 -1410.4502
1085 -1410.4502
1086 -1410.4502
1087 -1410.4502
1088 -1410.4502
1089 -1410.4502
1090 -1410.4502
1091 -1410.4502
1092 -1410.4502
1093 -1410.4502
1094 -1410.4502
1095 -1410.4502
1096 -1410.4502
1097 -1410.4502
1098 -1410.4502
1099 -1410.4502
1100 -1410.4502
1101 -1410.4502
1102 -1410.4502
1103 -1410.7697
1104 -1410.7697
1105 -1410.7697
1106 -1410.7697
1107 -1410.7697
1108 -1410.7697
1109 -1410.7697
1110 -1410.7697
1111 -1410.7697
1112 -1411.9219
1113 -1411.9219
1114 -1411.9219
1115 -1411.9219
1116 -1411.9219
1117 -1411.9219
1118 -1411.9219
1119 -1411.9219
1120 -1411.9219
1121 -1411.9219
1122 -1411.9219
1123 -1412.1228
1124 -1412.1228
1125 -1412.1228
1126 -1412.1228
1127 -1412.1228
1128 -1412.1228
1129 -1412.1228
1130 -1412.1228
1131 -1412.1228
1132 -1412.1228
1133 -1412.1228
1134 -1412.1228
1135 -1412.1228
1136 -1412.1228
1137 -1412.1228
1138 -1414.3778
1139 -1414.3778
1140 -1414.3778
1141 -1414.3778
1142 -1414.3777
1143 -1414.3777
1144 -1414.3777
1145 -1414.3777
1146 -1414.3777
1147 -1414.3777
1148 -1414.3777
1149 -1414.3777
1150 -1414.3777
1151 -1414.3777
1152 -1414.3777
1153 -1414.3777
1154 -1414.3777
1155 -1414.3777
1156 -1414.3777
1157 -1414.3777
1158 -1414.3777
1159 -1414.3777
1160 -1414.3777
1161 -1414.3777
1162 -1414.3777
1163 -1414.3777
1164 -1414.8152
1165 -1414.8152
1166 -1414.8152
1167 -1414.8152
1168 -1416.2311
1169 -1416.2311
1170 -1416.2311
1171 -1416.2311
1172 -1416.2311
1173 -1416.2311
1174 -1416.2311
1175 -1416.2311
1176 -1416.2311
1177 -1416.2311
1178 -1416.2311
1179 -1416.2311
1180 -1416.2311
1181 -1416.2311
1182 -1416.2311
1183 -1416.2311
1184 -1416.2311
1185 -1416.2311
1186 -1416.2311
1187 -1416.3315
1188 -1416.3315
1189 -1416.3315
1190 -1416.3315
1191 -1416.3315
1192 -1416.3315
1193 -1416.3315
1194 -1416.3315
1195 -1416.3315
1196 -1416.3315
1197 -1416.3315
1198 -1416.3315
1199 -1416.3315
1200 -1416.3315
1201 -1416.3315
1202 -1416.3315
1203 -1416.3315
1204 -1416.3315
1205 -1416.3315
1206 -1416.3315
1207 -1416.3315
1208 -1416.3315
1209 -1416.3315
1210 -1416.3315
1211 -1416.3315
1212 -1416.3315
1213 -1416.3315
1214 -1416.3315
1215 -1416.3315
1216 -1416.3315
1217 -1416.3315
1218 -1416.8475
1219 -1416.8475
1220 -1416.8475
1221 -1416.8475
1222 -1417.0302
1223 -1417.0302
1224 -1417.0302
1225 -1417.0302
1226 -1417.0302
1227 -1417.0302
1228 -1417.0302
1229 -1417.0302
1230 -1417.0302
1231 -1417.0302
1232 -1417.625
1233 -1417.625
1234 -1417.625
1235 -1417.625
1236 -1417.625
1237 -1417.625
1238 -1417.625
1239 -1417.625
1240 -1417.625
1241 -1417.625
1242 -1417.625
1243 -1418.1964
1244 -1418.1964
1245 -1418.1964
1246 -1418.1964
1247 -1418.1964
1248 -1418.1964
1249 -1418.1964
1250 -1418.1964
1251 -1418.1964
1252 -1418.1964
1253 -1418.1964
1254 -1418.1964
1255 -1418.1964
1256 -1418.1964
1257 -1418.1964
1258 -1418.1964
1259 -1418.1964
1260 -1418.1964
1261 -1418.1964
1262 -1418.1964
1263 -1418.1964
1264 -1418.1964
1265 -1418.1964
1266 -1418.1964
1267 -1418.1964
1268 -1418.1964
1269 -1418.1964
1270 -1418.1964
1271 -1418.1964
1272 -1418.1964
1273 -1418.1964
1274 -1418.1964
1275 -1418.1964
1276 -1418.1964
1277 -1418.1964
1278 -1418.1964
1279 -1418.1964
1280 -1418.1964
1281 -1418.1964
1282 -1418.1964
1283 -1418.1964
1284 -1418.1964
1285 -1418.1964
1286 -1418.1964
1287 -1418.1964
1288 -1418.1964
1289 -1418.1964
1290 -1418.1964
1291 -1418.1964
1292 -1418.1964
1293 -1418.1964
1294 -1418.1964
1295 -1418.1964
1296 -1418.1964
1297 -1418.1964
1298 -1418.1964
1299 -1418.1964
1300 -1418.1964
1301 -1418.1964
1302 -1418.1964
1303 -1418.1964
1304 -1418.1964
1305 -1418.1964
1306 -1418.1964
1307 -1418.1964
1308 -1418.1964
1309 -1418.1964
1310 -1418.1964
1311 -1418.1964
1312 -1418.1964
1313 -1418.1964
1314 -1418.1964
1315 -1418.1964
1316 -1418.1964
1317 -1418.1964
1318 -1418.1964
1319 -1418.1964
1320 -1418.1964
1321 -1418.1964
1322 -1418.1964
1323 -1418.1964
1324 -1418.1964
1325 -1418.1964
1326 -1418.1964
1327 -1418.1964
1328 -1418.1964
1329 -1418.1964
1330 -1418.1964
1331 -1418.1964
1332 -1418.1964
1333 -1418.1964
1334 -1418.1964
1335 -1418.1964
1336 -1418.1964
1337 -1418.1964
1338 -1418.1964
1339 -1418.1964
1340 -1418.1964
1341 -1418.1964
1342 -1418.1964
1343 -1418.1964
1344 -1418.1964
1345 -1418.7567
1346 -1418.7567
1347 -1418.7567
1348 -1418.7567
1349 -1419.2856
1350 -1419.2856
1351 -1419.2856
1352 -1419.2856
1353 -1419.2856
1354 -1419.2856
1355 -1419.2856
1356 -1424.2333
1357 -1424.2333
1358 -1424.2333
1359 -1424.2333
1360 -1424.2333
1361 -1424.2333
1362 -1424.2333
1363 -1424.2333
1364 -1424.2333
1365 -1424.2333
1366 -1424.2333
1367 -1424.2333
1368 -1424.2333
1369 -1424.2333
1370 -1424.2333
1371 -1424.2333
1372 -1424.2333
1373 -1424.2333
1374 -1424.2333
1375 -1424.2333
1376 -1424.2333
1377 -1424.2333
1378 -1424.2333
1379 -1424.2333
1380 -1424.2333
1381 -1424.2333
1382 -1424.2333
1383 -1424.2333
1384 -1424.2333
1385 -1424.2333
1386 -1424.2333
1387 -1424.2333
1388 -1424.2333
1389 -1424.2333
1390 -1424.2333
1391 -1424.2333
1392 -1424.2333
1393 -1424.2333
1394 -1424.2333
1395 -1424.2333
1396 -1424.2333
1397 -1424.2333
1398 -1424.2333
1399 -1424.2333
1400 -1424.2333
1401 -1424.2333
1402 -1424.2333
1403 -1424.2333
1404 -1424.2333
1405 -1424.2333
1406 -1424.2333
1407 -1424.2333
1408 -1424.2333
1409 -1424.2333
1410 -1424.2333
1411 -1424.2333
1412 -1424.2333
1413 -1424.2333
1414 -1424.2333
1415 -1424.2333
1416 -1424.2333
1417 -1424.2333
1418 -1424.2333
1419 -1424.2333
1420 -1424.2333
1421 -1424.2333
1422 -1424.2333
1423 -1424.2333
1424 -1424.2333
1425 -1424.2333
1426 -1424.2333
1427 -1424.2333
1428 -1424.2333
1429 -1424.2333
1430 -1424.2333
1431 -1424.2333
1432 -1424.2333
1433 -1424.2333
1434 -1424.2333
1435 -1424.2333
1436 -1424.2333
1437 -1424.2333
1438 -1424.2333
1439 -1424.2333
1440 -1424.2333
1441 -1424.2333
1442 -1424.2333
1443 -1424.2333
1444 -1424.2333
1445 -1424.2333
1446 -1424.2333
1447 -1424.2333
1448 -1424.2333
1449 -1424.2333
1450 -1424.2333
1451 -1426.0736
1452 -1426.0736
1453 -1426.0736
1454 -1426.0736
1455 -1426.1108
1456 -1426.1108
1457 -1426.1108
1458 -1426.122
1459 -1426.122
1460 -1426.122
1461 -1426.122
1462 -1426.122
1463 -1426.1513
1464 -1426.1513
1465 -1426.1513
1466 -1426.1513
1467 -1426.1513
1468 -1426.1513
1469 -1426.1513
1470 -1426.1513
1471 -1426.1513
1472 -1426.1513
1473 -1426.1513
1474 -1426.1513
1475 -1426.1513
1476 -1426.1513
1477 -1426.1513
1478 -1426.1513
1479 -1426.1513
1480 -1426.1513
1481 -1426.1513
1482 -1426.1513
1483 -1426.1513
1484 -1426.262
1485 -1426.262
1486 -1426.262
1487 -1426.262
1488 -1426.262
1489 -1426.262
1490 -1426.262
1491 -1426.262
1492 -1426.262
1493 -1426.262
1494 -1426.262
1495 -1426.262
1496 -1426.262
1497 -1426.262
1498 -1426.262
1499 -1426.262
1500 -1426.262
1501 -1427.0891
1502 -1427.0891
1503 -1427.0891
1504 -1427.0891
1505 -1427.0891
1506 -1427.0891
1507 -1427.0891
1508 -1427.0891
1509 -1427.0891
1510 -1427.0891
1511 -1427.0891
1512 -1427.0891
1513 -1427.0891
1514 -1427.0891
1515 -1427.0891
1516 -1427.0891
1517 -1427.0891
1518 -1427.0891
1519 -1427.0891
1520 -1427.0891
1521 -1427.0891
1522 -1427.0891
1523 -1427.0891
1524 -1427.0891
1525 -1427.0891
1526 -1427.0891
1527 -1427.814
1528 -1427.814
1529 -1427.814
1530 -1427.814
1531 -1427.814
1532 -1427.814
1533 -1428.2541
1534 -1428.2541
1535 -1428.2541
1536 -1428.2541
1537 -1428.2541
1538 -1428.2541
1539 -1428.2541
1540 -1428.8628
1541 -1428.8628
1542 -1428.8628
1543 -1428.8628
1544 -1428.8628
1545 -1428.8628
1546 -1428.8628
1547 -1428.8628
1548 -1428.8628
1549 -1428.8628
1550 -1428.8628
1551 -1428.8628
1552 -1428.8628
1553 -1428.8628
1554 -1428.8628
1555 -1428.8628
1556 -1428.8628
1557 -1428.8628
1558 -1428.8628
1559 -1428.8628
1560 -1428.8628
1561 -1428.8628
1562 -1428.8628
1563 -1428.8628
1564 -1428.8628
1565 -1428.8628
1566 -1428.8628
1567 -1428.8628
1568 -1428.8628
1569 -1428.8628
1570 -1428.8628
1571 -1428.8628
1572 -1428.8628
1573 -1428.8628
1574 -1428.8628
1575 -1428.8628
1576 -1428.8628
1577 -1428.8628
1578 -1428.8628
1579 -1428.8628
1580 -1428.8628
1581 -1428.8628
1582 -1428.8628
1583 -1428.8628
1584 -1428.8628
1585 -1428.8628
1586 -1428.8628
1587 -1428.8628
1588 -1428.8628
1589 -1428.8628
1590 -1428.8628
1591 -1428.8628
1592 -1428.8628
1593 -1428.8628
1594 -1428.8628
1595 -1428.8628
1596 -1428.8628
1597 -1428.8628
1598 -1428.8628
1599 -1428.8628
1600 -1428.8628
1601 -1428.8628
1602 -1428.8628
1603 -1428.8628
1604 -1428.8628
1605 -1428.8628
1606 -1428.8628
1607 -1428.8628
1608 -1428.8628
1609 -1428.8628
1610 -1428.8628
1611 -1428.8628
1612 -1428.8628
1613 -1429.0972
1614 -1429.0972
1615 -1429.0972
1616 -1429.0972
1617 -1429.0972
1618 -1429.0972
1619 -1429.0972
1620 -1429.0972
1621 -1429.0972
1622 -1429.0972
1623 -1429.0972
1624 -1429.0972
1625 -1429.0972
1626 -1429.0972
1627 -1429.9695
1628 -1429.9695
1629 -1429.9695
1630 -1429.9695
1631 -1429.9695
1632 -1429.9695
1633 -1429.9695
1634 -1429.9695
1635 -1429.9695
1636 -1429.9695
1637 -1429.9695
1638 -1429.9695
1639 -1429.9695
1640 -1429.9695
1641 -1429.9695
1642 -1429.9695
1643 -1429.9695
1644 -1429.9695
1645 -1429.9695
1646 -1429.9695
1647 -1429.9695
1648 -1429.9695
1649 -1430.0571
1650 -1430.0571
1651 -1430.0571
1652 -1430.0571
1653 -1430.0571
1654 -1430.0571
1655 -1430.0571
1656 -1430.0571
1657 -1430.0571
1658 -1430.0571
1659 -1430.0571
1660 -1430.0571
1661 -1430.0571
1662 -1430.0571
1663 -1430.0571
1664 -1430.0571
1665 -1430.0571
1666 -1430.0571
1667 -1430.0571
1668 -1430.0571
1669 -1430.0571
1670 -1430.0571
1671 -1430.0571
1672 -1430.0571
1673 -1430.0571
1674 -1430.0571
1675 -1430.0571
1676 -1430.0571
1677 -1430.0571
1678 -1430.0571
1679 -1430.0571
1680 -1430.0571
1681 -1430.0571
1682 -1430.0571
1683 -1430.0571
1684 -1430.0571
1685 -1430.0571
1686 -1430.5786
1687 -1430.5786
1688 -1430.5786
1689 -1430.5786
1690 -1430.5786
1691 -1430.5786
1692 -1430.5786
1693 -1430.5786
1694 -1430.5786
1695 -1430.5786
1696 -1430.5786
1697 -1430.5786
1698 -1430.5786
1699 -1430.5786
1700 -1430.5786
1701 -1430.5786
1702 -1430.5786
1703 -1430.5786
1704 -1430.5786
1705 -1430.5786
1706 -1430.5786
1707 -1430.5786
1708 -1430.5786
1709 -1430.5786
1710 -1430.5786
1711 -1430.5786
1712 -1430.5786
1713 -1430.5786
1714 -1430.5786
1715 -1430.5786
1716 -1430.5786
1717 -1430.5786
1718 -1430.5786
1719 -1430.5786
1720 -1430.5786
1721 -1430.5786
1722 -1430.5786
1723 -1430.5786
1724 -1430.5786
1725 -1430.5786
1726 -1430.5786
1727 -1430.5786
1728 -1430.5786
1729 -1430.5786
1730 -1430.5786
1731 -1430.5786
1732 -1430.5786
1733 -1430.5786
1734 -1430.5786
1735 -1430.5786
1736 -1430.5786
1737 -1430.5786
1738 -1430.5786
1739 -1430.5786
1740 -1430.5786
1741 -1430.5786
1742 -1430.5786
1743 -1430.5786
1744 -1430.5786
1745 -1430.5786
1746 -1430.5786
1747 -1430.5786
1748 -1430.5786
1749 -1430.5786
1750 -1430.5786
1751 -1430.5786
1752 -1430.5786
1753 -1430.5786
1754 -1430.5786
1755 -1430.5786
1756 -1430.5786
1757 -1430.5786
1758 -1430.5786
1759 -1430.5786
1760 -1430.5786
1761 -1430.5786
1762 -1430.5786
1763 -1430.5786
1764 -1431.5999
1765 -1431.5999
1766 -1431.5999
1767 -1431.5999
1768 -1431.5999
1769 -1431.5999
1770 -1431.5999
1771 -1431.5999
1772 -1431.5999
1773 -1431.5999
1774 -1431.5999
1775 -1431.5999
1776 -1431.5999
1777 -1431.5999
1778 -1431.5999
1779 -1431.5999
1780 -1431.5999
1781 -1431.5999
1782 -1431.5999
1783 -1431.5999
1784 -1431.5999
1785 -1431.5999
1786 -1431.5999
1787 -1431.5999
1788 -1431.5999
1789 -1431.5999
1790 -1431.5999
1791 -1431.5999
1792 -1431.5999
1793 -1431.5999
1794 -1431.5999
1795 -1431.5999
1796 -1431.5999
1797 -1431.5999
1798 -1431.5999
1799 -1431.5999
1800 -1431.5999
1801 -1431.5999
1802 -1431.5999
1803 -1431.5999
1804 -1431.5999
1805 -1431.5999
1806 -1431.5999
1807 -1431.5999
1808 -1431.5999
1809 -1431.5999
1810 -1431.5999
1811 -1431.5999
1812 -1431.5999
1813 -1431.5999
1814 -1431.5999
1815 -1431.5999
1816 -1431.5999
1817 -1431.5999
1818 -1431.5999
1819 -1431.5999
1820 -1431.5999
1821 -1431.5999
1822 -1431.5999
1823 -1431.5999
1824 -1431.5999
1825 -1431.5999
1826 -1431.5999
1827 -1431.5999
1828 -1431.5999
1829 -1431.5999
1830 -1431.5999
1831 -1431.5999
1832 -1431.5999
1833 -1431.6731
1834 -1431.6731
1835 -1431.6731
1836 -1431.6731
1837 -1431.6731
1838 -1431.6731
1839 -1431.6731
1840 -1431.6731
1841 -1431.6731
1842 -1431.6731
1843 -1431.6731
1844 -1431.6731
1845 -1431.6731
1846 -1431.6731
1847 -1431.6731
1848 -1431.6731
1849 -1431.6731
1850 -1431.6731
1851 -1431.6731
1852 -1431.6731
1853 -1431.6731
1854 -1431.6731
1855 -1431.6731
1856 -1431.6731
1857 -1431.6731
1858 -1431.6731
1859 -1431.6731
1860 -1431.6731
1861 -1431.6731
1862 -1431.6731
1863 -1431.6731
1864 -1431.6731
1865 -1431.6731
1866 -1431.6731
1867 -1431.6731
1868 -1431.6731
1869 -1431.6731
1870 -1431.6731
1871 -1431.6731
1872 -1431.6731
1873 -1431.6731
1874 -1431.6731
1875 -1431.6731
1876 -1431.6731
1877 -1431.6731
1878 -1431.6731
1879 -1431.6731
1880 -1431.6731
1881 -1431.6731
1882 -1431.6731
1883 -1431.6731
1884 -1431.6731
1885 -1431.6731
1886 -1431.6731
1887 -1431.6731
1888 -1431.6731
1889 -1431.6731
1890 -1431.6731
1891 -1431.6731
1892 -1431.6731
1893 -1431.6731
1894 -1431.6731
1895 -1431.6731
1896 -1431.6731
1897 -1431.6731
1898 -1431.6731
1899 -1431.6731
1900 -1431.6731
1901 -1431.6731
1902 -1431.6731
1903 -1431.6731
1904 -1431.6731
1905 -1431.6731
1906 -1431.6731
1907 -1431.6731
1908 -1431.6731
1909 -1434.1722
1910 -1434.1722
1911 -1434.1722
1912 -1434.1722
1913 -1434.1722
1914 -1434.1722
1915 -1434.1722
1916 -1434.1722
1917 -1434.1722
1918 -1434.1722
1919 -1434.1722
1920 -1434.1722
1921 -1434.1722
1922 -1434.1722
1923 -1434.1722
1924 -1434.1722
1925 -1434.1722
1926 -1434.1722
1927 -1434.1722
1928 -1434.1722
1929 -1434.1722
1930 -1434.1722
1931 -1434.1722
1932 -1434.1722
1933 -1434.1722
1934 -1434.1722
1935 -1434.1722
1936 -1434.1722
1937 -1434.1722
1938 -1434.1722
1939 -1434.3029
1940 -1434.3029
1941 -1434.3029
1942 -1434.3029
1943 -1434.3029
1944 -1434.3029
1945 -1434.3029
1946 -1434.3029
1947 -1434.3029
1948 -1434.3029
1949 -1434.3029
1950 -1434.3029
1951 -1434.3029
1952 -1434.3029
1953 -1434.3029
1954 -1434.3029
1955 -1434.3029
1956 -1434.3029
1957 -1434.3029
1958 -1434.3029
1959 -1434.3029
1960 -1434.3029
1961 -1434.3029
1962 -1434.3029
1963 -1434.3029
1964 -1434.3029
1965 -1434.3029
1966 -1434.3029
1967 -1434.3029
1968 -1434.3029
1969 -1434.3029
1970 -1434.3029
1971 -1434.3029
1972 -1434.3029
1973 -1434.3029
1974 -1434.3029
1975 -1434.3029
1976 -1434.3029
1977 -1434.3029
1978 -1434.3029
1979 -1434.3029
1980 -1434.3029
1981 -1434.3029
1982 -1434.3029
1983 -1434.3029
1984 -1434.3029
1985 -1434.3029
1986 -1434.3029
1987 -1434.3029
1988 -1434.3029
1989 -1434.3029
1990 -1434.3029
1991 -1434.3029
1992 -1434.3029
1993 -1434.3029
1994 -1434.3029
1995 -1434.3029
1996 -1434.3029
1997 -1434.3029
1998 -1434.3029
1999 -1434.3029
2000 -1434.3029
2001 -1434.3029
2002 -1434.3029
2003 -1434.3029
2004 -1434.3029
2005 -1434.8622
2006 -1434.8622
2007 -1434.8622
2008 -1434.8622
2009 -1434.8622
2010 -1434.8622
2011 -1434.8622
2012 -1434.8622
2013 -1434.8622
2014 -1434.8622
2015 -1434.8622
2016 -1434.8622
2017 -1434.8622
2018 -1434.8622
2019 -1434.8622
2020 -1434.8622
2021 -1434.8622
2022 -1434.8622
2023 -1434.8622
2024 -1434.8622
2025 -1434.8622
2026 -1434.8622
2027 -1434.8622
2028 -1434.8622
2029 -1434.8622
2030 -1434.8622
2031 -1434.8622
2032 -1434.8622
2033 -1434.8622
2034 -1434.8622
2035 -1434.8622
2036 -1434.8622
2037 -1434.8622
2038 -1434.8622
2039 -1434.8622
2040 -1434.8622
2041 -1434.8622
2042 -1434.8622
2043 -1434.8622
2044 -1434.8622
2045 -1434.8622
2046 -1434.8622
2047 -1434.8622
2048 -1434.8622
2049 -1434.8622
2050 -1434.8622
2051 -1434.8622
2052 -1434.8622
2053 -1434.8622
2054 -1434.8622
2055 -1434.8622
2056 -1434.8622
2057 -1434.8622
2058 -1434.8622
2059 -1434.8622
2060 -1434.8622
2061 -1434.8622
2062 -1434.8622
2063 -1434.8622
2064 -1434.8622
2065 -1434.8622
2066 -1434.8622
2067 -1434.8622
2068 -1434.8622
2069 -1434.8622
2070 -1434.8622
2071 -1434.8622
2072 -1434.8622
2073 -1434.8622
2074 -1434.8622
2075 -1434.8622
2076 -1434.8622
2077 -1434.8622
2078 -1434.8622
2079 -1434.8622
2080 -1434.8622
2081 -1434.8622
2082 -1434.8622
2083 -1434.8622
2084 -1434.8622
2085 -1434.8622
2086 -1434.8622
2087 -1434.8622
2088 -1434.8622
2089 -1434.8622
2090 -1434.8622
2091 -1434.8622
2092 -1434.8622
2093 -1434.9139
2094 -1434.9139
2095 -1434.9139
2096 -1434.9139
2097 -1434.9139
2098 -1434.9139
2099 -1434.9139
2100 -1434.9139
2101 -1435.08
2102 -1435.08
2103 -1435.08
2104 -1435.08
2105 -1435.08
2106 -1435.08
2107 -1435.08
2108 -1435.08
2109 -1435.08
2110 -1435.08
2111 -1435.08
2112 -1435.08
2113 -1435.08
2114 -1435.08
2115 -1435.08
2116 -1435.08
2117 -1435.08
2118 -1435.08
2119 -1435.08
2120 -1435.08
2121 -1435.08
2122 -1435.08
2123 -1435.08
2124 -1435.08
2125 -1435.08
2126 -1435.08
2127 -1435.08
2128 -1435.08
2129 -1435.08
2130 -1435.08
2131 -1435.08
2132 -1435.08
2133 -1435.08
2134 -1435.08
2135 -1435.08
2136 -1435.08
2137 -1435.08
2138 -1435.08
2139 -1435.08
2140 -1435.08
2141 -1435.08
2142 -1435.08
2143 -1435.08
2144 -1435.08
2145 -1435.08
2146 -1435.08
2147 -1435.08
2148 -1435.08
2149 -1435.08
2150 -1435.08
2151 -1435.08
2152 -1435.08
2153 -1435.08
2154 -1435.08
2155 -1435.08
2156 -1435.08
2157 -1435.08
2158 -1435.08
2159 -1435.08
2160 -1435.08
2161 -1435.08
2162 -1435.08
2163 -1435.08
2164 -1435.08
2165 -1435.08
2166 -1435.08
2167 -1435.08
2168 -1435.08
2169 -1435.08
2170 -1435.08
2171 -1435.08
2172 -1435.08
2173 -1435.08
2174 -1435.08
2175 -1435.08
2176 -1435.08
2177 -1435.08
2178 -1435.08
2179 -1435.08
2180 -1435.1805
2181 -1435.1805
2182 -1435.1805
2183 -1435.1805
2184 -1435.1805
2185 -1435.1805
2186 -1435.1805
2187 -1435.1805
2188 -1435.1805
2189 -1435.1805
2190 -1435.1805
2191 -1435.1805
2192 -1435.1805
2193 -1435.1805
2194 -1435.1805
2195 -1435.1805
2196 -1435.1805
2197 -1435.1805
2198 -1435.1805
2199 -1435.1805
2200 -1435.1805
2201 -1435.1805
2202 -1435.1805
2203 -1435.1805
2204 -1435.1805
2205 -1435.1805
2206 -1435.1805
2207 -1435.1805
2208 -1435.1805
2209 -1435.1805
2210 -1435.1805
2211 -1435.1805
2212 -1435.1805
2213 -1435.1805
2214 -1435.1805
2215 -1435.1805
2216 -1435.1805
2217 -1435.1805
2218 -1435.1805
2219 -1435.1805
2220 -1435.1805
2221 -1435.1805
2222 -1435.1805
2223 -1435.1805
2224 -1435.1805
2225 -1435.1805
2226 -1435.1805
2227 -1435.1805
2228 -1435.1805
2229 -1435.1805
2230 -1435.1805
2231 -1435.1805
2232 -1435.1805
2233 -1435.1805
2234 -1435.1805
2235 -1435.1805
2236 -1435.1805
2237 -1435.1805
2238 -1435.1805
2239 -1435.1805
2240 -1435.1805
2241 -1435.1805
2242 -1435.1805
2243 -1435.1805
2244 -1435.1805
2245 -1435.1805
2246 -1435.1805
2247 -1435.1805
2248 -1435.1805
2249 -1435.1805
2250 -1435.1805
2251 -1436.3783
2252 -1436.3783
2253 -1436.3783
2254 -1436.3783
2255 -1436.3783
2256 -1436.3783
2257 -1436.3783
2258 -1436.3783
2259 -1436.3783
2260 -1436.3783
2261 -1436.3783
2262 -1436.3783
2263 -1436.3783
2264 -1436.3783
2265 -1436.3783
2266 -1436.3783
2267 -1436.3783
2268 -1436.3783
2269 -1436.3783
2270 -1436.3783
2271 -1436.3783
2272 -1436.3783
2273 -1436.3783
2274 -1436.3783
2275 -1436.3783
2276 -1436.3783
2277 -1436.3783
2278 -1436.3783
2279 -1436.3783
2280 -1436.3783
2281 -1436.3783
2282 -1436.3783
2283 -1436.3783
2284 -1436.3783
2285 -1436.3783
2286 -1436.3783
2287 -1436.3783
2288 -1436.3783
2289 -1436.3783
2290 -1436.3783
2291 -1436.3783
2292 -1436.3783
2293 -1436.3783
2294 -1436.3783
2295 -1436.3783
2296 -1436.3783
2297 -1436.3783
2298 -1436.3783
2299 -1436.3783
2300 -1436.3783
2301 -1436.3783
2302 -1436.3783
2303 -1436.3783
2304 -1437.3465
2305 -1437.3465
2306 -1437.3465
2307 -1437.3465
2308 -1437.3465
2309 -1437.3465
2310 -1437.3465
2311 -1437.3465
2312 -1437.3465
2313 -1437.3465
2314 -1437.3465
2315 -1437.3465
2316 -1437.3465
2317 -1437.3465
2318 -1437.3465
2319 -1437.3465
2320 -1437.3465
2321 -1437.3465
2322 -1437.3465
2323 -1437.3465
2324 -1437.3465
2325 -1437.3465
2326 -1437.3465
2327 -1437.3465
2328 -1437.3465
2329 -1437.3465
2330 -1437.3465
2331 -1437.3465
2332 -1437.3465
2333 -1437.3465
2334 -1437.3465
2335 -1437.3465
2336 -1437.3465
2337 -1437.3465
2338 -1437.3465
2339 -1437.3465
2340 -1437.3465
2341 -1437.3465
2342 -1437.3465
2343 -1437.3465
2344 -1437.3465
2345 -1437.3465
2346 -1437.3465
2347 -1437.3465
2348 -1437.3465
2349 -1437.3465
2350 -1437.3465
2351 -1437.3465
2352 -1437.3465
2353 -1437.3465
2354 -1437.3465
2355 -1437.3465
2356 -1437.843
2357 -1437.843
2358 -1437.843
2359 -1437.843
2360 -1437.843
2361 -1437.843
2362 -1437.843
2363 -1437.843
2364 -1437.843
2365 -1437.843
2366 -1437.843
2367 -1437.843
2368 -1437.843
2369 -1438.419
2370 -1438.419
2371 -1438.419
2372 -1438.419
2373 -1438.419
2374 -1438.419
2375 -1438.419
2376 -1438.419
2377 -1438.419
2378 -1438.419
2379 -1438.419
2380 -1438.419
2381 -1438.419
2382 -1438.419
2383 -1438.419
2384 -1438.419
2385 -1438.419
2386 -1438.419
2387 -1438.419
2388 -1438.419
2389 -1438.419
2390 -1438.419
2391 -1438.419
2392 -1438.419
2393 -1438.419
2394 -1438.419
2395 -1438.419
2396 -1438.419
2397 -1438.419
2398 -1438.419
2399 -1438.419
2400 -1438.419
2401 -1438.419
2402 -1438.419
2403 -1438.419
2404 -1438.419
2405 -1438.419
2406 -1438.419
2407 -1438.419
2408 -1438.419
2409 -1438.419
2410 -1438.419
2411 -1438.419
2412 -1438.419
2413 -1438.419
2414 -1438.419
2415 -1438.419
2416 -1438.419
2417 -1438.419
2418 -1438.419
2419 -1438.419
2420 -1438.419
2421 -1438.419
2422 -1438.419
2423 -1438.419
2424 -1438.419
2425 -1438.419
2426 -1438.419
2427 -1438.419
2428 -1438.419
2429 -1438.419
2430 -1438.419
2431 -1438.419
2432 -1438.419
2433 -1438.419
2434 -1438.419
2435 -1438.419
2436 -1438.419
2437 -1438.419
2438 -1438.419
2439 -1438.419
2440 -1438.419
2441 -1438.419
2442 -1438.419
2443 -1438.419
2444 -1438.419
2445 -1438.419
2446 -1438.419
2447 -1438.419
2448 -1438.419
2449 -1438.419
2450 -1438.419
2451 -1438.419
2452 -1438.419
2453 -1438.419
2454 -1438.419
2455 -1438.5617
2456 -1438.5617
2457 -1438.5617
2458 -1438.5617
2459 -1438.5617
2460 -1438.5617
2461 -1438.5617
2462 -1438.5617
2463 -1438.5617
2464 -1438.6314
2465 -1438.6314
2466 -1438.6314
2467 -1438.6314
2468 -1438.6314
2469 -1438.6314
2470 -1438.6314
2471 -1438.6314
2472 -1438.6314
2473 -1438.6314
2474 -1438.6314
2475 -1438.6314
2476 -1438.6314
2477 -1439.1899
2478 -1439.1899
2479 -1439.1899
2480 -1439.1899
2481 -1439.1899
2482 -1439.1899
2483 -1439.1899
2484 -1439.1899
2485 -1439.1899
2486 -1439.1899
2487 -1439.1899
2488 -1439.1899
2489 -1439.1899
2490 -1439.1899
2491 -1439.1899
2492 -1439.1899
2493 -1439.1899
2494 -1439.1899
2495 -1439.1899
2496 -1439.1899
2497 -1439.1899
2498 -1439.1899
2499 -1439.1899
2500 -1439.1899
2501 -1439.1899
2502 -1439.1899
2503 -1439.1899
2504 -1439.1899
2505 -1439.1899
2506 -1439.3069
2507 -1439.3069
2508 -1439.3069
2509 -1439.3069
2510 -1439.3069
2511 -1439.3069
2512 -1439.3069
2513 -1439.3069
2514 -1439.3069
2515 -1439.3069
2516 -1439.3069
2517 -1439.3069
2518 -1439.3069
2519 -1439.3568
2520 -1439.3568
2521 -1439.3568
2522 -1439.3568
2523 -1439.3568
2524 -1439.3568
2525 -1439.3568
2526 -1439.3568
2527 -1439.3568
2528 -1439.3568
2529 -1439.3568
2530 -1439.3568
2531 -1439.3568
2532 -1439.3568
2533 -1439.3568
2534 -1439.3568
2535 -1439.3568
2536 -1439.3568
2537 -1439.3568
2538 -1439.3568
2539 -1439.3568
2540 -1439.3568
2541 -1439.3568
2542 -1439.3568
2543 -1439.3568
2544 -1439.3568
2545 -1439.3568
2546 -1439.3568
2547 -1439.3568
2548 -1439.3568
2549 -1439.3568
2550 -1439.3568
2551 -1439.3568
2552 -1439.3568
2553 -1439.3568
2554 -1439.3568
2555 -1439.3568
2556 -1439.3568
2557 -1439.3568
2558 -1439.3568
2559 -1439.3568
2560 -1439.3568
2561 -1439.3568
2562 -1439.3568
2563 -1439.3568
2564 -1439.3568
2565 -1439.3568
2566 -1439.3568
2567 -1439.3568
2568 -1439.3568
2569 -1439.3568
2570 -1439.3568
2571 -1439.3568
2572 -1439.3568
2573 -1439.3568
2574 -1439.3568
2575 -1439.3568
2576 -1439.3568
2577 -1439.3568
2578 -1439.3568
2579 -1439.3568
2580 -1439.3568
2581 -1439.3568
2582 -1439.3568
2583 -1439.3568
2584 -1439.3568
2585 -1439.3568
2586 -1439.3568
2587 -1439.3568
2588 -1439.3568
2589 -1439.3568
2590 -1439.3568
2591 -1439.3568
2592 -1439.3568
2593 -1439.3568
2594 -1439.3568
2595 -1439.3568
2596 -1439.3568
2597 -1439.3568
2598 -1439.3568
2599 -1439.3568
2600 -1439.3568
2601 -1439.3568
2602 -1439.3568
2603 -1439.3568
2604 -1439.3568
2605 -1439.3568
2606 -1439.3568
2607 -1439.3568
2608 -1439.3568
2609 -1439.3568
2610 -1439.3568
2611 -1439.3568
2612 -1439.3568
2613 -1439.3568
2614 -1439.3568
2615 -1439.3568
2616 -1439.3568
2617 -1439.3568
2618 -1439.3568
2619 -1439.3568
2620 -1439.3568
2621 -1439.3568
2622 -1439.3568
2623 -1439.3568
2624 -1439.3568
2625 -1439.3568
2626 -1439.3568
2627 -1439.3568
2628 -1439.3568
2629 -1439.3568
2630 -1439.3568
2631 -1440.5231
2632 -1440.5231
2633 -1440.5231
2634 -1440.5231
2635 -1440.5231
2636 -1440.5231
2637 -1440.5231
2638 -1440.5231
2639 -1440.5231
2640 -1440.5231
2641 -1440.5231
2642 -1440.5231
2643 -1440.5231
2644 -1440.5231
2645 -1440.5231
2646 -1440.5231
2647 -1440.5231
2648 -1440.5231
2649 -1440.5231
2650 -1440.5231
2651 -1440.5231
2652 -1440.5231
2653 -1440.5231
2654 -1440.5231
2655 -1440.5231
2656 -1440.5231
2657 -1440.5231
2658 -1440.5231
2659 -1440.5231
2660 -1440.5231
2661 -1440.5231
2662 -1440.5231
2663 -1440.5231
2664 -1440.5231
2665 -1440.5231
2666 -1440.5231
2667 -1440.5231
2668 -1440.5231
2669 -1440.5231
2670 -1440.5231
2671 -1440.5231
2672 -1440.5231
2673 -1440.5231
2674 -1440.5231
2675 -1440.5231
2676 -1440.5231
2677 -1440.5231
2678 -1440.5231
2679 -1440.5231
2680 -1440.5231
2681 -1440.5231
2682 -1440.5231
2683 -1440.5231
2684 -1440.5231
2685 -1440.5231
2686 -1440.5231
2687 -1441.1511
2688 -1441.1511
2689 -1441.1511
2690 -1441.1511
2691 -1441.1511
2692 -1441.1511
2693 -1441.1511
2694 -1441.1511
2695 -1441.1511
2696 -1441.1511
2697 -1441.1511
2698 -1441.1511
2699 -1441.1511
2700 -1441.1511
2701 -1441.1511
2702 -1441.1511
2703 -1441.1511
2704 -1441.1511
2705 -1441.1511
2706 -1441.1511
2707 -1441.1511
2708 -1441.1511
2709 -1441.1511
2710 -1441.1511
2711 -1441.1511
2712 -1441.1511
2713 -1441.1511
2714 -1441.1511
2715 -1441.5782
2716 -1441.5782
2717 -1441.5782
2718 -1441.5782
2719 -1441.5782
2720 -1441.5782
2721 -1441.5782
2722 -1441.5782
2723 -1441.5782
2724 -1441.5782
2725 -1441.5782
2726 -1441.5782
2727 -1441.5782
2728 -1441.5782
2729 -1441.5782
2730 -1441.5782
2731 -1441.5782
2732 -1441.5782
2733 -1441.5782
2734 -1441.5782
2735 -1441.5782
2736 -1441.6429
2737 -1441.6429
2738 -1441.6429
2739 -1441.6429
2740 -1441.6429
2741 -1441.6429
2742 -1441.6429
2743 -1441.6429
2744 -1441.6429
2745 -1441.6429
2746 -1441.6429
2747 -1441.6429
2748 -1441.6429
2749 -1441.6429
2750 -1441.6429
2751 -1441.6429
2752 -1441.6429
2753 -1441.6429
2754 -1441.6429
2755 -1441.6429
2756 -1441.6429
2757 -1441.6429
2758 -1441.6429
2759 -1441.6429
2760 -1441.6429
2761 -1441.6429
2762 -1441.6429
2763 -1441.6429
2764 -1441.6429
2765 -1441.6429
2766 -1441.6429
2767 -1441.6429
2768 -1441.6429
2769 -1441.6429
2770 -1441.6429
2771 -1441.6429
2772 -1441.6429
2773 -1441.6429
2774 -1441.6429
2775 -1441.6429
2776 -1441.6429
2777 -1441.6429
2778 -1441.6429
2779 -1441.6429
2780 -1441.6429
2781 -1441.6429
2782 -1441.6429
2783 -1441.6429
2784 -1441.6429
2785 -1441.6429
2786 -1441.6429
2787 -1441.6429
2788 -1441.6429
2789 -1441.6429
2790 -1441.6429
2791 -1441.6429
2792 -1441.6429
2793 -1441.6429
2794 -1441.6429
2795 -1441.6429
2796 -1441.6429
2797 -1441.6429
2798 -1441.6429
2799 -1441.6429
2800 -1441.6429
2801 -1441.6429
2802 -1441.6429
2803 -1441.6429
2804 -1441.6429
2805 -1441.6429
2806 -1441.6429
2807 -1441.6429
2808 -1441.6429
2809 -1441.6429
2810 -1441.6429
2811 -1441.6429
2812 -1441.6429
2813 -1441.6429
2814 -1441.6429
2815 -1441.6429
2816 -1441.6429
2817 -1441.6429
2818 -1441.6429
2819 -1441.6429
2820 -1441.6429
2821 -1441.6429
2822 -1441.6429
2823 -1441.6429
2824 -1441.6429
2825 -1441.6429
2826 -1441.6429
2827 -1441.6429
2828 -1441.6429
2829 -1441.6429
2830 -1441.6429
2831 -1441.6429
2832 -1441.6429
2833 -1441.6429
2834 -1441.6429
2835 -1441.6429
2836 -1441.6429
2837 -1441.6429
2838 -1441.6429
2839 -1441.6429
2840 -1441.6429
2841 -1441.6429
2842 -1441.6429
2843 -1441.6429
2844 -1441.6429
2845 -1441.6429
2846 -1441.6429
2847 -1441.6429
2848 -1441.6429
2849 -1441.6429
2850 -1441.6429
2851 -1441.6429
2852 -1441.6429
2853 -1441.6429
2854 -1441.6429
2855 -1441.6429
2856 -1441.6429
2857 -1441.6429
2858 -1441.6429
2859 -1441.6429
2860 -1441.6429
2861 -1441.6429
2862 -1441.6429
2863 -1441.6429
2864 -1441.6429
2865 -1441.6429
2866 -1441.6429
2867 -1441.6429
2868 -1441.6429
2869 -1441.6429
2870 -1441.6429
2871 -1441.6429
2872 -1441.6429
2873 -1441.6429
2874 -1441.6429
2875 -1441.6429
2876 -1441.6429
2877 -1441.6429
2878 -1441.6429
2879 -1441.6429
2880 -1441.6429
2881 -1441.6429
2882 -1441.6429
2883 -1441.6429
2884 -1441.6429
2885 -1441.6429
2886 -1441.6429
2887 -1441.6429
2888 -1441.6429
2889 -1441.6429
2890 -1441.6429
2891 -1441.6429
2892 -1441.6429
2893 -1441.6429
2894 -1441.6429
2895 -1441.6429
2896 -1441.6429
2897 -1441.6429
2898 -1441.6429
2899 -1441.6429
2900 -1441.6429
2901 -1441.6429
2902 -1441.6429
2903 -1441.6429
2904 -1441.6429
2905 -1441.6429
2906 -1441.6429
2907 -1441.6429
2908 -1441.6429
2909 -1441.6429
2910 -1441.6429
2911 -1441.6429
2912 -1441.6429
2913 -1442.0989
2914 -1442.0989
2915 -1442.0989
2916 -1442.0989
2917 -1442.0989
2918 -1442.0989
2919 -1442.0989
2920 -1442.0989
2921 -1442.0989
2922 -1442.0989
2923 -1442.0989
2924 -1442.0989
2925 -1442.0989
2926 -1442.0989
2927 -1442.0989
2928 -1442.0989
2929 -1442.0989
2930 -1442.0989
2931 -1442.0989
2932 -1442.0989
2933 -1442.0989
2934 -1442.0989
2935 -1442.0989
2936 -1442.0989
2937 -1442.0989
2938 -1442.0989
2939 -1442.0989
2940 -1442.0989
2941 -1442.0989
2942 -1442.0989
2943 -1442.0989
2944 -1442.0989
2945 -1442.0989
2946 -1442.0989
2947 -1442.0989
2948 -1442.0989
2949 -1442.0989
2950 -1442.0989
2951 -1442.0989
2952 -1442.0989
2953 -1442.0989
2954 -1442.0989
2955 -1442.0989
2956 -1442.0989
2957 -1442.0989
2958 -1442.0989
2959 -1442.0989
2960 -1442.0989
2961 -1442.0989
2962 -1442.0989
2963 -1442.0989
2964 -1442.0989
2965 -1442.0989
2966 -1442.0989
2967 -1442.0989
2968 -1442.0989
2969 -1442.0989
2970 -1442.0989
2971 -1442.0989
2972 -1442.0989
2973 -1442.0989
2974 -1442.0989
2975 -1442.0989
2976 -1442.0989
2977 -1442.0989
2978 -1442.0989
2979 -1442.0989
2980 -1442.0989
2981 -1442.0989
2982 -1442.0989
2983 -1442.0989
2984 -1442.0989
2985 -1442.0989
2986 -1442.0989
2987 -1442.0989
2988 -1442.0989
2989 -1442.0989
2990 -1442.0989
2991 -1442.0989
2992 -1442.0989
2993 -1442.0989
2994 -1442.0989
2995 -1442.0989
2996 -1442.0989
2997 -1442.0989
2998 -1442.0989
2999 -1442.0989
3000 -1442.0989
3001 -1442.0989
3002 -1442.0989
3003 -1442.0989
3004 -1442.0989
3005 -1442.0989
3006 -1442.0989
3007 -1442.0989
3008 -1442.0989
3009 -1442.0989
3010 -1442.0989
3011 -1442.0989
3012 -1442.0989
3013 -1442.0989
3014 -1442.0989
3015 -1442.0989
3016 -1442.0989
3017 -1442.0989
3018 -1442.0989
3019 -1442.0989
3020 -1442.0989
3021 -1442.0989
3022 -1442.0989
3023 -1442.0989
3024 -1442.0989
3025 -1442.0989
3026 -1442.0989
3027 -1442.0989
3028 -1442.0989
3029 -1442.0989
3030 -1442.0989
3031 -1442.0989
3032 -1442.0989
3033 -1442.0989
3034 -1442.0989
3035 -1442.0989
3036 -1442.0989
3037 -1442.0989
3038 -1442.0989
3039 -1442.0989
3040 -1442.0989
3041 -1442.0989
3042 -1442.0989
3043 -1442.0989
3044 -1442.0989
3045 -1442.0989
3046 -1442.8138
3047 -1442.8138
3048 -1442.8138
3049 -1442.8138
3050 -1442.8138
3051 -1442.8138
3052 -1442.8138
3053 -1442.8138
3054 -1442.8138
3055 -1442.8138
3056 -1442.8138
3057 -1442.8138
3058 -1442.8138
3059 -1442.8138
3060 -1442.8138
3061 -1442.8138
3062 -1442.8138
3063 -1442.8138
3064 -1442.8138
3065 -1442.8138
3066 -1442.8138
3067 -1442.8138
3068 -1442.8138
3069 -1442.8138
3070 -1442.8138
3071 -1442.8138
3072 -1442.8138
3073 -1442.8138
3074 -1442.8138
3075 -1442.8138
3076 -1442.8138
3077 -1442.8138
3078 -1442.8138
3079 -1442.8138
3080 -1442.8138
3081 -1442.8138
3082 -1442.8138
3083 -1442.8138
3084 -1442.8138
3085 -1442.8138
3086 -1442.8138
3087 -1442.8138
3088 -1442.8138
3089 -1442.8138
3090 -1442.8138
3091 -1442.8138
3092 -1442.8138
3093 -1442.8138
3094 -1442.8138
3095 -1442.8138
3096 -1442.9581
3097 -1442.9581
3098 -1443.2715
3099 -1443.2715
3100 -1443.2715
3101 -1443.2715
3102 -1443.2715
3103 -1443.2715
3104 -1443.2715
3105 -1443.2715
3106 -1443.2715
3107 -1443.2715
3108 -1443.2715
3109 -1443.2715
3110 -1443.2715
3111 -1443.2715
3112 -1443.2715
3113 -1443.2715
3114 -1443.2715
3115 -1443.2715
3116 -1443.2715
3117 -1443.2715
3118 -1443.2715
3119 -1443.2715
3120 -1443.2715
3121 -1443.2715
3122 -1443.2715
3123 -1443.2715
3124 -1443.3299
3125 -1443.3299
3126 -1443.3299
3127 -1443.3299
3128 -1443.3299
3129 -1443.3299
3130 -1443.3299
3131 -1443.3299
3132 -1443.3299
3133 -1443.3299
3134 -1443.3299
3135 -1443.3299
3136 -1443.3299
3137 -1443.3299
3138 -1443.3299
3139 -1443.3299
3140 -1443.3299
3141 -1443.3299
3142 -1443.3299
3143 -1443.3299
3144 -1443.3299
3145 -1443.3299
3146 -1443.3299
3147 -1443.3299
3148 -1443.3299
3149 -1443.3299
3150 -1443.3299
3151 -1443.3299
3152 -1443.3299
3153 -1443.3299
3154 -1443.3299
3155 -1443.3299
3156 -1443.3299
3157 -1443.3299
3158 -1443.3299
3159 -1443.3299
3160 -1443.3299
3161 -1443.3299
3162 -1443.3299
3163 -1443.3299
3164 -1443.3299
3165 -1443.3299
3166 -1443.3299
3167 -1443.3299
3168 -1443.3299
3169 -1443.3299
3170 -1443.3299
3171 -1443.3299
3172 -1443.3299
3173 -1443.3299
3174 -1443.3299
3175 -1443.3299
3176 -1444.0528
3177 -1444.0528
3178 -1444.0528
3179 -1444.0528
3180 -1444.0528
3181 -1444.0528
3182 -1444.0528
3183 -1444.0528
3184 -1444.0528
3185 -1444.0528
3186 -1444.0528
3187 -1444.0528
3188 -1444.0528
3189 -1444.0528
3190 -1444.0528
3191 -1444.0528
3192 -1444.187
3193 -1444.187
3194 -1444.187
3195 -1444.187
3196 -1444.187
3197 -1444.187
3198 -1444.187
3199 -1444.187
3200 -1444.187
3201 -1444.187
3202 -1444.187
3203 -1444.187
3204 -1444.187
3205 -1444.187
3206 -1444.187
3207 -1444.187
3208 -1444.187
3209 -1444.187
3210 -1444.187
3211 -1444.187
3212 -1444.187
3213 -1444.187
3214 -1444.187
3215 -1444.187
3216 -1444.187
3217 -1444.187
3218 -1444.1861
3219 -1444.1861
3220 -1444.1861
3221 -1444.1861
3222 -1444.1861
3223 -1444.1861
3224 -1444.1861
3225 -1444.1861
3226 -1444.1861
3227 -1444.1861
3228 -1444.1861
3229 -1444.1861
3230 -1444.1861
3231 -1444.1861
3232 -1444.1861
3233 -1444.1861
3234 -1444.1861
3235 -1444.1861
3236 -1444.1861
3237 -1444.1861
3238 -1444.1861
3239 -1444.1861
3240 -1444.1861
3241 -1444.1861
3242 -1444.1861
3243 -1444.1861
3244 -1444.1861
3245 -1444.1861
3246 -1444.1861
3247 -1444.1861
3248 -1444.1861
3249 -1444.1861
3250 -1444.1861
3251 -1444.1861
3252 -1444.1861
3253 -1444.1861
3254 -1444.1861
3255 -1444.1861
3256 -1444.1861
3257 -1444.1861
3258 -1444.1861
3259 -1444.1861
3260 -1444.1861
3261 -1444.1861
3262 -1444.1861
3263 -1444.1861
3264 -1444.1861
3265 -1444.1861
3266 -1444.1861
3267 -1444.1861
3268 -1444.1861
3269 -1444.1861
3270 -1444.1861
3271 -1444.1861
3272 -1444.1861
3273 -1444.1861
3274 -1444.1861
3275 -1444.1861
3276 -1444.1861
3277 -1444.1861
3278 -1444.1861
3279 -1444.1861
3280 -1444.1861
3281 -1444.1861
3282 -1444.1861
3283 -1444.1861
3284 -1444.1861
3285 -1444.1861
3286 -1444.1861
3287 -1444.1861
3288 -1444.1861
3289 -1444.1861
3290 -1444.1861
3291 -1444.4384
3292 -1444.4384
3293 -1444.4384
3294 -1444.4384
3295 -1444.4384
3296 -1444.4384
3297 -1444.4384
3298 -1444.4384
3299 -1444.4384
3300 -1444.4384
3301 -1444.4384
3302 -1444.4384
3303 -1444.4384
3304 -1444.4384
3305 -1444.4384
3306 -1444.4384
3307 -1444.4384
3308 -1444.4384
3309 -1444.4384
3310 -1444.4384
3311 -1444.4384
3312 -1444.4384
3313 -1444.4384
3314 -1444.4384
3315 -1444.4384
3316 -1444.4384
3317 -1444.4384
3318 -1444.4384
3319 -1444.4384
3320 -1444.4384
3321 -1444.4384
3322 -1444.4384
3323 -1444.4384
3324 -1444.4384
3325 -1444.4384
3326 -1444.4384
3327 -1444.4384
3328 -1444.4384
3329 -1444.4384
3330 -1444.4384
3331 -1444.4384
3332 -1444.4384
3333 -1444.4384
3334 -1444.4384
3335 -1444.4384
3336 -1444.4384
3337 -1444.4384
3338 -1444.4384
3339 -1444.4384
3340 -1444.4384
3341 -1444.4384
3342 -1444.4384
3343 -1444.4384
3344 -1444.4384
3345 -1444.4384
3346 -1444.4384
3347 -1444.4384
3348 -1444.4384
3349 -1444.4384
3350 -1444.4384
3351 -1444.4384
3352 -1444.4384
3353 -1444.4384
3354 -1444.4384
3355 -1444.4384
3356 -1444.4384
3357 -1444.4384
3358 -1444.4384
3359 -1444.4384
3360 -1444.4384
3361 -1444.4384
3362 -1444.4384
3363 -1444.4384
3364 -1444.4384
3365 -1444.4384
3366 -1444.4384
3367 -1444.4384
3368 -1444.4384
3369 -1444.4384
3370 -1444.4384
3371 -1444.4384
3372 -1444.4384
3373 -1444.4384
3374 -1444.4384
3375 -1444.4384
3376 -1444.4384
3377 -1444.4384
3378 -1444.4384
3379 -1444.4384
3380 -1444.4384
3381 -1444.4384
3382 -1444.4384
3383 -1444.4384
3384 -1444.4384
3385 -1444.4384
3386 -1444.4384
3387 -1444.4384
3388 -1444.4384
3389 -1444.4384
3390 -1444.4384
3391 -1444.4384
3392 -1444.4384
3393 -1444.4384
3394 -1444.4384
3395 -1444.4384
3396 -1444.4384
3397 -1444.4384
3398 -1444.4384
3399 -1444.4384
3400 -1444.4384
3401 -1444.4384
3402 -1444.4384
3403 -1444.4384
3404 -1444.4384
3405 -1444.4384
3406 -1444.4384
3407 -1444.4384
3408 -1444.4384
3409 -1444.4384
3410 -1444.4384
3411 -1444.4384
3412 -1444.4384
3413 -1444.4384
3414 -1444.4384
3415 -1444.4384
3416 -1444.4384
3417 -1444.4384
3418 -1444.4384
3419 -1444.4384
3420 -1444.4384
3421 -1444.4384
3422 -1444.4384
3423 -1444.4384
3424 -1444.4384
3425 -1444.4384
3426 -1444.4384
3427 -1444.4384
3428 -1444.4384
3429 -1444.4384
3430 -1444.4384
3431 -1444.4384
3432 -1444.4384
3433 -1444.4384
3434 -1444.4384
3435 -1444.4384
3436 -1444.4384
3437 -1444.4384
3438 -1444.4384
3439 -1444.4384
3440 -1444.4384
3441 -1444.4384
3442 -1444.4384
3443 -1445.2377
3444 -1445.2377
3445 -1445.2377
3446 -1445.2377
3447 -1445.2377
3448 -1445.2377
3449 -1445.2377
3450 -1445.2377
3451 -1445.442
3452 -1445.442
3453 -1445.442
3454 -1445.442
3455 -1445.442
3456 -1445.442
3457 -1445.442
3458 -1445.442
3459 -1445.442
3460 -1445.442
3461 -1445.442
3462 -1445.442
3463 -1445.442
3464 -1445.442
3465 -1445.442
3466 -1445.442
3467 -1445.442
3468 -1445.442
3469 -1445.442
3470 -1445.442
3471 -1445.442
3472 -1445.442
3473 -1445.442
3474 -1445.442
3475 -1445.442
3476 -1445.442
3477 -1445.442
3478 -1445.442
3479 -1445.442
3480 -1445.442
3481 -1445.442
3482 -1445.442
3483 -1445.442
3484 -1445.442
3485 -1445.442
3486 -1445.442
3487 -1445.442
3488 -1445.442
3489 -1445.442
3490 -1445.442
3491 -1445.442
3492 -1445.442
3493 -1445.442
3494 -1445.442
3495 -1445.442
3496 -1445.442
3497 -1445.442
3498 -1445.442
3499 -1445.442
3500 -1445.442
3501 -1445.442
3502 -1445.442
3503 -1445.442
3504 -1445.442
3505 -1445.442
3506 -1445.442
3507 -1445.442
3508 -1445.442
3509 -1445.442
3510 -1445.442
3511 -1445.442
3512 -1445.442
3513 -1445.442
3514 -1445.442
3515 -1445.442
3516 -1445.442
3517 -1445.442
3518 -1445.442
3519 -1445.442
3520 -1445.442
3521 -1445.442
3522 -1445.442
3523 -1445.442
3524 -1445.442
3525 -1445.442
3526 -1445.442
3527 -1445.442
3528 -1445.442
3529 -1445.442
3530 -1445.442
3531 -1445.442
3532 -1445.442
3533 -1445.442
3534 -1445.442
3535 -1445.442
3536 -1445.442
3537 -1445.442
3538 -1445.442
3539 -1445.442
3540 -1445.442
3541 -1445.442
3542 -1445.442
3543 -1445.442
3544 -1445.442
3545 -1445.442
3546 -1445.442
3547 -1445.442
3548 -1445.442
3549 -1445.442
3550 -1445.442
3551 -1445.442
3552 -1445.442
3553 -1445.442
3554 -1445.442
3555 -1445.442
3556 -1445.442
3557 -1445.442
3558 -1445.442
3559 -1445.442
3560 -1445.442
3561 -1445.442
3562 -1445.442
3563 -1445.442
3564 -1445.442
3565 -1445.442
3566 -1445.442
3567 -1445.442
3568 -1445.442
3569 -1445.442
3570 -1445.442
3571 -1445.442
3572 -1445.442
3573 -1445.442
3574 -1445.442
3575 -1445.442
3576 -1445.442
3577 -1445.442
3578 -1445.442
3579 -1445.442
3580 -1445.442
3581 -1445.442
3582 -1445.442
3583 -1445.442
3584 -1445.442
3585 -1445.442
3586 -1445.442
3587 -1445.442
3588 -1445.442
3589 -1445.442
3590 -1445.8189
3591 -1445.8189
3592 -1445.8189
3593 -1445.8189
3594 -1445.8189
3595 -1445.8189
3596 -1445.8953
3597 -1445.8953
3598 -1445.8953
3599 -1445.8953
3600 -1445.8953
3601 -1445.8953
3602 -1445.8953
3603 -1445.8953
3604 -1445.8953
3605 -1445.8953
3606 -1446.5856
3607 -1446.5856
3608 -1446.5856
3609 -1446.5856
3610 -1446.5856
3611 -1446.5856
3612 -1446.5856
3613 -1446.5856
3614 -1446.5856
3615 -1446.5856
3616 -1446.5856
3617 -1446.5856
3618 -1446.5856
3619 -1446.5856
3620 -1446.5856
3621 -1446.5856
3622 -1446.5856
3623 -1446.5856
3624 -1446.5856
3625 -1446.5856
3626 -1446.5856
3627 -1446.5856
3628 -1446.5856
3629 -1446.5856
3630 -1446.5856
3631 -1446.5856
3632 -1446.5856
3633 -1446.5856
3634 -1446.5856
3635 -1446.5856
3636 -1446.5856
3637 -1446.5856
3638 -1446.5856
3639 -1446.5856
3640 -1446.5856
3641 -1446.5856
3642 -1446.5856
3643 -1446.5856
3644 -1446.5856
3645 -1446.5856
3646 -1446.5856
3647 -1446.5856
3648 -1446.5856
3649 -1446.5856
3650 -1446.5856
3651 -1446.5856
3652 -1446.5856
3653 -1446.5856
3654 -1446.5856
3655 -1446.5856
3656 -1446.5856
3657 -1446.5856
3658 -1446.5856
3659 -1446.5856
3660 -1446.5856
3661 -1446.5856
3662 -1446.5856
3663 -1446.5856
3664 -1446.5856
3665 -1446.5856
3666 -1446.5856
3667 -1446.5856
3668 -1446.5856
3669 -1446.5856
3670 -1446.5856
3671 -1446.5856
3672 -1446.5856
3673 -1446.5856
3674 -1446.5856
3675 -1446.5856
3676 -1446.5856
3677 -1446.5856
3678 -1446.5856
3679 -1446.5856
3680 -1446.5856
3681 -1446.5856
3682 -1446.5856
3683 -1446.5856
3684 -1446.5856
3685 -1446.5856
3686 -1446.5856
3687 -1446.5856
3688 -1446.5856
3689 -1446.5856
3690 -1446.5856
3691 -1446.5856
3692 -1446.5856
3693 -1446.5856
3694 -1446.5856
3695 -1446.5856
3696 -1446.5856
3697 -1446.5856
3698 -1446.5856
3699 -1446.5856
3700 -1446.5856
3701 -1446.5856
3702 -1446.5856
3703 -1446.5856
3704 -1446.5856
3705 -1446.5856
3706 -1446.5856
3707 -1446.5856
3708 -1446.5856
3709 -1446.5856
3710 -1446.5856
3711 -1446.5856
3712 -1446.5856
3713 -1446.5856
3714 -1446.5856
3715 -1446.5856
3716 -1446.5856
3717 -1446.5856
3718 -1446.5856
3719 -1446.5856
3720 -1446.5856
3721 -1446.5856
3722 -1446.5856
3723 -1446.5856
3724 -1446.5856
3725 -1446.5856
3726 -1446.5856
3727 -1446.5856
3728 -1446.5856
3729 -1446.5856
3730 -1446.5856
3731 -1446.5856
3732 -1446.5856
3733 -1446.5856
3734 -1446.5856
3735 -1446.5856
3736 -1446.5856
3737 -1446.5856
3738 -1446.5856
3739 -1446.5856
3740 -1446.5856
3741 -1446.5856
3742 -1446.5856
3743 -1446.5856
3744 -1446.5856
3745 -1446.5856
3746 -1446.5856
3747 -1446.5856
3748 -1446.5856
3749 -1446.5856
3750 -1446.5856
3751 -1446.5856
3752 -1446.5856
3753 -1446.5856
3754 -1446.5856
3755 -1446.5856
3756 -1446.5856
3757 -1446.5856
3758 -1446.5856
3759 -1446.5856
3760 -1446.5856
3761 -1446.5856
3762 -1446.5856
3763 -1446.5856
3764 -1446.5856
3765 -1446.5856
3766 -1446.5856
3767 -1446.5856
3768 -1446.5856
3769 -1446.5856
3770 -1446.5856
3771 -1446.5856
3772 -1446.5856
3773 -1446.5856
3774 -1446.5856
3775 -1446.5856
3776 -1446.5856
3777 -1446.5856
3778 -1446.5856
3779 -1446.5856
3780 -1446.5856
3781 -1446.5856
3782 -1446.5856
3783 -1446.5856
3784 -1446.5856
3785 -1446.5856
3786 -1446.5856
3787 -1446.5856
3788 -1446.5856
3789 -1446.5856
3790 -1446.5856
3791 -1446.5856
3792 -1446.5856
3793 -1446.5856
3794 -1446.5856
3795 -1446.5856
3796 -1446.5856
3797 -1446.5856
3798 -1446.5856
3799 -1446.5856
3800 -1446.5856
3801 -1446.5856
3802 -1446.5856
3803 -1446.5856
3804 -1446.5856
3805 -1446.5856
3806 -1446.5856
3807 -1446.5856
3808 -1446.5856
3809 -1446.5856
3810 -1446.5856
3811 -1446.5856
3812 -1446.5856
3813 -1446.5856
3814 -1446.5856
3815 -1446.5856
3816 -1446.5856
3817 -1446.5856
3818 -1446.5856
3819 -1446.5856
3820 -1446.5856
3821 -1446.5856
3822 -1446.5856
3823 -1446.5856
3824 -1446.5856
3825 -1446.5856
3826 -1446.5856
3827 -1446.5856
3828 -1446.5856
3829 -1446.5856
3830 -1446.5856
3831 -1446.5856
3832 -1446.5856
3833 -1446.5856
3834 -1446.5856
3835 -1446.5856
3836 -1446.6715
3837 -1446.6715
3838 -1446.6715
3839 -1446.6715
3840 -1446.6715
3841 -1446.6715
3842 -1446.6715
3843 -1446.8142
3844 -1446.8142
3845 -1446.8142
3846 -1446.8142
3847 -1446.8142
3848 -1446.8142
3849 -1446.8142
3850 -1446.8142
3851 -1446.8142
3852 -1446.8142
3853 -1446.8142
3854 -1446.8142
3855 -1446.8142
3856 -1446.8142
3857 -1446.8142
3858 -1446.8142
3859 -1446.8142
3860 -1446.8142
3861 -1446.8142
3862 -1446.8142
3863 -1446.8142
3864 -1446.8142
3865 -1446.8142
3866 -1446.8142
3867 -1446.8142
3868 -1446.8142
3869 -1446.8142
3870 -1446.8142
3871 -1446.8142
3872 -1446.8142
3873 -1446.8142
3874 -1446.8142
3875 -1446.8142
3876 -1446.8142
3877 -1446.8142
3878 -1446.8142
3879 -1446.8142
3880 -1446.8142
3881 -1446.8142
3882 -1446.8142
3883 -1446.8142
3884 -1446.8142
3885 -1446.8142
3886 -1446.8142
3887 -1446.8142
3888 -1446.8142
3889 -1446.8142
3890 -1446.8142
3891 -1446.8142
3892 -1446.8142
3893 -1446.8142
3894 -1446.8142
3895 -1446.8142
3896 -1446.8142
3897 -1446.8142
3898 -1446.8142
3899 -1446.8142
3900 -1446.8142
3901 -1446.8142
3902 -1446.8142
3903 -1446.8142
3904 -1446.8142
3905 -1446.8142
3906 -1446.8142
3907 -1446.8142
3908 -1446.8142
3909 -1446.8142
3910 -1446.8142
3911 -1446.8142
3912 -1446.8142
3913 -1446.8142
3914 -1446.8142
3915 -1446.8142
3916 -1446.8142
3917 -1446.8142
3918 -1446.8142
3919 -1446.8142
3920 -1446.8142
3921 -1446.8142
3922 -1446.8142
3923 -1446.8142
3924 -1446.8142
3925 -1446.8142
3926 -1446.8142
3927 -1446.8142
3928 -1446.8142
3929 -1446.8142
3930 -1446.8142
3931 -1446.8142
3932 -1446.8142
3933 -1446.8142
3934 -1446.8142
3935 -1446.8142
3936 -1446.8142
3937 -1446.8142
3938 -1446.8142
3939 -1446.8142
3940 -1446.8142
3941 -1446.8142
3942 -1446.8142
3943 -1446.8142
3944 -1446.8142
3945 -1446.8142
3946 -1446.8142
3947 -1446.8142
3948 -1446.8142
3949 -1446.8142
3950 -1446.8142
3951 -1446.8142
3952 -1446.8142
3953 -1446.8142
3954 -1446.8142
3955 -1446.8142
3956 -1446.8142
3957 -1446.8142
3958 -1446.8142
3959 -1446.8142
3960 -1446.8142
3961 -1446.8142
3962 -1446.8142
3963 -1446.8142
3964 -1446.8142
3965 -1446.8142
3966 -1446.8142
3967 -1446.8142
3968 -1446.8142
3969 -1446.8142
3970 -1446.8142
3971 -1446.8142
3972 -1446.8142
3973 -1446.8142
3974 -1446.8142
3975 -1446.8142
3976 -1446.8142
3977 -1446.8142
3978 -1446.8142
3979 -1446.8142
3980 -1446.8142
3981 -1446.8142
3982 -1446.8142
3983 -1446.8142
3984 -1446.8142
3985 -1446.8142
3986 -1446.8142
3987 -1446.8142
3988 -1446.8142
3989 -1446.8142
3990 -1446.8142
3991 -1446.8142
3992 -1446.8142
3993 -1447.4707
3994 -1447.4707
3995 -1447.4707
3996 -1447.4707
3997 -1447.4707
3998 -1447.4707
3999 -1447.4707
4000 -1447.4707
4001 -1447.4707
4002 -1447.4707
4003 -1447.4707
4004 -1447.4707
4005 -1447.4707
4006 -1447.4707
4007 -1447.4707
4008 -1447.4707
4009 -1447.4707
4010 -1447.4707
4011 -1447.4707
4012 -1447.4707
4013 -1447.4707
4014 -1447.4707
4015 -1447.4707
4016 -1447.4707
4017 -1447.4707
4018 -1447.4707
4019 -1447.4707
4020 -1447.4707
4021 -1447.4707
4022 -1447.4707
4023 -1447.4707
4024 -1447.4707
4025 -1447.4707
4026 -1447.4707
4027 -1447.4707
4028 -1447.4707
4029 -1447.4707
4030 -1447.4707
4031 -1447.4707
4032 -1447.4707
4033 -1447.4707
4034 -1447.4707
4035 -1447.4707
4036 -1447.4707
4037 -1447.4707
4038 -1447.4707
4039 -1447.4707
4040 -1447.4707
4041 -1447.4707
4042 -1447.4707
4043 -1447.4707
4044 -1447.4707
4045 -1447.4707
4046 -1447.4707
4047 -1447.4707
4048 -1447.4707
4049 -1447.4707
4050 -1447.4707
4051 -1447.4707
4052 -1447.4707
4053 -1447.4707
4054 -1447.4707
4055 -1447.4707
4056 -1447.4707
4057 -1447.4707
4058 -1447.4707
4059 -1447.4707
4060 -1447.4707
4061 -1447.4707
4062 -1447.4707
4063 -1447.4707
4064 -1447.4707
4065 -1447.4707
4066 -1447.4707
4067 -1447.4707
4068 -1447.4707
4069 -1447.4707
4070 -1447.4707
4071 -1447.4707
4072 -1447.4707
4073 -1447.4707
4074 -1447.4707
4075 -1447.4707
4076 -1447.4707
4077 -1447.4707
4078 -1447.4707
4079 -1447.4707
4080 -1447.4707
4081 -1447.4707
4082 -1447.4707
4083 -1447.4707
4084 -1447.4707
4085 -1447.4707
4086 -1447.4707
4087 -1447.4707
4088 -1447.4707
4089 -1447.4707
4090 -1447.4707
4091 -1447.4707
4092 -1447.4707
4093 -1447.4707
4094 -1447.4707
4095 -1447.4707
4096 -1447.4707
4097 -1447.4707
4098 -1447.4707
4099 -1447.4707
4100 -1447.4707
4101 -1447.4707
4102 -1447.4707
4103 -1447.4707
4104 -1447.4707
4105 -1447.4707
4106 -1447.4707
4107 -1447.4707
4108 -1447.4707
4109 -1447.4707
4110 -1447.4707
4111 -1447.4707
4112 -1447.4707
4113 -1447.4707
4114 -1447.4707
4115 -1447.4707
4116 -1447.4707
4117 -1447.4707
4118 -1447.4707
4119 -1447.4707
4120 -1447.4707
4121 -1447.4707
4122 -1447.4707
4123 -1447.4707
4124 -1447.4707
4125 -1447.4707
4126 -1447.4707
4127 -1447.4707
4128 -1447.4707
4129 -1447.4707
4130 -1449.0676
4131 -1449.0676
4132 -1449.0676
4133 -1449.0676
4134 -1449.0676
4135 -1449.0676
4136 -1449.0676
4137 -1449.0676
4138 -1449.0676
4139 -1449.0676
4140 -1449.0676
4141 -1449.0676
4142 -1449.0676
4143 -1449.0676
4144 -1449.0676
4145 -1449.0676
4146 -1449.0676
4147 -1449.0676
4148 -1449.0676
4149 -1449.0676
4150 -1449.0676
4151 -1449.0676
4152 -1449.0676
4153 -1449.0676
4154 -1449.0676
4155 -1449.0676
4156 -1449.0676
4157 -1449.0676
4158 -1449.0676
4159 -1449.0676
4160 -1449.0676
4161 -1449.0676
4162 -1449.0676
4163 -1449.0676
4164 -1449.0676
4165 -1450.0974
4166 -1450.0974
4167 -1450.0974
4168 -1450.0974
4169 -1450.0974
4170 -1450.0974
4171 -1450.0974
4172 -1450.0974
4173 -1450.0974
4174 -1450.0974
4175 -1450.0974
4176 -1450.0974
4177 -1450.0974
4178 -1450.0974
4179 -1450.0974
4180 -1450.0974
4181 -1450.0974
4182 -1450.0974
4183 -1450.0974
4184 -1450.0974
4185 -1450.0974
4186 -1450.0974
4187 -1450.0974
4188 -1450.0974
4189 -1450.0974
4190 -1450.0974
4191 -1450.0974
4192 -1450.0974
4193 -1450.0974
4194 -1450.0974
4195 -1450.0974
4196 -1450.0974
4197 -1450.0974
4198 -1450.0974
4199 -1450.0974
4200 -1450.0974
4201 -1450.0974
4202 -1450.0974
4203 -1450.0974
4204 -1450.0974
4205 -1450.0974
4206 -1450.0974
4207 -1450.0974
4208 -1450.0974
4209 -1450.0974
4210 -1450.0974
4211 -1450.0974
4212 -1450.0974
4213 -1450.0974
4214 -1450.0974
4215 -1450.0974
4216 -1450.0974
4217 -1450.0974
4218 -1450.0974
4219 -1450.0974
4220 -1450.0974
4221 -1450.0974
4222 -1450.0974
4223 -1450.0974
4224 -1450.0974
4225 -1450.0974
4226 -1450.0974
4227 -1450.0974
4228 -1450.0974
4229 -1450.0974
4230 -1450.0974
4231 -1450.0974
4232 -1450.0974
4233 -1450.1109
4234 -1450.1109
4235 -1450.1109
4236 -1450.1109
4237 -1450.1109
4238 -1450.1109
4239 -1450.1109
4240 -1450.1109
4241 -1450.1109
4242 -1450.1109
4243 -1450.1109
4244 -1450.1109
4245 -1450.1109
4246 -1450.1109
4247 -1450.1109
4248 -1450.1109
4249 -1450.1109
4250 -1450.1109
4251 -1450.1109
4252 -1450.1109
4253 -1450.1109
4254 -1450.1109
4255 -1450.1109
4256 -1450.1109
4257 -1450.1109
4258 -1450.1109
4259 -1450.2116
4260 -1450.2116
4261 -1450.2116
4262 -1450.2116
4263 -1450.2116
4264 -1450.2116
4265 -1450.2116
4266 -1450.2116
4267 -1450.2116
4268 -1450.2116
4269 -1450.2116
4270 -1450.2116
4271 -1450.2116
4272 -1450.2116
4273 -1450.2116
4274 -1450.2116
4275 -1450.2116
4276 -1450.2116
4277 -1450.2116
4278 -1450.2116
4279 -1450.2116
4280 -1450.2116
4281 -1450.2116
4282 -1450.2116
4283 -1450.2116
4284 -1450.2116
4285 -1450.2116
4286 -1450.2116
4287 -1450.2116
4288 -1450.2116
4289 -1450.2116
4290 -1450.2116
4291 -1450.2116
4292 -1450.2116
4293 -1450.2116
4294 -1450.2116
4295 -1450.2116
4296 -1450.2116
4297 -1450.2116
4298 -1450.2116
4299 -1450.2116
4300 -1450.2116
4301 -1450.2116
4302 -1450.2116
4303 -1450.2116
4304 -1450.2116
4305 -1450.2116
4306 -1450.2116
4307 -1450.2116
4308 -1450.2116
4309 -1450.2116
4310 -1450.2116
4311 -1450.2116
4312 -1450.2116
4313 -1450.2116
4314 -1450.2116
4315 -1450.2116
4316 -1450.2116
4317 -1450.2116
4318 -1450.2116
4319 -1450.2116
4320 -1450.2116
4321 -1450.2116
4322 -1450.2116
4323 -1450.2116
4324 -1450.2116
4325 -1450.2116
4326 -1450.2116
4327 -1450.2116
4328 -1450.2116
4329 -1450.2116
4330 -1450.2116
4331 -1450.2116
4332 -1450.2116
4333 -1450.2116
4334 -1450.2116
4335 -1450.2116
4336 -1450.2121
4337 -1450.2121
4338 -1450.2121
4339 -1450.2121
4340 -1450.2121
4341 -1450.2121
4342 -1450.2121
4343 -1450.2121
4344 -1450.2121
4345 -1450.2121
4346 -1450.2121
4347 -1450.2121
4348 -1450.2121
4349 -1450.2121
4350 -1450.2121
4351 -1450.2121
4352 -1450.2121
4353 -1450.2121
4354 -1450.2121
4355 -1450.2121
4356 -1450.2121
4357 -1450.2121
4358 -1450.2121
4359 -1450.2121
4360 -1450.2121
4361 -1450.2121
4362 -1450.2121
4363 -1450.2121
4364 -1450.2121
4365 -1450.2121
4366 -1450.2121
4367 -1450.2121
4368 -1450.2121
4369 -1450.2121
4370 -1450.2121
4371 -1450.2121
4372 -1450.2121
4373 -1450.2121
4374 -1450.2121
4375 -1450.2121
4376 -1450.2121
4377 -1450.2121
4378 -1450.2121
4379 -1450.2121
4380 -1450.2121
4381 -1450.2121
4382 -1450.2121
4383 -1450.2121
4384 -1450.2121
4385 -1450.2121
4386 -1450.2121
4387 -1450.2121
4388 -1450.2121
4389 -1450.2121
4390 -1450.2121
4391 -1450.2121
4392 -1450.6523
4393 -1450.6523
4394 -1450.6523
4395 -1450.6523
4396 -1450.6523
4397 -1450.6523
4398 -1450.6523
4399 -1450.6523
4400 -1450.6523
4401 -1450.6523
4402 -1450.6523
4403 -1450.6523
4404 -1450.6523
4405 -1450.6523
4406 -1450.6523
4407 -1450.6523
4408 -1450.6523
4409 -1450.6523
4410 -1450.6523
4411 -1450.6523
4412 -1450.6523
4413 -1450.6523
4414 -1450.6523
4415 -1450.6523
4416 -1450.6523
4417 -1450.6523
4418 -1450.6523
4419 -1450.6523
4420 -1450.6523
4421 -1450.6523
4422 -1450.6523
4423 -1450.6523
4424 -1450.6523
4425 -1450.6523
4426 -1450.6523
4427 -1450.6523
4428 -1450.6523
4429 -1450.6523
4430 -1450.6523
4431 -1450.6523
4432 -1450.6523
4433 -1450.6523
4434 -1450.6523
4435 -1450.6523
4436 -1450.6523
4437 -1450.6523
4438 -1450.6523
4439 -1450.6523
4440 -1450.6523
4441 -1450.6523
4442 -1450.6523
4443 -1450.6523
4444 -1450.6523
4445 -1450.6523
4446 -1450.6523
4447 -1450.6523
4448 -1450.6523
4449 -1450.6523
4450 -1450.6523
4451 -1450.6523
4452 -1450.6523
4453 -1450.6523
4454 -1450.6523
4455 -1450.6523
4456 -1450.6523
4457 -1450.6523
4458 -1450.6523
4459 -1450.6523
4460 -1450.6523
4461 -1450.6523
4462 -1450.6523
4463 -1450.6523
4464 -1450.6523
4465 -1450.8809
4466 -1450.8809
4467 -1450.8809
4468 -1450.8809
4469 -1450.8809
4470 -1450.8809
4471 -1450.8809
4472 -1450.8809
4473 -1450.8809
4474 -1450.8809
4475 -1450.8809
4476 -1450.8809
4477 -1450.8809
4478 -1450.8809
4479 -1450.8809
4480 -1450.8809
4481 -1450.8809
4482 -1450.8809
4483 -1450.8809
4484 -1450.8809
4485 -1450.8809
4486 -1450.8809
4487 -1450.8809
4488 -1450.8809
4489 -1450.8809
4490 -1450.8809
4491 -1450.8809
4492 -1450.8809
4493 -1450.8809
4494 -1450.8809
4495 -1450.8809
4496 -1450.8809
4497 -1450.8809
4498 -1450.8809
4499 -1450.8809
4500 -1450.8809
4501 -1450.8809
4502 -1450.8809
4503 -1450.8809
4504 -1450.8809
4505 -1450.8809
4506 -1450.8809
4507 -1450.8809
4508 -1450.8809
4509 -1450.8809
4510 -1450.8809
4511 -1450.8809
4512 -1450.8809
4513 -1450.8809
4514 -1450.8809
4515 -1450.8809
4516 -1450.8809
4517 -1450.8809
4518 -1450.8809
4519 -1450.8809
4520 -1450.8809
4521 -1450.8809
4522 -1450.8809
4523 -1450.8809
4524 -1450.8809
4525 -1450.8809
4526 -1450.8809
4527 -1450.8809
4528 -1450.8809
4529 -1450.8809
4530 -1450.8809
4531 -1450.8809
4532 -1450.8809
4533 -1450.8809
4534 -1450.8809
4535 -1450.8809
4536 -1450.8809
4537 -1450.8809
4538 -1450.8809
4539 -1450.8809
4540 -1450.883
4541 -1450.883
4542 -1450.883
4543 -1450.883
4544 -1450.883
4545 -1450.883
4546 -1450.883
4547 -1450.883
4548 -1450.883
4549 -1450.883
4550 -1450.883
4551 -1450.883
4552 -1450.883
4553 -1450.883
4554 -1450.883
4555 -1450.883
4556 -1450.883
4557 -1450.9543
4558 -1450.9543
4559 -1450.9543
4560 -1450.9543
4561 -1450.9864
4562 -1450.9864
4563 -1450.9864
4564 -1450.9864
4565 -1450.9864
4566 -1450.9864
4567 -1450.9864
4568 -1450.9864
4569 -1450.9864
4570 -1450.9864
4571 -1450.9864
4572 -1450.9864
4573 -1450.9864
4574 -1450.9864
4575 -1450.9864
4576 -1450.9864
4577 -1450.9864
4578 -1450.9864
4579 -1450.9864
4580 -1450.9864
4581 -1450.9864
4582 -1450.9864
4583 -1450.9864
4584 -1450.9864
4585 -1450.9864
4586 -1450.9864
4587 -1450.9864
4588 -1450.9864
4589 -1450.9864
4590 -1450.9864
4591 -1450.9864
4592 -1450.9864
4593 -1450.9864
4594 -1450.9864
4595 -1450.9864
4596 -1450.9864
4597 -1450.9864
4598 -1450.9864
4599 -1450.9864
4600 -1450.9864
4601 -1450.9864
4602 -1450.9864
4603 -1450.9864
4604 -1450.9864
4605 -1450.9864
4606 -1450.9864
4607 -1450.9864
4608 -1450.9864
4609 -1450.9864
4610 -1450.9864
4611 -1450.9864
4612 -1450.9864
4613 -1450.9864
4614 -1450.9864
4615 -1450.9864
4616 -1450.9864
4617 -1450.9864
4618 -1450.9864
4619 -1450.9864
4620 -1450.9864
4621 -1450.9864
4622 -1450.9864
4623 -1450.9864
4624 -1450.9864
4625 -1450.9864
4626 -1450.9864
4627 -1450.9864
4628 -1450.9864
4629 -1450.9864
4630 -1450.9864
4631 -1450.9864
4632 -1450.9864
4633 -1450.9864
4634 -1450.9864
4635 -1450.9864
4636 -1450.9864
4637 -1450.9864
4638 -1450.9864
4639 -1450.9864
4640 -1450.9864
4641 -1450.9864
4642 -1450.9864
4643 -1450.9864
4644 -1450.9864
4645 -1450.9864
4646 -1450.9864
4647 -1450.9864
4648 -1450.9864
4649 -1450.9864
4650 -1450.9864
4651 -1450.9864
4652 -1450.9864
4653 -1450.9864
4654 -1450.9864
4655 -1450.9864
4656 -1450.9864
4657 -1450.9864
4658 -1450.9864
4659 -1450.9864
4660 -1450.9864
4661 -1450.9864
4662 -1450.9864
4663 -1450.9864
4664 -1450.9864
4665 -1450.9864
4666 -1450.9864
4667 -1451.0966
4668 -1451.0966
4669 -1451.0966
4670 -1451.0966
4671 -1451.0966
4672 -1451.0966
4673 -1451.0966
4674 -1451.0966
4675 -1451.0966
4676 -1451.0966
4677 -1451.0966
4678 -1451.0966
4679 -1451.0966
4680 -1451.0966
4681 -1451.0966
4682 -1451.0966
4683 -1451.0966
4684 -1451.0966
4685 -1451.0966
4686 -1451.1424
4687 -1451.1424
4688 -1451.1424
4689 -1451.1424
4690 -1451.1424
4691 -1451.1424
4692 -1451.1424
4693 -1451.1424
4694 -1451.1424
4695 -1451.1424
4696 -1451.1424
4697 -1451.1424
4698 -1451.1424
4699 -1451.1424
4700 -1451.1424
4701 -1451.1424
4702 -1451.1424
4703 -1451.1424
4704 -1451.1424
4705 -1451.1424
4706 -1451.1424
4707 -1451.1424
4708 -1451.1424
4709 -1451.1424
4710 -1451.1424
4711 -1451.1424
4712 -1451.1424
4713 -1451.1424
4714 -1451.1424
4715 -1451.1424
4716 -1451.1424
4717 -1451.1424
4718 -1451.1424
4719 -1451.1424
4720 -1451.1424
4721 -1451.1424
4722 -1451.1424
4723 -1451.1424
4724 -1451.1424
4725 -1451.1424
4726 -1451.1424
4727 -1451.1424
4728 -1451.1424
4729 -1451.1424
4730 -1451.1424
4731 -1451.1424
4732 -1451.1424
4733 -1451.1424
4734 -1451.1424
4735 -1451.1424
4736 -1451.1424
4737 -1451.1424
4738 -1451.1424
4739 -1451.1424
4740 -1451.1424
4741 -1451.1424
4742 -1451.1424
4743 -1451.1424
4744 -1451.1424
4745 -1451.1424
4746 -1451.1424
4747 -1451.1424
4748 -1451.1424
4749 -1451.1424
4750 -1451.1424
4751 -1451.1424
4752 -1451.1424
4753 -1451.1424
4754 -1451.1424
4755 -1451.1424
4756 -1451.1424
4757 -1451.1424
4758 -1451.1424
4759 -1451.1424
4760 -1451.1424
4761 -1451.1424
4762 -1451.1424
4763 -1451.1424
4764 -1451.1424
4765 -1451.1424
4766 -1451.1424
4767 -1451.1424
4768 -1451.1424
4769 -1451.1424
4770 -1451.1424
4771 -1451.1424
4772 -1451.1424
4773 -1451.1424
4774 -1451.1424
4775 -1451.1424
4776 -1451.1424
4777 -1451.1424
4778 -1451.3865
4779 -1451.3865
4780 -1451.3865
4781 -1451.3865
4782 -1451.3865
4783 -1451.3865
4784 -1451.3865
4785 -1451.3865
4786 -1451.3865
4787 -1451.3865
4788 -1451.3865
4789 -1451.3865
4790 -1451.3865
4791 -1451.3865
4792 -1451.3865
4793 -1451.3865
4794 -1451.3865
4795 -1451.3865
4796 -1451.3865
4797 -1451.3865
4798 -1451.3865
4799 -1451.3865
4800 -1451.3865
4801 -1451.3865
4802 -1451.3865
4803 -1451.3865
4804 -1451.3865
4805 -1451.3865
4806 -1451.3865
4807 -1451.3865
4808 -1451.3865
4809 -1451.3865
4810 -1451.3865
4811 -1451.3865
4812 -1451.3865
4813 -1451.3865
4814 -1451.3865
4815 -1451.3865
4816 -1451.3865
4817 -1451.3865
4818 -1451.3865
4819 -1451.3865
4820 -1451.3865
4821 -1451.3865
4822 -1451.3865
4823 -1451.3865
4824 -1451.3865
4825 -1451.3865
4826 -1451.3865
4827 -1451.3865
4828 -1451.3865
4829 -1451.3865
4830 -1451.3865
4831 -1451.3865
4832 -1451.3865
4833 -1451.3865
4834 -1451.3865
4835 -1451.3865
4836 -1451.3865
4837 -1451.3865
4838 -1451.3865
4839 -1451.3865
4840 -1451.3865
4841 -1451.3865
4842 -1451.3865
4843 -1451.3865
4844 -1451.3865
4845 -1451.3865
4846 -1451.3865
4847 -1451.3865
4848 -1451.3865
4849 -1451.3865
4850 -1451.3865
4851 -1451.3865
4852 -1451.3865
4853 -1451.3865
4854 -1451.3865
4855 -1451.3865
4856 -1451.3865
4857 -1451.3865
4858 -1451.3865
4859 -1451.3865
4860 -1451.3865
4861 -1451.3865
4862 -1451.3865
4863 -1451.3865
4864 -1451.3865
4865 -1451.3865
4866 -1451.3865
4867 -1451.3865
4868 -1451.3865
4869 -1451.3865
4870 -1451.3865
4871 -1451.3865
4872 -1451.3865
4873 -1451.3865
4874 -1451.3865
4875 -1451.3865
4876 -1451.3865
4877 -1451.3865
4878 -1451.3865
4879 -1451.3865
4880 -1451.3865
4881 -1451.3865
4882 -1451.3865
4883 -1451.3865
4884 -1451.3865
4885 -1451.3865
4886 -1451.3865
4887 -1451.3865
4888 -1451.3865
4889 -1451.3865
4890 -1451.3865
4891 -1451.3865
4892 -1451.3865
4893 -1451.3865
4894 -1451.3865
4895 -1451.3865
4896 -1451.3865
4897 -1451.3865
4898 -1451.3865
4899 -1451.3865
4900 -1451.3865
4901 -1451.3865
4902 -1451.3865
4903 -1451.3865
4904 -1451.3865
4905 -1451.3865
4906 -1451.3865
4907 -1451.3865
4908 -1451.3865
4909 -1451.3865
4910 -1451.3865
4911 -1451.3865
4912 -1451.3865
4913 -1451.3865
4914 -1451.3865
4915 -1451.3865
4916 -1451.3865
4917 -1451.3865
4918 -1451.3865
4919 -1451.3865
4920 -1451.3865
4921 -1451.3865
4922 -1451.3865
4923 -1451.3865
4924 -1451.3865
4925 -1451.3865
4926 -1451.3865
4927 -1451.3865
4928 -1451.3865
4929 -1451.3865
4930 -1451.3865
4931 -1451.3865
4932 -1451.3865
4933 -1451.3865
4934 -1451.5933
4935 -1451.5933
4936 -1451.5933
4937 -1451.5933
4938 -1451.5933
4939 -1451.5933
4940 -1451.5933
4941 -1451.5933
4942 -1451.5933
4943 -1451.5933
4944 -1451.5933
4945 -1451.7784
4946 -1451.7784
4947 -1451.7784
4948 -1451.7784
4949 -1451.7784
4950 -1451.7784
4951 -1451.7784
4952 -1451.7784
4953 -1451.7784
4954 -1451.7784
4955 -1451.7784
4956 -1451.7784
4957 -1451.7784
4958 -1451.7784
4959 -1451.7784
4960 -1451.7784
4961 -1451.7784
4962 -1451.7784
4963 -1451.7784
4964 -1451.7784
4965 -1451.7784
4966 -1451.7784
4967 -1451.7784
4968 -1451.7784
4969 -1451.7784
4970 -1451.7784
4971 -1451.7784
4972 -1451.7784
4973 -1451.7784
4974 -1451.7784
4975 -1451.7784
4976 -1451.7784
4977 -1451.7784
4978 -1451.7784
4979 -1451.7784
4980 -1451.7784
4981 -1451.7784
4982 -1451.7784
4983 -1451.7784
4984 -1451.7784
4985 -1451.7784
4986 -1451.7784
4987 -1451.7784
4988 -1451.7784
4989 -1451.7784
4990 -1451.7784
4991 -1451.7784
4992 -1451.7784
4993 -1451.7784
4994 -1451.7784
4995 -1451.7784
4996 -1451.7784
4997 -1451.7784
4998 -1451.7784
4999 -1451.7784
5000 -1451.7784
3501 -1445.442
3502 -1445.442
3503 -1445.442
3504 -1445.442
3505 -1445.442
3506 -1445.442
3507 -1445.442
3508 -1445.442
3509 -1445.442
3510 -1445.442
3511 -1445.442
3512 -1445.442
3513 -1445.442
3514 -1445.442
3515 -1445.442
3516 -1445.442
3517 -1445.442
3518 -1445.442
3519 -1445.442
3520 -1445.442
3521 -1445.442
3522 -1445.442
3523 -1445.442
3524 -1445.442
3525 -1445.442
3526 -1445.442
3527 -1445.442
3528 -1445.442
3529 -1445.442
3530 -1445.442
3531 -1445.442
3532 -1445.442
3533 -1445.442
3534 -1445.442
3535 -1445.442
3536 -1445.442
3537 -1445.442
3538 -1445.442
3539 -1445.442
3540 -1445.442
3541 -1445.442
3542 -1445.442
3543 -1445.442
3544 -1445.442
3545 -1445.442
3546 -1445.442
3547 -1445.442
3548 -1445.442
3549 -1445.442
3550 -1445.442
3551 -1445.442
3552 -1445.442
3553 -1445.442
3554 -1445.442
3555 -1445.442
3556 -1445.442
3557 -1445.442
3558 -1445.442
3559 -1445.442
3560 -1445.442
3561 -1445.442
3562 -1445.442
3563 -1445.442
3564 -1445.442
3565 -1445.442
3566 -1445.442
3567 -1445.442
3568 -1445.442
3569 -1445.442
3570 -1445.442
3571 -1445.442
3572 -1445.442
3573 -1445.442
3574 -1445.442
3575 -1445.442
3576 -1445.442
3577 -1445.442
3578 -1445.442
3579 -1445.442
3580 -1445.442
3581 -1445.442
3582 -1445.442
3583 -1445.442
3584 -1445.442
3585 -1445.442
3586 -1445.442
3587 -1445.442
3588 -1445.442
3589 -1445.442
3590 -1445.8189
3591 -1445.8189
3592 -1445.8189
3593 -1445.8189
3594 -1445.8189
3595 -1445.8189
3596 -1445.8953
3597 -1445.8953
3598 -1445.8953
3599 -1445.8953
3600 -1445.8953
3601 -1445.8953
3602 -1445.8953
3603 -1445.8953
3604 -1445.8953
3605 -1445.8953
3606 -1446.5856
3607 -1446.5856
3608 -1446.5856
3609 -1446.5856
3610 -1446.5856
3611 -1446.5856
3612 -1446.5856
3613 -1446.5856
3614 -1446.5856
3615 -1446.5856
3616 -1446.5856
3617 -1446.5856
3618 -1446.5856
3619 -1446.5856
3620 -1446.5856
3621 -1446.5856
3622 -1446.5856
3623 -1446.5856
3624 -1446.5856
3625 -1446.5856
3626 -1446.5856
3627 -1446.5856
3628 -1446.5856
3629 -1446.5856
3630 -1446.5856
3631 -1446.5856
3632 -1446.5856
3633 -1446.5856
3634 -1446.5856
3635 -1446.5856
3636 -1446.5856
3637 -1446.5856
3638 -1446.5856
3639 -1446.5856
3640 -1446.5856
3641 -1446.5856
3642 -1446.5856
3643 -1446.5856
3644 -1446.5856
3645 -1446.5856
3646 -1446.5856
3647 -1446.5856
3648 -1446.5856
3649 -1446.5856
3650 -1446.5856
3651 -1446.5856
3652 -1446.5856
3653 -1446.5856
3654 -1446.5856
3655 -1446.5856
3656 -1446.5856
3657 -1446.5856
3658 -1446.5856
3659 -1446.5856
3660 -1446.5856
3661 -1446.5856
3662 -1446.5856
3663 -1446.5856
3664 -1446.5856
3665 -1446.5856
3666 -1446.5856
3667 -1446.5856
3668 -1446.5856
3669 -1446.5856
3670 -1446.5856
3671 -1446.5856
3672 -1446.5856
3673 -1446.5856
3674 -1446.5856
3675 -1446.5856
3676 -1446.5856
3677 -1446.5856
3678 -1446.5856
3679 -1446.5856
3680 -1446.5856
3681 -1446.5856
3682 -1446.5856
3683 -1446.5856
3684 -1446.5856
3685 -1446.5856
3686 -1446.5856
3687 -1446.5856
3688 -1446.5856
3689 -1446.5856
3690 -1446.5856
3691 -1446.5856
3692 -1446.5856
3693 -1446.5856
3694 -1446.5856
3695 -1446.5856
3696 -1446.5856
3697 -1446.5856
3698 -1446.5856
3699 -1446.5856
3700 -1446.5856
3701 -1446.5856
3702 -1446.5856
3703 -1446.5856
3704 -1446.5856
3705 -1446.5856
3706 -1446.5856
3707 -1446.5856
3708 -1446.5856
3709 -1446.5856
3710 -1446.5856
3711 -1446.5856
3712 -1446.5856
3713 -1446.5856
3714 -1446.5856
3715 -1446.5856
3716 -1446.5856
3717 -1446.5856
3718 -1446.5856
3719 -1446.5856
3720 -1446.5856
3721 -1446.5856
3722 -1446.5856
3723 -1446.5856
3724 -1446.5856
3725 -1446.5856
3726 -1446.5856
3727 -1446.5856
3728 -1446.5856
3729 -1446.5856
3730 -1446.5856
3731 -1446.5856
3732 -1446.5856
3733 -1446.5856
3734 -1446.5856
3735 -1446.5856
3736 -1446.5856
3737 -1446.5856
3738 -1446.5856
3739 -1446.5856
3740 -1446.5856
3741 -1446.5856
3742 -1446.5856
3743 -1446.5856
3744 -1446.5856
3745 -1446.5856
3746 -1446.5856
3747 -1446.5856
3748 -1446.5856
3749 -1446.5856
3750 -1446.5856
3751 -1446.5856
3752 -1446.5856
3753 -1446.5856
3754 -1446.5856
3755 -1446.5856
3756 -1446.5856
3757 -1446.5856
3758 -1446.5856
3759 -1446.5856
3760 -1446.5856
3761 -1446.5856
3762 -1446.5856
3763 -1446.5856
3764 -1446.5856
3765 -1446.5856
3766 -1446.5856
3767 -1446.5856
3768 -1446.5856
3769 -1446.5856
3770 -1446.5856
3771 -1446.5856
3772 -1446.5856
3773 -1446.5856
3774 -1446.5856
3775 -1446.5856
3776 -1446.5856
3777 -1446.5856
3778 -1446.5856
3779 -1446.5856
3780 -1446.5856
3781 -1446.5856
3782 -1446.5856
3783 -1446.5856
3784 -1446.5856
3785 -1446.5856
3786 -1446.5856
3787 -1446.5856
3788 -1446.5856
3789 -1446.5856
3790 -1446.5856
3791 -1446.5856
3792 -1446.5856
3793 -1446.5856
3794 -1446.5856
3795 -1446.5856
3796 -1446.5856
3797 -1446.5856
3798 -1446.5856
3799 -1446.5856
3800 -1446.5856
3801 -1446.5856
3802 -1446.5856
3803 -1446.5856
3804 -1446.5856
3805 -1446.5856
3806 -1446.5856
3807 -1446.5856
3808 -1446.5856
3809 -1446.5856
3810 -1446.5856
3811 -1446.5856
3812 -1446.5856
3813 -1446.5856
3814 -1446.5856
3815 -1446.5856
3816 -1446.5856
3817 -1446.5856
3818 -1446.5856
3819 -1446.5856
3820 -1446.5856
3821 -1446.5856
3822 -1446.5856
3823 -1446.5856
3824 -1446.5856
3825 -1446.5856
3826 -1446.5856
3827 -1446.5856
3828 -1446.5856
3829 -1446.5856
3830 -1446.5856
3831 -1446.5856
3832 -1446.5856
3833 -1446.5856
3834 -1446.5856
3835 -1446.5856
3836 -1446.6715
3837 -1446.6715
3838 -1446.6715
3839 -1446.6715
3840 -1446.6715
3841 -1446.6715
3842 -1446.6715
3843 -1446.8142
3844 -1446.8142
3845 -1446.8142
3846 -1446.8142
3847 -1446.8142
3848 -1446.8142
3849 -1446.8142
3850 -1446.8142
3851 -1446.8142
3852 -1446.8142
3853 -1446.8142
3854 -1446.8142
3855 -1446.8142
3856 -1446.8142
3857 -1446.8142
3858 -1446.8142
3859 -1446.8142
3860 -1446.8142
3861 -1446.8142
3862 -1446.8142
3863 -1446.8142
3864 -1446.8142
3865 -1446.8142
3866 -1446.8142
3867 -1446.8142
3868 -1446.8142
3869 -1446.8142
3870 -1446.8142
3871 -1446.8142
3872 -1446.8142
3873 -1446.8142
3874 -1446.8142
3875 -1446.8142
3876 -1446.8142
3877 -1446.8142
3878 -1446.8142
3879 -1446.8142
3880 -1446.8142
3881 -1446.8142
3882 -1446.8142
3883 -1446.8142
3884 -1446.8142
3885 -1446.8142
3886 -1446.8142
3887 -1446.8142
3888 -1446.8142
3889 -1446.8142
3890 -1446.8142
3891 -1446.8142
3892 -1446.8142
3893 -1446.8142
3894 -1446.8142
3895 -1446.8142
3896 -1446.8142
3897 -1446.8142
3898 -1446.8142
3899 -1446.8142
3900 -1446.8142
3901 -1446.8142
3902 -1446.8142
3903 -1446.8142
3904 -1446.8142
3905 -1446.8142
3906 -1446.8142
3907 -1446.8142
3908 -1446.8142
3909 -1446.8142
3910 -1446.8142
3911 -1446.8142
3912 -1446.8142
3913 -1446.8142
3914 -1446.8142
3915 -1446.8142
3916 -1446.8142
3917 -1446.8142
3918 -1446.8142
3919 -1446.8142
3920 -1446.8142
3921 -1446.8142
3922 -1446.8142
3923 -1446.8142
3924 -1446.8142
3925 -1446.8142
3926 -1446.8142
3927 -1446.8142
3928 -1446.8142
3929 -1446.8142
3930 -1446.8142
3931 -1446.8142
3932 -1446.8142
3933 -1446.8142
3934 -1446.8142
3935 -1446.8142
3936 -1446.8142
3937 -1446.8142
3938 -1446.8142
3939 -1446.8142
3940 -1446.8142
3941 -1446.8142
3942 -1446.8142
3943 -1446.8142
3944 -1446.8142
3945 -1446.8142
3946 -1446.8142
3947 -1446.8142
3948 -1446.8142
3949 -1446.8142
3950 -1446.8142
3951 -1446.8142
3952 -1446.8142
3953 -1446.8142
3954 -1446.8142
3955 -1446.8142
3956 -1446.8142
3957 -1446.8142
3958 -1446.8142
3959 -1446.8142
3960 -1446.8142
3961 -1446.8142
3962 -1446.8142
3963 -1446.8142
3964 -1446.8142
3965 -1446.8142
3966 -1446.8142
3967 -1446.8142
3968 -1446.8142
3969 -1446.8142
3970 -1446.8142
3971 -1446.8142
3972 -1446.8142
3973 -1446.8142
3974 -1446.8142
3975 -1446.8142
3976 -1446.8142
3977 -1446.8142
3978 -1446.8142
3979 -1446.8142
3980 -1446.8142
3981 -1446.8142
3982 -1446.8142
3983 -1446.8142
3984 -1446.8142
3985 -1446.8142
3986 -1446.8142
3987 -1446.8142
3988 -1446.8142
3989 -1446.8142
3990 -1446.8142
3991 -1446.8142
3992 -1446.8142
3993 -1447.4707
3994 -1447.4707
3995 -1447.4707
3996 -1447.4707
3997 -1447.4707
3998 -1447.4707
3999 -1447.4707
4000 -1447.4707
4001 -1447.4707
4002 -1447.4707
4003 -1447.4707
4004 -1447.4707
4005 -1447.4707
4006 -1447.4707
4007 -1447.4707
4008 -1447.4707
4009 -1447.4707
4010 -1447.4707
4011 -1447.4707
4012 -1447.4707
4013 -1447.4707
4014 -1447.4707
4015 -1447.4707
4016 -1447.4707
4017 -1447.4707
4018 -1447.4707
4019 -1447.4707
4020 -1447.4707
4021 -1447.4707
4022 -1447.4707
4023 -1447.4707
4024 -1447.4707
4025 -1447.4707
4026 -1447.4707
4027 -1447.4707
4028 -1447.4707
4029 -1447.4707
4030 -1447.4707
4031 -1447.4707
4032 -1447.4707
4033 -1447.4707
4034 -1447.4707
4035 -1447.4707
4036 -1447.4707
4037 -1447.4707
4038 -1447.4707
4039 -1447.4707
4040 -1447.4707
4041 -1447.4707
4042 -1447.4707
4043 -1447.4707
4044 -1447.4707
4045 -1447.4707
4046 -1447.4707
4047 -1447.4707
4048 -1447.4707
4049 -1447.4707
4050 -1447.4707
4051 -1447.4707
4052 -1447.4707
4053 -1447.4707
4054 -1447.4707
4055 -1447.4707
4056 -1447.4707
4057 -1447.4707
4058 -1447.4707
4059 -1447.4707
4060 -1447.4707
4061 -1447.4707
4062 -1447.4707
4063 -1447.4707
4064 -1447.4707
4065 -1447.4707
4066 -1447.4707
4067 -1447.4707
4068 -1447.4707
4069 -1447.4707
4070 -1447.4707
4071 -1447.4707
4072 -1447.4707
4073 -1447.4707
4074 -1447.4707
4075 -1447.4707
4076 -1447.4707
4077 -1447.4707
4078 -1447.4707
4079 -1447.4707
4080 -1447.4707
4081 -1447.4707
4082 -1447.4707
4083 -1447.4707
4084 -1447.4707
4085 -1447.4707
4086 -1447.4707
4087 -1447.4707
4088 -1447.4707
4089 -1447.4707
4090 -1447.4707
4091 -1447.4707
4092 -1447.4707
4093 -1447.4707
4094 -1447.4707
4095 -1447.4707
4096 -1447.4707
4097 -1447.4707
4098 -1447.4707
4099 -1447.4707
4100 -1447.4707
4101 -1447.4707
4102 -1447.4707
4103 -1447.4707
4104 -1447.4707
4105 -1447.4707
4106 -1447.4707
4107 -1447.4707
4108 -1447.4707
4109 -1447.4707
4110 -1447.4707
4111 -1447.4707
4112 -1447.4707
4113 -1447.4707
4114 -1447.4707
4115 -1447.4707
4116 -1447.4707
4117 -1447.4707
4118 -1447.4707
4119 -1447.4707
4120 -1447.4707
4121 -1447.4707
4122 -1447.4707
4123 -1447.4707
4124 -1447.4707
4125 -1447.4707
4126 -1447.4707
4127 -1447.4707
4128 -1447.4707
4129 -1447.4707
4130 -1449.0676
4131 -1449.0676
4132 -1449.0676
4133 -1449.0676
4134 -1449.0676
4135 -1449.0676
4136 -1449.0676
4137 -1449.0676
4138 -1449.0676
4139 -1449.0676
4140 -1449.0676
4141 -1449.0676
4142 -1449.0676
4143 -1449.0676
4144 -1449.0676
4145 -1449.0676
4146 -1449.0676
4147 -1449.0676
4148 -1449.0676
4149 -1449.0676
4150 -1449.0676
4151 -1449.0676
4152 -1449.0676
4153 -1449.0676
4154 -1449.0676
4155 -1449.0676
4156 -1449.0676
4157 -1449.0676
4158 -1449.0676
4159 -1449.0676
4160 -1449.0676
4161 -1449.0676
4162 -1449.0676
4163 -1449.0676
4164 -1449.0676
4165 -1450.0974
4166 -1450.0974
4167 -1450.0974
4168 -1450.0974
4169 -1450.0974
4170 -1450.0974
4171 -1450.0974
4172 -1450.0974
4173 -1450.0974
4174 -1450.0974
4175 -1450.0974
4176 -1450.0974
4177 -1450.0974
4178 -1450.0974
4179 -1450.0974
4180 -1450.0974
4181 -1450.0974
4182 -1450.0974
4183 -1450.0974
4184 -1450.0974
4185 -1450.0974
4186 -1450.0974
4187 -1450.0974
4188 -1450.0974
4189 -1450.0974
4190 -1450.0974
4191 -1450.0974
4192 -1450.0974
4193 -1450.0974
4194 -1450.0974
4195 -1450.0974
4196 -1450.0974
4197 -1450.0974
4198 -1450.0974
4199 -1450.0974
4200 -1450.0974
4201 -1450.0974
4202 -1450.0974
4203 -1450.0974
4204 -1450.0974
4205 -1450.0974
4206 -1450.0974
4207 -1450.0974
4208 -1450.0974
4209 -1450.0974
4210 -1450.0974
4211 -1450.0974
4212 -1450.0974
4213 -1450.0974
4214 -1450.0974
4215 -1450.0974
4216 -1450.0974
4217 -1450.0974
4218 -1450.0974
4219 -1450.0974
4220 -1450.0974
4221 -1450.0974
4222 -1450.0974
4223 -1450.0974
4224 -1450.0974
4225 -1450.0974
4226 -1450.0974
4227 -1450.0974
4228 -1450.0974
4229 -1450.0974
4230 -1450.0974
4231 -1450.0974
4232 -1450.0974
4233 -1450.1109
4234 -1450.1109
4235 -1450.1109
4236 -1450.1109
4237 -1450.1109
4238 -1450.1109
4239 -1450.1109
4240 -1450.1109
4241 -1450.1109
4242 -1450.1109
4243 -1450.1109
4244 -1450.1109
4245 -1450.1109
4246 -1450.1109
4247 -1450.1109
4248 -1450.1109
4249 -1450.1109
4250 -1450.1109
4251 -1450.1109
4252 -1450.1109
4253 -1450.1109
4254 -1450.1109
4255 -1450.1109
4256 -1450.1109
4257 -1450.1109
4258 -1450.1109
4259 -1450.2116
4260 -1450.2116
4261 -1450.2116
4262 -1450.2116
4263 -1450.2116
4264 -1450.2116
4265 -1450.2116
4266 -1450.2116
4267 -1450.2116
4268 -1450.2116
4269 -1450.2116
4270 -1450.2116
4271 -1450.2116
4272 -1450.2116
4273 -1450.2116
4274 -1450.2116
4275 -1450.2116
4276 -1450.2116
4277 -1450.2116
4278 -1450.2116
4279 -1450.2116
4280 -1450.2116
4281 -1450.2116
4282 -1450.2116
4283 -1450.2116
4284 -1450.2116
4285 -1450.2116
4286 -1450.2116
4287 -1450.2116
4288 -1450.2116
4289 -1450.2116
4290 -1450.2116
4291 -1450.2116
4292 -1450.2116
4293 -1450.2116
4294 -1450.2116
4295 -1450.2116
4296 -1450.2116
4297 -1450.2116
4298 -1450.2116
4299 -1450.2116
4300 -1450.2116
4301 -1450.2116
4302 -1450.2116
4303 -1450.2116
4304 -1450.2116
4305 -1450.2116
4306 -1450.2116
4307 -1450.2116
4308 -1450.2116
4309 -1450.2116
4310 -1450.2116
4311 -1450.2116
4312 -1450.2116
4313 -1450.2116
4314 -1450.2116
4315 -1450.2116
4316 -1450.2116
4317 -1450.2116
4318 -1450.2116
4319 -1450.2116
4320 -1450.2116
4321 -1450.2116
4322 -1450.2116
4323 -1450.2116
4324 -1450.2116
4325 -1450.2116
4326 -1450.2116
4327 -1450.2116
4328 -1450.2116
4329 -1450.2116
4330 -1450.2116
4331 -1450.2116
4332 -1450.2116
4333 -1450.2116
4334 -1450.2116
4335 -1450.2116
4336 -1450.2121
4337 -1450.2121
4338 -1450.2121
4339 -1450.2121
4340 -1450.2121
4341 -1450.2121
4342 -1450.2121
4343 -1450.2121
4344 -1450.2121
4345 -1450.2121
4346 -1450.2121
4347 -1450.2121
4348 -1450.2121
4349 -1450.2121
4350 -1450.2121
4351 -1450.2121
4352 -1450.2121
4353 -1450.2121
4354 -1450.2121
4355 -1450.2121
4356 -1450.2121
4357 -1450.2121
4358 -1450.2121
4359 -1450.2121
4360 -1450.2121
4361 -1450.2121
4362 -1450.2121
4363 -1450.2121
4364 -1450.2121
4365 -1450.2121
4366 -1450.2121
4367 -1450.2121
4368 -1450.2121
4369 -1450.2121
4370 -1450.2121
4371 -1450.2121
4372 -1450.2121
4373 -1450.2121
4374 -1450.2121
4375 -1450.2121
4376 -1450.2121
4377 -1450.2121
4378 -1450.2121
4379 -1450.2121
4380 -1450.2121
4381 -1450.2121
4382 -1450.2121
4383 -1450.2121
4384 -1450.2121
4385 -1450.2121
4386 -1450.2121
4387 -1450.2121
4388 -1450.2121
4389 -1450.2121
4390 -1450.2121
4391 -1450.2121
4392 -1450.6523
4393 -1450.6523
4394 -1450.6523
4395 -1450.6523
4396 -1450.6523
4397 -1450.6523
4398 -1450.6523
4399 -1450.6523
4400 -1450.6523
4401 -1450.6523
4402 -1450.6523
4403 -1450.6523
4404 -1450.6523
4405 -1450.6523
4406 -1450.6523
4407 -1450.6523
4408 -1450.6523
4409 -1450.6523
4410 -1450.6523
4411 -1450.6523
4412 -1450.6523
4413 -1450.6523
4414 -1450.6523
4415 -1450.6523
4416 -1450.6523
4417 -1450.6523
4418 -1450.6523
4419 -1450.6523
4420 -1450.6523
4421 -1450.6523
4422 -1450.6523
4423 -1450.6523
4424 -1450.6523
4425 -1450.6523
4426 -1450.6523
4427 -1450.6523
4428 -1450.6523
4429 -1450.6523
4430 -1450.6523
4431 -1450.6523
4432 -1450.6523
4433 -1450.6523
4434 -1450.6523
4435 -1450.6523
4436 -1450.6523
4437 -1450.6523
4438 -1450.6523
4439 -1450.6523
4440 -1450.6523
4441 -1450.6523
4442 -1450.6523
4443 -1450.6523
4444 -1450.6523
4445 -1450.6523
4446 -1450.6523
4447 -1450.6523
4448 -1450.6523
4449 -1450.6523
4450 -1450.6523
4451 -1450.6523
4452 -1450.6523
4453 -1450.6523
4454 -1450.6523
4455 -1450.6523
4456 -1450.6523
4457 -1450.6523
4458 -1450.6523
4459 -1450.6523
4460 -1450.6523
4461 -1450.6523
4462 -1450.6523
4463 -1450.6523
4464 -1450.6523
4465 -1450.8809
4466 -1450.8809
4467 -1450.8809
4468 -1450.8809
4469 -1450.8809
4470 -1450.8809
4471 -1450.8809
4472 -1450.8809
4473 -1450.8809
4474 -1450.8809
4475 -1450.8809
4476 -1450.8809
4477 -1450.8809
4478 -1450.8809
4479 -1450.8809
4480 -1450.8809
4481 -1450.8809
4482 -1450.8809
4483 -1450.8809
4484 -1450.8809
4485 -1450.8809
4486 -1450.8809
4487 -1450.8809
4488 -1450.8809
4489 -1450.8809
4490 -1450.8809
4491 -1450.8809
4492 -1450.8809
4493 -1450.8809
4494 -1450.8809
4495 -1450.8809
4496 -1450.8809
4497 -1450.8809
4498 -1450.8809
4499 -1450.8809
4500 -1450.8809
4501 -1450.8809
4502 -1450.8809
4503 -1450.8809
4504 -1450.8809
4505 -1450.8809
4506 -1450.8809
4507 -1450.8809
4508 -1450.8809
4509 -1450.8809
4510 -1450.8809
4511 -1450.8809
4512 -1450.8809
4513 -1450.8809
4514 -1450.8809
4515 -1450.8809
4516 -1450.8809
4517 -1450.8809
4518 -1450.8809
4519 -1450.8809
4520 -1450.8809
4521 -1450.8809
4522 -1450.8809
4523 -1450.8809
4524 -1450.8809
4525 -1450.8809
4526 -1450.8809
4527 -1450.8809
4528 -1450.8809
4529 -1450.8809
4530 -1450.8809
4531 -1450.8809
4532 -1450.8809
4533 -1450.8809
4534 -1450.8809
4535 -1450.8809
4536 -1450.8809
4537 -1450.8809
4538 -1450.8809
4539 -1450.8809
4540 -1450.883
4541 -1450.883
4542 -1450.883
4543 -1450.883
4544 -1450.883
4545 -1450.883
4546 -1450.883
4547 -1450.883
4548 -1450.883
4549 -1450.883
4550 -1450.883
4551 -1450.883
4552 -1450.883
4553 -1450.883
4554 -1450.883
4555 -1450.883
4556 -1450.883
4557 -1450.9543
4558 -1450.9543
4559 -1450.9543
4560 -1450.9543
4561 -1450.9864
4562 -1450.9864
4563 -1450.9864
4564 -1450.9864
4565 -1450.9864
4566 -1450.9864
4567 -1450.9864
4568 -1450.9864
4569 -1450.9864
4570 -1450.9864
4571 -1450.9864
4572 -1450.9864
4573 -1450.9864
4574 -1450.9864
4575 -1450.9864
4576 -1450.9864
4577 -1450.9864
4578 -1450.9864
4579 -1450.9864
4580 -1450.9864
4581 -1450.9864
4582 -1450.9864
4583 -1450.9864
4584 -1450.9864
4585 -1450.9864
4586 -1450.9864
4587 -1450.9864
4588 -1450.9864
4589 -1450.9864
4590 -1450.9864
4591 -1450.9864
4592 -1450.9864
4593 -1450.9864
4594 -1450.9864
4595 -1450.9864
4596 -1450.9864
4597 -1450.9864
4598 -1450.9864
4599 -1450.9864
4600 -1450.9864
4601 -1450.9864
4602 -1450.9864
4603 -1450.9864
4604 -1450.9864
4605 -1450.9864
4606 -1450.9864
4607 -1450.9864
4608 -1450.9864
4609 -1450.9864
4610 -1450.9864
4611 -1450.9864
4612 -1450.9864
4613 -1450.9864
4614 -1450.9864
4615 -1450.9864
4616 -1450.9864
4617 -1450.9864
4618 -1450.9864
4619 -1450.9864
4620 -1450.9864
4621 -1450.9864
4622 -1450.9864
4623 -1450.9864
4624 -1450.9864
4625 -1450.9864
4626 -1450.9864
4627 -1450.9864
4628 -1450.9864
4629 -1450.9864
4630 -1450.9864
4631 -1450.9864
4632 -1450.9864
4633 -1450.9864
4634 -1450.9864
4635 -1450.9864
4636 -1450.9864
4637 -1450.9864
4638 -1450.9864
4639 -1450.9864
4640 -1450.9864
4641 -1450.9864
4642 -1450.9864
4643 -1450.9864
4644 -1450.9864
4645 -1450.9864
4646 -1450.9864
4647 -1450.9864
4648 -1450.9864
4649 -1450.9864
4650 -1450.9864
4651 -1450.9864
4652 -1450.9864
4653 -1450.9864
4654 -1450.9864
4655 -1450.9864
4656 -1450.9864
4657 -1450.9864
4658 -1450.9864
4659 -1450.9864
4660 -1450.9864
4661 -1450.9864
4662 -1450.9864
4663 -1450.9864
4664 -1450.9864
4665 -1450.9864
4666 -1450.9864
4667 -1451.0966
4668 -1451.0966
4669 -1451.0966
4670 -1451.0966
4671 -1451.0966
4672 -1451.0966
4673 -1451.0966
4674 -1451.0966
4675 -1451.0966
4676 -1451.0966
4677 -1451.0966
4678 -1451.0966
4679 -1451.0966
4680 -1451.0966
4681 -1451.0966
4682 -1451.0966
4683 -1451.0966
4684 -1451.0966
4685 -1451.0966
4686 -1451.1424
4687 -1451.1424
4688 -1451.1424
4689 -1451.1424
4690 -1451.1424
4691 -1451.1424
4692 -1451.1424
4693 -1451.1424
4694 -1451.1424
4695 -1451.1424
4696 -1451.1424
4697 -1451.1424
4698 -1451.1424
4699 -1451.1424
4700 -1451.1424
4701 -1451.1424
4702 -1451.1424
4703 -1451.1424
4704 -1451.1424
4705 -1451.1424
4706 -1451.1424
4707 -1451.1424
4708 -1451.1424
4709 -1451.1424
4710 -1451.1424
4711 -1451.1424
4712 -1451.1424
4713 -1451.1424
4714 -1451.1424
4715 -1451.1424
4716 -1451.1424
4717 -1451.1424
4718 -1451.1424
4719 -1451.1424
4720 -1451.1424
4721 -1451.1424
4722 -1451.1424
4723 -1451.1424
4724 -1451.1424
4725 -1451.1424
4726 -1451.1424
4727 -1451.1424
4728 -1451.1424
4729 -1451.1424
4730 -1451.1424
4731 -1451.1424
4732 -1451.1424
4733 -1451.1424
4734 -1451.1424
4735 -1451.1424
4736 -1451.1424
4737 -1451.1424
4738 -1451.1424
4739 -1451.1424
4740 -1451.1424
4741 -1451.1424
4742 -1451.1424
4743 -1451.1424
4744 -1451.1424
4745 -1451.1424
4746 -1451.1424
4747 -1451.1424
4748 -1451.1424
4749 -1451.1424
4750 -1451.1424
4751 -1451.1424
4752 -1451.1424
4753 -1451.1424
4754 -1451.1424
4755 -1451.1424
4756 -1451.1424
4757 -1451.1424
4758 -1451.1424
4759 -1451.1424
4760 -1451.1424
4761 -1451.1424
4762 -1451.1424
4763 -1451.1424
4764 -1451.1424
4765 -1451.1424
4766 -1451.1424
4767 -1451.1424
4768 -1451.1424
4769 -1451.1424
4770 -1451.1424
4771 -1451.1424
4772 -1451.1424
4773 -1451.1424
4774 -1451.1424
4775 -1451.1424
4776 -1451.1424
4777 -1451.1424
4778 -1451.3865
4779 -1451.3865
4780 -1451.3865
4781 -1451.3865
4782 -1451.3865
4783 -1451.3865
4784 -1451.3865
4785 -1451.3865
4786 -1451.3865
4787 -1451.3865
4788 -1451.3865
4789 -1451.3865
4790 -1451.3865
4791 -1451.3865
4792 -1451.3865
4793 -1451.3865
4794 -1451.3865
4795 -1451.3865
4796 -1451.3865
4797 -1451.3865
4798 -1451.3865
4799 -1451.3865
4800 -1451.3865
4801 -1451.3865
4802 -1451.3865
4803 -1451.3865
4804 -1451.3865
4805 -1451.3865
4806 -1451.3865
4807 -1451.3865
4808 -1451.3865
4809 -1451.3865
4810 -1451.3865
4811 -1451.3865
4812 -1451.3865
4813 -1451.3865
4814 -1451.3865
4815 -1451.3865
4816 -1451.3865
4817 -1451.3865
4818 -1451.3865
4819 -1451.3865
4820 -1451.3865
4821 -1451.3865
4822 -1451.3865
4823 -1451.3865
4824 -1451.3865
4825 -1451.3865
4826 -1451.3865
4827 -1451.3865
4828 -1451.3865
4829 -1451.3865
4830 -1451.3865
4831 -1451.3865
4832 -1451.3865
4833 -1451.3865
4834 -1451.3865
4835 -1451.3865
4836 -1451.3865
4837 -1451.3865
4838 -1451.3865
4839 -1451.3865
4840 -1451.3865
4841 -1451.3865
4842 -1451.3865
4843 -1451.3865
4844 -1451.3865
4845 -1451.3865
4846 -1451.3865
4847 -1451.3865
4848 -1451.3865
4849 -1451.3865
4850 -1451.3865
4851 -1451.3865
4852 -1451.3865
4853 -1451.3865
4854 -1451.3865
4855 -1451.3865
4856 -1451.3865
4857 -1451.3865
4858 -1451.3865
4859 -1451.3865
4860 -1451.3865
4861 -1451.3865
4862 -1451.3865
4863 -1451.3865
4864 -1451.3865
4865 -1451.3865
4866 -1451.3865
4867 -1451.3865
4868 -1451.3865
4869 -1451.3865
4870 -1451.3865
4871 -1451.3865
4872 -1451.3865
4873 -1451.3865
4874 -1451.3865
4875 -1451.3865
4876 -1451.3865
4877 -1451.3865
4878 -1451.3865
4879 -1451.3865
4880 -1451.3865
4881 -1451.3865
4882 -1451.3865
4883 -1451.3865
4884 -1451.3865
4885 -1451.3865
4886 -1451.3865
4887 -1451.3865
4888 -1451.3865
4889 -1451.3865
4890 -1451.3865
4891 -1451.3865
4892 -1451.3865
4893 -1451.3865
4894 -1451.3865
4895 -1451.3865
4896 -1451.3865
4897 -1451.3865
4898 -1451.3865
4899 -1451.3865
4900 -1451.3865
4901 -1451.3865
4902 -1451.3865
4903 -1451.3865
4904 -1451.3865
4905 -1451.3865
4906 -1451.3865
4907 -1451.3865
4908 -1451.3865
4909 -1451.3865
4910 -1451.3865
4911 -1451.3865
4912 -1451.3865
4913 -1451.3865
4914 -1451.3865
4915 -1451.3865
4916 -1451.3865
4917 -1451.3865
4918 -1451.3865
4919 -1451.3865
4920 -1451.3865
4921 -1451.3865
4922 -1451.3865
4923 -1451.3865
4924 -1451.3865
4925 -1451.3865
4926 -1451.3865
4927 -1451.3865
4928 -1451.3865
4929 -1451.3865
4930 -1451.3865
4931 -1451.3865
4932 -1451.3865
4933 -1451.3865
4934 -1451.5933
4935 -1451.5933
4936 -1451.5933
4937 -1451.5933
4938 -1451.5933
4939 -1451.5933
4940 -1451.5933
4941 -1451.5933
4942 -1451.5933
4943 -1451.5933
4944 -1451.5933
4945 -1451.7784
4946 -1451.7784
4947 -1451.7784
4948 -1451.7784
4949 -1451.7784
4950 -1451.7784
4951 -1451.7784
4952 -1451.7784
4953 -1451.7784
4954 -1451.7784
4955 -1451.7784
4956 -1451.7784
4957 -1451.7784
4958 -1451.7784
4959 -1451.7784
4960 -1451.7784
4961 -1451.7784
4962 -1451.7784
4963 -1451.7784
4964 -1451.7784
4965 -1451.7784
4966 -1451.7784
4967 -1451.7784
4968 -1451.7784
4969 -1451.7784
4970 -1451.7784
4971 -1451.7784
4972 -1451.7784
4973 -1451.7784
4974 -1451.7784
4975 -1451.7784
4976 -1451.7784
4977 -1451.7784
4978 -1451.7784
4979 -1451.7784
4980 -1451.7784
4981 -1451.7784
4982 -1451.7784
4983 -1451.7784
4984 -1451.7784
4985 -1451.7784
4986 -1451.7784
4987 -1451.7784
4988 -1451.7784
4989 -1451.7784
4990 -1451.7784
4991 -1451.7784
4992 -1451.7784
4993 -1451.7784
4994 -1451.7784
4995 -1451.7784
4996 -1451.7784
4997 -1451.7784
4998 -1451.7784
4999 -1451.7784
5000 -1451.7784
