1 -1261.962
2 -1177.6008
3 -1214.0903
4 -1283.5167
5 -1331.2786
6
7
8
9
10 -1261.962
11 -1205.0116
12 -1222.634
13 -1238.5314
14 -1218.7235
15 -1191.0042
16 -844.43925
17 -1159.6656
18 -1132.2546
19 -1124.5169
20 -1177.6008
21 -1167.3865
22 -1130.7959
23 -1144.4981
24 -1179.1752
25 -1188.461
26 -1172.6285
27 -1144.3449
28 -1185.9265
29 -1234.317
30 -1214.0903
31 -1206.7003
32 -1123.1267
33 -1118.9389
34 -1039.0563
35 -1172.2661
36 -1206.2978
37 -1285.1509
38 -1258.302
39 -1233.7053
40 -1283.5167
41 -1293.5506
42 -1243.9097
43 -1289.4276
44 -1279.2402
45 -1294.3578
46 -1291.4108
47 -1286.4185
48 -715.49315
49 -1330.6124
50 -1331.2786
51
52
53
54
55
56
57
58
59
60
61
62
63
64
65
66
67
68
69
70
71
72
73
74
75
76
77
78
79
80
81
82
83
84
85
86
87
88
89
90
91
92
93
94
95
96
97
98
99
100 -1261.962
101 -1213.3563
102 -1256.8548
103 -1170.9092
104 -1246.9644
105 -1248.2618
106 -1249.0261
107 -1237.7356
108 -1216.5946
109 -1087.0267
110 -1205.0116
111 -1199.5024
112 -1241.0466
113 -1154.2712
114 -1248.436
115 -1258.2503
116 -1242.9239
117 -1239.1269
118 -1206.8228
119 -1239.8358
120 -1222.634
121 -1168.4392
122 -1193.3687
123 -1241.4766
124 -1257.1296
125 -1188.0659
126 -1249.247
127 -1243.7284
128 -1246.3388
129 -1265.6857
130 -1238.5314
131 -1255.7489
132 -1243.7657
133 -1231.5256
134 -1144.0266
135 -1225.5609
136 -1169.245
137 -1089.8476
138 -1202.1911
139 -1050.3115
140 -1218.7235
141 -999.09181
142 -1218.8781
143 -1195.1039
144 -1196.8535
145 -1201.4299
146 -1070.5059
147 -1197.4611
148 -999.22317
149 -1193.6115
150 -1191.0042
151 -1102.6472
152 -1164.9936
153 -1114.3512
154 -1143.3868
155 -1165.5021
156 -1168.9979
157 -1169.7212
158 -1085.5235
159 -1173.2904
160 -844.43925
161 -1156.2955
162 -1142.4077
163 -1165.8981
164 -1112.8953
165 -1138.204
166 -1169.2174
167 -1188.7902
168 -1163.0067
169 -736.85087
170 -1159.6656
171 -687.88058
172 -1161.7558
173 -1162.6848
174 -1166.3305
175 -978.07107
176 -1164.5175
177 -1166.3365
178 -1016.3444
179 -917.32597
180 -1132.2546
181 -1139.0532
182 -1008.5107
183 -1162.9714
184 -1133.3357
185 -1131.7715
186 -1174.7369
187 -965.85874
188 -1163.195
189 -453.25116
190 -1124.5169
191 -1056.7109
192 -1171.5449
193 -898.40224
194 -1132.3449
195 -1155.2926
196 -1099.7949
197 -1168.2031
198 -1144.4128
199 -1176.7332
200 -1177.6008
201 -1151.0828
202 -603.97865
203 -1149.9204
204 -1193.9494
205 -1193.9322
206 -1070.5442
207 -1193.4642
208 -1172.7211
209 -1187.4002
210 -1167.3865
211 -1185.8341
212 -1132.393
213 -1022.1993
214 -1194.4858
215 -1202.2076
216 -1199.2227
217 -1133.0025
218 -1182.945
219 -1180.8288
220 -1130.7959
221 -1183.879
222 -1177.9572
223 -957.25606
224 -1166.986
225 -1121.4749
226 -1200.1284
227 -1090.3816
228 -1195.2519
229 -1193.2356
230 -1144.4981
231 -1123.0387
232 -1196.9242
233 -1195.248
234 -1115.0744
235 -1176.6216
236 -1211.6909
237 -1171.2161
238 -1136.9434
239 -1187.2835
240 -1179.1752
241 -1212.047
242 -1072.7019
243 -1160.7618
244 -1202.2496
245 -1188.4357
246 -1204.6368
247 -1200.3363
248 -1193.0276
249 -1186.2938
250 -1188.461
251 -1188.4657
252 -1192.7981
253 -1196.0281
254 -1112.4277
255 -1123.9254
256 -1187.5409
257 -1035.4886
258 -1175.3257
259 -1168.2194
260 -1172.6285
261 -1172.9318
262 -1168.8625
263 -1116.3817
264 -975.06582
265 -1089.644
266 -1171.5463
267 -1176.5113
268 -1164.2531
269 -1168.7187
270 -1144.3449
271 -997.52779
272 -1199.3544
273 -1131.6917
274 -965.8312
275 -1163.5875
276 -1135.9448
277 -1212.7717
278 -1002.5478
279 -1074.5922
280 -1185.9265
281 -1211.6756
282 -1242.457
283 -1000.7868
284 -1247.9316
285 -1237.5986
286 -1242.8166
287 -1218.8362
288 -1231.6134
289 -1155.4686
290 -1234.317
291 -1211.7181
292 -1204.4938
293 -1235.0215
294 -1144.1388
295 -1181.2495
296 -1204.1389
297 -1236.4234
298 -976.76796
299 -1228.9945
300 -1214.0903
301 -1211.9519
302 -1132.002
303 -1152.0352
304 -1238.9839
305 -1221.4848
306 -1230.544
307 -1186.6076
308 -1221.8947
309 -1190.8754
310 -1206.7003
311 -1201.9845
312 -1151.9808
313 -1196.4438
314 -1142.6273
315 -1189.5763
316 -1182.8666
317 -1185.3519
318 -1189.1989
319 -1156.1344
320 -1123.1267
321 -1047.044
322 -1174.9781
323 -1065.7558
324 -1186.9948
325 -1184.1346
326 -796.26379
327 -1144.8024
328 -846.61307
329 -845.21459
330 -1118.9389
331 -992.08702
332 -858.85865
333 -1196.863
334 -1155.6608
335 -1158.3854
336 -1189.5352
337 -1177.8452
338 -1148.2526
339 -1176.8661
340 -1039.0563
341 -1176.7299
342 -1171.0272
343 -1069.509
344 -1074.1556
345 -1180.1911
346 -1164.02
347 -1197.3744
348 -1197.5026
349 -1179.9857
350 -1172.2661
351 -1189.2272
352 -1173.988
353 -1122.2498
354 -1197.267
355 -1178.3225
356 -1164.2917
357 -1057.6268
358 -1119.8886
359 -1215.5147
360 -1206.2978
361 -1226.4892
362 -1246.0447
363 -1255.4821
364 -1250.2601
365 -1261.9914
366 -1268.2496
367 -1267.4454
368 -1265.6612
369 -1278.2928
370 -1285.1509
371 -1269.4981
372 -1275.3812
373 -1282.4001
374 -1282.8539
375 -1236.6956
376 -1282.9826
377 -1284.977
378 -1286.8375
379 -1246.5583
380 -1258.302
381 -1280.2298
382 -1286.3919
383 -1286.9673
384 -1286.685
385 -1286.736
386 -1281.7948
387 -1275.7811
388 -1288.5268
389 -1254.8923
390 -1233.7053
391 -1271.8892
392 -1252.0257
393 -1185.6893
394 -1289.288
395 -1215.1209
396 -1274.9425
397 -1289.1883
398 -1255.7124
399 -1281.863
400 -1283.5167
401 -1271.7613
402 -1131.2163
403 -1085.6886
404 -1285.8953
405 -1232.5599
406 -1289.7196
407 -1268.3774
408 -1285.3275
409 -1156.6947
410 -1293.5506
411 -1223.834
412 -1238.7532
413 -1021.5986
414 -1273.8803
415 -1223.2562
416 -1078.9372
417 -1148.4548
418 -1287.5998
419 -1280.374
420 -1243.9097
421 -1271.0446
422 -1297.4625
423 -1292.6997
424 -1198.0307
425 -1292.3187
426 -1236.1292
427 -1293.4272
428 -1285.9688
429 -1281.2799
430 -1289.4276
431 -1132.1917
432 -1279.1113
433 -1253.1413
434 -1215.1092
435 -1255.9986
436 -1254.9709
437 -1283.4944
438 -1274.2557
439 -1298.8496
440 -1279.2402
441 -1271.572
442 -1279.8818
443 -1295.6002
444 -1215.9153
445 -1273.6617
446 -1212.8459
447 -1292.8017
448 -1241.8966
449 -1308.1279
450 -1294.3578
451 -1276.4687
452 -1301.6814
453 -1276.6445
454 -1308.0959
455 -1266.7055
456 -1306.7101
457 -1273.4914
458 -1242.8392
459 -1278.0176
460 -1291.4108
461 -1315.3374
462 -1320.5667
463 -1293.887
464 -1320.2952
465 -1169.2165
466 -1309.9991
467 -1219.4053
468 -1282.321
469 -1240.4795
470 -1286.4185
471 -1286.6103
472 -1217.4879
473 -1321.0481
474 -1177.5593
475 -1243.888
476 -1313.6856
477 -1306.3192
478 -1304.7694
479 -1273.4598
480 -715.49315
481 -1286.4738
482 -1189.6198
483 -1315.0425
484 -1268.1787
485 -1296.7904
486 -1321.1959
487 -1319.8067
488 -1323.9157
489 -1329.8511
490 -1330.6124
491 -1322.1167
492 -1326.0622
493 -1319.1711
494 -1255.696
495 -1325.847
496 -1313.4261
497 -1327.5628
498 -1330.467
499 -1338.1501
500 -1331.2786
