501 -1285.223
502 -1285.223
503 -1285.223
504 -1297.7782
505 -1297.7782
506 -1297.7782
507 -1297.7782
508 -1302.5438
509 -1302.6887
510 -1302.6887
511 -1302.6887
512 -1302.6887
513 -1302.6887
514 -1302.6887
515 -1302.6887
516 -1302.6887
517 -1302.6887
518 -1302.6887
519 -1302.6887
520 -1302.6887
521 -1302.6887
522 -1302.6887
523 -1302.6887
524 -1302.6887
525 -1302.6887
526 -1302.6887
527 -1302.6887
528 -1302.6887
529 -1302.6887
530 -1302.6887
531 -1302.6887
532 -1302.6887
533 -1302.6887
534 -1302.6887
535 -1302.6887
536 -1302.6887
537 -1302.6887
538 -1302.6887
539 -1302.6887
540 -1302.6887
541 -1302.6887
542 -1302.6887
543 -1302.6887
544 -1302.6887
545 -1302.6887
546 -1302.6887
547 -1302.6887
548 -1302.6887
549 -1302.6887
550 -1302.6887
551 -1302.6887
552 -1302.6887
553 -1303.6403
554 -1303.6403
555 -1303.6403
556 -1303.6403
557 -1303.6403
558 -1303.6403
559 -1303.6403
560 -1303.6403
561 -1303.6403
562 -1303.6403
563 -1303.6403
564 -1303.6403
565 -1307.4014
566 -1307.4014
567 -1307.4014
568 -1316.083
569 -1316.083
570 -1316.083
571 -1316.083
572 -1316.083
573 -1316.083
574 -1316.083
575 -1316.083
576 -1316.083
577 -1316.083
578 -1321.6749
579 -1321.6749
580 -1321.6749
581 -1321.6749
582 -1321.6749
583 -1321.6749
584 -1321.6749
585 -1321.6749
586 -1321.6749
587 -1321.6749
588 -1322.7497
589 -1322.7497
590 -1322.7497
591 -1330.1448
592 -1330.1448
593 -1330.1448
594 -1330.1448
595 -1334.6936
596 -1335.7697
597 -1335.7697
598 -1335.7697
599 -1335.7563
600 -1342.0557
601 -1342.0557
602 -1342.0557
603 -1342.0557
604 -1342.0557
605 -1342.0557
606 -1342.0557
607 -1342.0557
608 -1342.0557
609 -1342.0557
610 -1342.0557
611 -1342.0557
612 -1342.0557
613 -1342.5687
614 -1342.5687
615 -1342.5687
616 -1342.5687
617 -1342.5687
618 -1342.5687
619 -1342.5687
620 -1342.5687
621 -1342.5687
622 -1342.5687
623 -1343.9073
624 -1345.5418
625 -1345.5418
626 -1345.5418
627 -1345.5418
628 -1345.5418
629 -1345.5418
630 -1345.5418
631 -1345.5418
632 -1345.5418
633 -1345.5418
634 -1345.5418
635 -1345.5418
636 -1345.5418
637 -1345.5418
638 -1345.5418
639 -1346.1673
640 -1346.1673
641 -1348.3337
642 -1349.4573
643 -1350.5507
644 -1350.5507
645 -1350.5507
646 -1350.5507
647 -1350.5507
648 -1350.5507
649 -1350.5507
650 -1350.5507
651 -1350.5507
652 -1350.5507
653 -1350.5507
654 -1350.5507
655 -1354.9862
656 -1354.9862
657 -1354.9862
658 -1354.9862
659 -1354.9862
660 -1355.0816
661 -1355.359
662 -1355.359
663 -1355.359
664 -1355.359
665 -1355.359
666 -1355.359
667 -1355.5397
668 -1355.5397
669 -1355.5397
670 -1357.3542
671 -1357.3542
672 -1357.3542
673 -1357.3542
674 -1357.3542
675 -1357.3542
676 -1357.3542
677 -1357.3542
678 -1357.3542
679 -1357.3542
680 -1357.3542
681 -1357.3542
682 -1357.3542
683 -1357.3542
684 -1358.8797
685 -1358.8797
686 -1358.8797
687 -1358.8797
688 -1358.8797
689 -1358.8797
690 -1360.2789
691 -1360.2789
692 -1360.2789
693 -1360.2789
694 -1360.2789
695 -1360.2789
696 -1360.2789
697 -1360.2789
698 -1360.2789
699 -1360.2789
700 -1363.222
701 -1363.222
702 -1363.222
703 -1365.6738
704 -1365.6738
705 -1365.6738
706 -1365.6738
707 -1365.6738
708 -1365.6738
709 -1365.8752
710 -1365.8752
711 -1368.1339
712 -1368.1339
713 -1368.1339
714 -1368.1339
715 -1368.1339
716 -1368.3428
717 -1368.3428
718 -1368.3428
719 -1368.3428
720 -1368.3428
721 -1368.3428
722 -1368.3428
723 -1368.3428
724 -1368.3428
725 -1368.3428
726 -1368.3428
727 -1368.3428
728 -1368.3428
729 -1368.3428
730 -1368.3428
731 -1368.3428
732 -1368.3428
733 -1370.6467
734 -1370.6467
735 -1370.6467
736 -1370.6467
737 -1370.6467
738 -1370.6467
739 -1370.6467
740 -1370.6467
741 -1370.6467
742 -1373.5007
743 -1373.5915
744 -1373.5915
745 -1373.5915
746 -1374.0358
747 -1374.0358
748 -1374.0358
749 -1374.0358
750 -1374.0358
751 -1374.0358
752 -1374.0358
753 -1374.0358
754 -1374.0358
755 -1374.0358
756 -1374.0358
757 -1374.0358
758 -1374.0358
759 -1374.0358
760 -1374.0358
761 -1374.0358
762 -1374.0358
763 -1374.0358
764 -1374.0358
765 -1374.0358
766 -1374.0358
767 -1378.2932
768 -1378.2932
769 -1378.2932
770 -1378.2932
771 -1378.2932
772 -1378.2932
773 -1378.2932
774 -1378.2932
775 -1378.2932
776 -1384.6062
777 -1384.6062
778 -1384.6062
779 -1384.6062
780 -1384.6062
781 -1384.6062
782 -1384.6062
783 -1384.6062
784 -1384.6062
785 -1384.6062
786 -1384.6062
787 -1384.6062
788 -1384.6062
789 -1384.6062
790 -1385.0049
791 -1385.0049
792 -1385.0049
793 -1385.0049
794 -1385.0049
795 -1385.0049
796 -1385.0049
797 -1385.0049
798 -1385.0049
799 -1385.0049
800 -1385.0049
801 -1385.0049
802 -1385.0049
803 -1385.0049
804 -1385.0049
805 -1385.0049
806 -1385.0049
807 -1385.0049
808 -1386.4832
809 -1386.4832
810 -1386.4832
811 -1386.4832
812 -1386.4832
813 -1386.4832
814 -1386.4832
815 -1386.4832
816 -1386.4832
817 -1386.4832
818 -1386.4832
819 -1386.4832
820 -1386.4832
821 -1386.4832
822 -1386.4832
823 -1386.4832
824 -1386.4832
825 -1386.4832
826 -1386.4832
827 -1386.4832
828 -1386.4832
829 -1386.4832
830 -1386.4832
831 -1386.4832
832 -1386.4832
833 -1386.4832
834 -1386.4832
835 -1386.4832
836 -1386.4832
837 -1386.4832
838 -1386.4832
839 -1386.4832
840 -1386.4832
841 -1386.4832
842 -1386.4832
843 -1386.4832
844 -1386.4832
845 -1386.4832
846 -1386.4832
847 -1386.4832
848 -1386.4832
849 -1386.4832
850 -1386.4832
851 -1388.4843
852 -1388.4843
853 -1388.4843
854 -1388.4843
855 -1388.4843
856 -1388.4843
857 -1388.4843
858 -1388.4843
859 -1388.4843
860 -1388.4843
861 -1388.4843
862 -1388.4843
863 -1388.4843
864 -1388.4843
865 -1388.4843
866 -1388.4843
867 -1388.4843
868 -1388.4843
869 -1388.4843
870 -1388.4843
871 -1388.4843
872 -1388.9487
873 -1389.2791
874 -1389.2791
875 -1389.2791
876 -1389.2791
877 -1389.2791
878 -1389.2791
879 -1389.2791
880 -1389.2791
881 -1389.2791
882 -1390.4985
883 -1391.5326
884 -1391.5326
885 -1391.5326
886 -1391.5326
887 -1391.5326
888 -1391.5326
889 -1391.5326
890 -1391.5326
891 -1391.5326
892 -1391.5326
893 -1391.5326
894 -1391.5326
895 -1391.5326
896 -1391.5326
897 -1391.5326
898 -1391.5326
899 -1391.5326
900 -1391.5326
901 -1391.5326
902 -1391.5326
903 -1391.5326
904 -1391.5326
905 -1391.5326
906 -1391.5326
907 -1391.5326
908 -1394.4117
909 -1394.4117
910 -1394.4117
911 -1394.4117
912 -1394.4117
913 -1394.4117
914 -1394.4117
915 -1394.4117
916 -1394.4117
917 -1394.4117
918 -1394.4117
919 -1394.4117
920 -1394.4117
921 -1394.4117
922 -1394.4117
923 -1394.4117
924 -1394.4117
925 -1394.4117
926 -1394.4117
927 -1394.4117
928 -1394.4117
929 -1394.4117
930 -1394.4117
931 -1394.4117
932 -1394.4117
933 -1394.4117
934 -1394.4117
935 -1394.4117
936 -1394.4117
937 -1394.4117
938 -1395.5692
939 -1395.5692
940 -1398.6411
941 -1398.6411
942 -1398.6411
943 -1398.6411
944 -1398.6411
945 -1398.6411
946 -1398.6411
947 -1398.6411
948 -1398.6411
949 -1398.9574
950 -1398.9574
951 -1398.9574
952 -1398.9574
953 -1398.9574
954 -1398.9574
955 -1398.9574
956 -1398.9574
957 -1398.9574
958 -1400.6154
959 -1400.6154
960 -1400.6154
961 -1400.6154
962 -1400.6154
963 -1400.6154
964 -1402.0675
965 -1402.0675
966 -1402.0675
967 -1402.0675
968 -1402.0675
969 -1402.7545
970 -1402.7545
971 -1402.7545
972 -1402.7545
973 -1402.7545
974 -1402.7545
975 -1402.7545
976 -1402.7545
977 -1402.7545
978 -1402.7545
979 -1402.7545
980 -1402.7545
981 -1402.7545
982 -1402.7545
983 -1402.7545
984 -1402.7545
985 -1402.7545
986 -1403.3694
987 -1403.3694
988 -1403.3694
989 -1403.3694
990 -1403.3694
991 -1403.3694
992 -1403.3694
993 -1403.3694
994 -1403.3694
995 -1403.9263
996 -1403.9263
997 -1403.9263
998 -1403.9263
999 -1403.9263
1000 -1403.9263
1001 -1403.9263
1002 -1403.9263
1003 -1403.9263
1004 -1403.9263
1005 -1403.9263
1006 -1403.9263
1007 -1403.9263
1008 -1403.9263
1009 -1403.9263
1010 -1403.9263
1011 -1403.9263
1012 -1403.9263
1013 -1403.9263
1014 -1403.9263
1015 -1403.9263
1016 -1403.9263
1017 -1403.9263
1018 -1403.9263
1019 -1403.9263
1020 -1403.9263
1021 -1403.9263
1022 -1403.9263
1023 -1407.0054
1024 -1407.0054
1025 -1407.0054
1026 -1407.0054
1027 -1407.0054
1028 -1407.0054
1029 -1407.0054
1030 -1407.0054
1031 -1407.0054
1032 -1407.0054
1033 -1407.6642
1034 -1407.6642
1035 -1407.6642
1036 -1407.6642
1037 -1407.8471
1038 -1407.8471
1039 -1407.8471
1040 -1407.8471
1041 -1407.8471
1042 -1407.8471
1043 -1407.8471
1044 -1407.8471
1045 -1407.8471
1046 -1407.8471
1047 -1407.8471
1048 -1407.8471
1049 -1407.8471
1050 -1407.8471
1051 -1407.8471
1052 -1407.8471
1053 -1407.8471
1054 -1407.8471
1055 -1407.8471
1056 -1407.8471
1057 -1407.8471
1058 -1407.8471
1059 -1407.8471
1060 -1407.8471
1061 -1407.8471
1062 -1407.8471
1063 -1407.8471
1064 -1407.8471
1065 -1410.4522
1066 -1410.4522
1067 -1410.4522
1068 -1410.4522
1069 -1410.4522
1070 -1410.4522
1071 -1410.4522
1072 -1410.4522
1073 -1410.4522
1074 -1410.4522
1075 -1410.4522
1076 -1410.4522
1077 -1410.4522
1078 -1410.4522
1079 -1410.4522
1080 -1410.4522
1081 -1410.4522
1082 -1410.4522
1083 -1410.4522
1084 -1410.4522
1085 -1410.4522
1086 -1410.4522
1087 -1410.4522
1088 -1410.4522
1089 -1410.4522
1090 -1410.4522
1091 -1410.4522
1092 -1410.4522
1093 -1410.4522
1094 -1410.4522
1095 -1410.4522
1096 -1410.4522
1097 -1410.4522
1098 -1410.4522
1099 -1410.4522
1100 -1410.4522
1101 -1410.4522
1102 -1410.4522
1103 -1410.7717
1104 -1410.7717
1105 -1410.7717
1106 -1410.7717
1107 -1410.7717
1108 -1410.7717
1109 -1410.7717
1110 -1410.7717
1111 -1410.7717
1112 -1411.9322
1113 -1411.9322
1114 -1411.9322
1115 -1411.9322
1116 -1411.9322
1117 -1411.9322
1118 -1411.9322
1119 -1411.9322
1120 -1411.9322
1121 -1411.9322
1122 -1411.9322
1123 -1412.1333
1124 -1412.1333
1125 -1412.1333
1126 -1412.1333
1127 -1412.1333
1128 -1412.1333
1129 -1412.1333
1130 -1412.1333
1131 -1412.1333
1132 -1412.1333
1133 -1412.1333
1134 -1412.1333
1135 -1412.1333
1136 -1412.1333
1137 -1412.1333
1138 -1414.3734
1139 -1414.3734
1140 -1414.3734
1141 -1414.3734
1142 -1414.379
1143 -1414.379
1144 -1414.379
1145 -1414.379
1146 -1414.379
1147 -1414.379
1148 -1414.379
1149 -1414.379
1150 -1414.379
1151 -1414.379
1152 -1414.379
1153 -1414.379
1154 -1414.379
1155 -1414.379
1156 -1414.379
1157 -1414.379
1158 -1414.379
1159 -1414.379
1160 -1414.379
1161 -1414.379
1162 -1414.379
1163 -1414.379
1164 -1414.826
1165 -1414.826
1166 -1414.826
1167 -1414.826
1168 -1416.2417
1169 -1416.2417
1170 -1416.2417
1171 -1416.2417
1172 -1416.2417
1173 -1416.2417
1174 -1416.2417
1175 -1416.2417
1176 -1416.2417
1177 -1416.2417
1178 -1416.2417
1179 -1416.2417
1180 -1416.2417
1181 -1416.2417
1182 -1416.2417
1183 -1416.2417
1184 -1416.2417
1185 -1416.2417
1186 -1416.2417
1187 -1416.3449
1188 -1416.3449
1189 -1416.3449
1190 -1416.3449
1191 -1416.3449
1192 -1416.3449
1193 -1416.3449
1194 -1416.3449
1195 -1416.3449
1196 -1416.3449
1197 -1416.3449
1198 -1416.3449
1199 -1416.3449
1200 -1416.3449
1201 -1416.3449
1202 -1416.3449
1203 -1416.3449
1204 -1416.3449
1205 -1416.3449
1206 -1416.3449
1207 -1416.3449
1208 -1416.3449
1209 -1416.3449
1210 -1416.3449
1211 -1416.3449
1212 -1416.3449
1213 -1416.3449
1214 -1416.3449
1215 -1416.3449
1216 -1416.3449
1217 -1416.3449
1218 -1416.8611
1219 -1416.8611
1220 -1416.8611
1221 -1416.8611
1222 -1417.0438
1223 -1417.0438
1224 -1417.0438
1225 -1417.0438
1226 -1417.0438
1227 -1417.0438
1228 -1417.0438
1229 -1417.0438
1230 -1417.0438
1231 -1417.0438
1232 -1417.6356
1233 -1417.6356
1234 -1417.6356
1235 -1417.6356
1236 -1417.6356
1237 -1417.6356
1238 -1417.6356
1239 -1417.6356
1240 -1417.6356
1241 -1417.6356
1242 -1417.6356
1243 -1418.207
1244 -1418.207
1245 -1418.207
1246 -1418.207
1247 -1418.207
1248 -1418.207
1249 -1418.207
1250 -1418.207
1251 -1418.207
1252 -1418.207
1253 -1418.207
1254 -1418.207
1255 -1418.207
1256 -1418.207
1257 -1418.207
1258 -1418.207
1259 -1418.207
1260 -1418.207
1261 -1418.207
1262 -1418.207
1263 -1418.207
1264 -1418.207
1265 -1418.207
1266 -1418.207
1267 -1418.207
1268 -1418.207
1269 -1418.207
1270 -1418.207
1271 -1418.207
1272 -1418.207
1273 -1418.207
1274 -1418.207
1275 -1418.207
1276 -1418.207
1277 -1418.207
1278 -1418.207
1279 -1418.207
1280 -1418.207
1281 -1418.207
1282 -1418.207
1283 -1418.207
1284 -1418.207
1285 -1418.207
1286 -1418.207
1287 -1418.207
1288 -1418.207
1289 -1418.207
1290 -1418.207
1291 -1418.207
1292 -1418.207
1293 -1418.207
1294 -1418.207
1295 -1418.207
1296 -1418.207
1297 -1418.207
1298 -1418.207
1299 -1418.207
1300 -1418.207
1301 -1418.207
1302 -1418.207
1303 -1418.207
1304 -1418.207
1305 -1418.207
1306 -1418.207
1307 -1418.207
1308 -1418.207
1309 -1418.207
1310 -1418.207
1311 -1418.207
1312 -1418.207
1313 -1418.207
1314 -1418.207
1315 -1418.207
1316 -1418.207
1317 -1418.207
1318 -1418.207
1319 -1418.207
1320 -1418.207
1321 -1418.207
1322 -1418.207
1323 -1418.207
1324 -1418.207
1325 -1418.207
1326 -1418.207
1327 -1418.207
1328 -1418.207
1329 -1418.207
1330 -1418.207
1331 -1418.207
1332 -1418.207
1333 -1418.207
1334 -1418.207
1335 -1418.207
1336 -1418.207
1337 -1418.207
1338 -1418.207
1339 -1418.207
1340 -1418.207
1341 -1418.207
1342 -1418.207
1343 -1418.207
1344 -1418.207
1345 -1418.7673
1346 -1418.7673
1347 -1418.7673
1348 -1418.7673
1349 -1419.2962
1350 -1419.2962
1351 -1419.2962
1352 -1419.2962
1353 -1419.2962
1354 -1419.2962
1355 -1419.2962
1356 -1424.2409
1357 -1424.2409
1358 -1424.2409
1359 -1424.2409
1360 -1424.2409
1361 -1424.2409
1362 -1424.2409
1363 -1424.2409
1364 -1424.2409
1365 -1424.2409
1366 -1424.2409
1367 -1424.2409
1368 -1424.2409
1369 -1424.2409
1370 -1424.2409
1371 -1424.2409
1372 -1424.2409
1373 -1424.2409
1374 -1424.2409
1375 -1424.2409
1376 -1424.2409
1377 -1424.2409
1378 -1424.2409
1379 -1424.2409
1380 -1424.2409
1381 -1424.2409
1382 -1424.2409
1383 -1424.2409
1384 -1424.2409
1385 -1424.2409
1386 -1424.2409
1387 -1424.2409
1388 -1424.2409
1389 -1424.2409
1390 -1424.2409
1391 -1424.2409
1392 -1424.2409
1393 -1424.2409
1394 -1424.2409
1395 -1424.2409
1396 -1424.2409
1397 -1424.2409
1398 -1424.2409
1399 -1424.2409
1400 -1424.2409
1401 -1424.2409
1402 -1424.2409
1403 -1424.2409
1404 -1424.2409
1405 -1424.2409
1406 -1424.2409
1407 -1424.2409
1408 -1424.2409
1409 -1424.2409
1410 -1424.2409
1411 -1424.2409
1412 -1424.2409
1413 -1424.2409
1414 -1424.2409
1415 -1424.2409
1416 -1424.2409
1417 -1424.2409
1418 -1424.2409
1419 -1424.2409
1420 -1424.2409
1421 -1424.2409
1422 -1424.2409
1423 -1424.2409
1424 -1424.2409
1425 -1424.2409
1426 -1424.2409
1427 -1424.2409
1428 -1424.2409
1429 -1424.2409
1430 -1424.2409
1431 -1424.2409
1432 -1424.2409
1433 -1424.2409
1434 -1424.2409
1435 -1424.2409
1436 -1424.2409
1437 -1424.2409
1438 -1424.2409
1439 -1424.2409
1440 -1424.2409
1441 -1424.2409
1442 -1424.2409
1443 -1424.2409
1444 -1424.2409
1445 -1424.2409
1446 -1424.2409
1447 -1424.2409
1448 -1424.2409
1449 -1424.2409
1450 -1424.2409
1451 -1426.0812
1452 -1426.0812
1453 -1426.0812
1454 -1426.0812
1455 -1426.1178
1456 -1426.1178
1457 -1426.1178
1458 -1426.1289
1459 -1426.1289
1460 -1426.1289
1461 -1426.1289
1462 -1426.1289
1463 -1426.1583
1464 -1426.1583
1465 -1426.1583
1466 -1426.1583
1467 -1426.1583
1468 -1426.1583
1469 -1426.1583
1470 -1426.1583
1471 -1426.1583
1472 -1426.1583
1473 -1426.1583
1474 -1426.1583
1475 -1426.1583
1476 -1426.1583
1477 -1426.1583
1478 -1426.1583
1479 -1426.1583
1480 -1426.1583
1481 -1426.1583
1482 -1426.1583
1483 -1426.1583
1484 -1426.262
1485 -1426.262
1486 -1426.262
1487 -1426.262
1488 -1426.262
1489 -1426.262
1490 -1426.262
1491 -1426.262
1492 -1426.262
1493 -1426.262
1494 -1426.262
1495 -1426.262
1496 -1426.262
1497 -1426.262
1498 -1426.262
1499 -1426.262
1500 -1426.262
1501 -1427.0893
1502 -1427.0893
1503 -1427.0893
1504 -1427.0893
1505 -1427.0893
1506 -1427.0893
1507 -1427.0893
1508 -1427.0893
1509 -1427.0893
1510 -1427.0893
1511 -1427.0893
1512 -1427.0893
1513 -1427.0893
1514 -1427.0893
1515 -1427.0893
1516 -1427.0893
1517 -1427.0893
1518 -1427.0893
1519 -1427.0893
1520 -1427.0893
1521 -1427.0893
1522 -1427.0893
1523 -1427.0893
1524 -1427.0893
1525 -1427.0893
1526 -1427.0893
1527 -1427.817
1528 -1427.817
1529 -1427.817
1530 -1427.817
1531 -1427.817
1532 -1427.817
1533 -1428.2398
1534 -1428.2398
1535 -1428.2398
1536 -1428.2398
1537 -1428.2398
1538 -1428.2398
1539 -1428.2398
1540 -1428.8485
1541 -1428.8485
1542 -1428.8485
1543 -1428.8485
1544 -1428.8485
1545 -1428.8485
1546 -1428.8485
1547 -1428.8485
1548 -1428.8485
1549 -1428.8485
1550 -1428.8485
1551 -1428.8485
1552 -1428.8485
1553 -1428.8485
1554 -1428.8485
1555 -1428.8485
1556 -1428.8485
1557 -1428.8485
1558 -1428.8485
1559 -1428.8485
1560 -1428.8485
1561 -1428.8485
1562 -1428.8485
1563 -1428.8485
1564 -1428.8485
1565 -1428.8485
1566 -1428.8485
1567 -1428.8485
1568 -1428.8485
1569 -1428.8485
1570 -1428.8485
1571 -1428.8485
1572 -1428.8485
1573 -1428.8485
1574 -1428.8485
1575 -1428.8485
1576 -1428.8485
1577 -1428.8485
1578 -1428.8485
1579 -1428.8485
1580 -1428.8485
1581 -1428.8485
1582 -1428.8485
1583 -1428.8485
1584 -1428.8485
1585 -1428.8485
1586 -1428.8485
1587 -1428.8485
1588 -1428.8485
1589 -1428.8485
1590 -1428.8485
1591 -1428.8485
1592 -1428.8485
1593 -1428.8485
1594 -1428.8485
1595 -1428.8485
1596 -1428.8485
1597 -1428.8485
1598 -1428.8485
1599 -1428.8485
1600 -1428.8485
1601 -1428.8485
1602 -1428.8485
1603 -1428.8485
1604 -1428.8485
1605 -1428.8485
1606 -1428.8485
1607 -1428.8485
1608 -1428.8485
1609 -1428.8485
1610 -1428.8485
1611 -1428.8485
1612 -1428.8485
1613 -1429.0829
1614 -1429.0829
1615 -1429.0829
1616 -1429.0829
1617 -1429.0829
1618 -1429.0829
1619 -1429.0829
1620 -1429.0829
1621 -1429.0829
1622 -1429.0829
1623 -1429.0829
1624 -1429.0829
1625 -1429.0829
1626 -1429.0829
1627 -1429.955
1628 -1429.955
1629 -1429.955
1630 -1429.955
1631 -1429.955
1632 -1429.955
1633 -1429.955
1634 -1429.955
1635 -1429.955
1636 -1429.955
1637 -1429.955
1638 -1429.955
1639 -1429.955
1640 -1429.955
1641 -1429.955
1642 -1429.955
1643 -1429.955
1644 -1429.955
1645 -1429.955
1646 -1429.955
1647 -1429.955
1648 -1429.955
1649 -1430.0426
1650 -1430.0426
1651 -1430.0426
1652 -1430.0426
1653 -1430.0426
1654 -1430.0426
1655 -1430.0426
1656 -1430.0426
1657 -1430.0426
1658 -1430.0426
1659 -1430.0426
1660 -1430.0426
1661 -1430.0426
1662 -1430.0426
1663 -1430.0426
1664 -1430.0426
1665 -1430.0426
1666 -1430.0426
1667 -1430.0426
1668 -1430.0426
1669 -1430.0426
1670 -1430.0426
1671 -1430.0426
1672 -1430.0426
1673 -1430.0426
1674 -1430.0426
1675 -1430.0426
1676 -1430.0426
1677 -1430.0426
1678 -1430.0426
1679 -1430.0426
1680 -1430.0426
1681 -1430.0426
1682 -1430.0426
1683 -1430.0426
1684 -1430.0426
1685 -1430.0426
1686 -1430.566
1687 -1430.566
1688 -1430.566
1689 -1430.566
1690 -1430.566
1691 -1430.566
1692 -1430.566
1693 -1430.566
1694 -1430.566
1695 -1430.566
1696 -1430.566
1697 -1430.566
1698 -1430.566
1699 -1430.566
1700 -1430.566
1701 -1430.566
1702 -1430.566
1703 -1430.566
1704 -1430.566
1705 -1430.566
1706 -1430.566
1707 -1430.566
1708 -1430.566
1709 -1430.566
1710 -1430.566
1711 -1430.566
1712 -1430.566
1713 -1430.566
1714 -1430.566
1715 -1430.566
1716 -1430.566
1717 -1430.566
1718 -1430.566
1719 -1430.566
1720 -1430.566
1721 -1430.566
1722 -1430.566
1723 -1430.566
1724 -1430.566
1725 -1430.566
1726 -1430.566
1727 -1430.566
1728 -1430.566
1729 -1430.566
1730 -1430.566
1731 -1430.566
1732 -1430.566
1733 -1430.566
1734 -1430.566
1735 -1430.566
1736 -1430.566
1737 -1430.566
1738 -1430.566
1739 -1430.566
1740 -1430.566
1741 -1430.566
1742 -1430.566
1743 -1430.566
1744 -1430.566
1745 -1430.566
1746 -1430.566
1747 -1430.566
1748 -1430.566
1749 -1430.566
1750 -1430.566
1751 -1430.566
1752 -1430.566
1753 -1430.566
1754 -1430.566
1755 -1430.566
1756 -1430.566
1757 -1430.566
1758 -1430.566
1759 -1430.566
1760 -1430.566
1761 -1430.566
1762 -1430.566
1763 -1430.566
1764 -1431.5877
1765 -1431.5877
1766 -1431.5877
1767 -1431.5877
1768 -1431.5877
1769 -1431.5877
1770 -1431.5877
1771 -1431.5877
1772 -1431.5877
1773 -1431.5877
1774 -1431.5877
1775 -1431.5877
1776 -1431.5877
1777 -1431.5877
1778 -1431.5877
1779 -1431.5877
1780 -1431.5877
1781 -1431.5877
1782 -1431.5877
1783 -1431.5877
1784 -1431.5877
1785 -1431.5877
1786 -1431.5877
1787 -1431.5877
1788 -1431.5877
1789 -1431.5877
1790 -1431.5877
1791 -1431.5877
1792 -1431.5877
1793 -1431.5877
1794 -1431.5877
1795 -1431.5877
1796 -1431.5877
1797 -1431.5877
1798 -1431.5877
1799 -1431.5877
1800 -1431.5877
1801 -1431.5877
1802 -1431.5877
1803 -1431.5877
1804 -1431.5877
1805 -1431.5877
1806 -1431.5877
1807 -1431.5877
1808 -1431.5877
1809 -1431.5877
1810 -1431.5877
1811 -1431.5877
1812 -1431.5877
1813 -1431.5877
1814 -1431.5877
1815 -1431.5877
1816 -1431.5877
1817 -1431.5877
1818 -1431.5877
1819 -1431.5877
1820 -1431.5877
1821 -1431.5877
1822 -1431.5877
1823 -1431.5877
1824 -1431.5877
1825 -1431.5877
1826 -1431.5877
1827 -1431.5877
1828 -1431.5877
1829 -1431.5877
1830 -1431.5877
1831 -1431.5877
1832 -1431.5877
1833 -1431.6437
1834 -1431.6437
1835 -1431.6437
1836 -1431.6437
1837 -1431.6437
1838 -1431.6437
1839 -1431.6437
1840 -1431.6437
1841 -1431.6437
1842 -1431.6437
1843 -1431.6437
1844 -1431.6437
1845 -1431.6437
1846 -1431.6437
1847 -1431.6437
1848 -1431.6437
1849 -1431.6437
1850 -1431.6437
1851 -1431.6437
1852 -1431.6437
1853 -1431.6437
1854 -1431.6437
1855 -1431.6437
1856 -1431.6437
1857 -1431.6437
1858 -1431.6437
1859 -1431.6437
1860 -1431.6437
1861 -1431.6437
1862 -1431.6437
1863 -1431.6437
1864 -1431.6437
1865 -1431.6437
1866 -1431.6437
1867 -1431.6437
1868 -1431.6437
1869 -1431.6437
1870 -1431.6437
1871 -1431.6437
1872 -1431.6437
1873 -1431.6437
1874 -1431.6437
1875 -1431.6437
1876 -1431.6437
1877 -1431.6437
1878 -1431.6437
1879 -1431.6437
1880 -1431.6437
1881 -1431.6437
1882 -1431.6437
1883 -1431.6437
1884 -1431.6437
1885 -1431.6437
1886 -1431.6437
1887 -1431.6437
1888 -1431.6437
1889 -1431.6437
1890 -1431.6437
1891 -1431.6437
1892 -1431.6437
1893 -1431.6437
1894 -1431.6437
1895 -1431.6437
1896 -1431.6437
1897 -1431.6437
1898 -1431.6437
1899 -1431.6437
1900 -1431.6437
1901 -1431.6437
1902 -1431.6437
1903 -1431.6437
1904 -1431.6437
1905 -1431.6437
1906 -1431.6437
1907 -1431.6437
1908 -1431.6437
1909 -1434.1428
1910 -1434.1428
1911 -1434.1428
1912 -1434.1428
1913 -1434.1428
1914 -1434.1428
1915 -1434.1428
1916 -1434.1428
1917 -1434.1428
1918 -1434.1428
1919 -1434.1428
1920 -1434.1428
1921 -1434.1428
1922 -1434.1428
1923 -1434.1428
1924 -1434.1428
1925 -1434.1428
1926 -1434.1428
1927 -1434.1428
1928 -1434.1428
1929 -1434.1428
1930 -1434.1428
1931 -1434.1428
1932 -1434.1428
1933 -1434.1428
1934 -1434.1428
1935 -1434.1428
1936 -1434.1428
1937 -1434.1428
1938 -1434.1428
1939 -1434.1782
1940 -1434.1782
1941 -1434.1782
1942 -1434.1782
1943 -1434.1782
1944 -1434.1782
1945 -1434.1782
1946 -1434.1782
1947 -1434.1782
1948 -1434.1782
1949 -1434.1782
1950 -1434.1782
1951 -1434.1782
1952 -1434.1782
1953 -1434.1782
1954 -1434.1782
1955 -1434.1782
1956 -1434.1782
1957 -1434.1782
1958 -1434.1782
1959 -1434.1782
1960 -1434.1782
1961 -1434.1782
1962 -1434.1782
1963 -1434.1782
1964 -1434.1782
1965 -1434.1782
1966 -1434.1782
1967 -1434.1782
1968 -1434.1782
1969 -1434.1782
1970 -1434.1782
1971 -1434.1782
1972 -1434.1782
1973 -1434.1782
1974 -1434.1782
1975 -1434.1782
1976 -1434.1782
1977 -1434.1782
1978 -1434.1782
1979 -1434.1782
1980 -1434.1782
1981 -1434.1782
1982 -1434.1782
1983 -1434.1782
1984 -1434.1782
1985 -1434.1782
1986 -1434.1782
1987 -1434.1782
1988 -1434.1782
1989 -1434.1782
1990 -1434.1782
1991 -1434.1782
1992 -1434.1782
1993 -1434.1782
1994 -1434.1782
1995 -1434.1782
1996 -1434.1782
1997 -1434.1782
1998 -1434.1782
1999 -1434.1782
2000 -1434.1782
2001 -1434.1782
2002 -1434.1782
2003 -1434.1782
2004 -1434.1782
2005 -1434.7453
2006 -1434.7453
2007 -1434.7453
2008 -1434.7453
2009 -1434.7453
2010 -1434.7453
2011 -1434.7453
2012 -1434.7453
2013 -1434.7453
2014 -1434.7453
2015 -1434.7453
2016 -1434.7453
2017 -1434.7453
2018 -1434.7453
2019 -1434.7453
2020 -1434.7453
2021 -1434.7453
2022 -1434.7453
2023 -1434.7453
2024 -1434.7453
2025 -1434.7453
2026 -1434.7453
2027 -1434.7453
2028 -1434.7453
2029 -1434.7453
2030 -1434.7453
2031 -1434.7453
2032 -1434.7453
2033 -1434.7453
2034 -1434.7453
2035 -1434.7453
2036 -1434.7453
2037 -1434.7453
2038 -1434.7453
2039 -1434.7453
2040 -1434.7453
2041 -1434.7453
2042 -1434.7453
2043 -1434.7453
2044 -1434.7453
2045 -1434.7453
2046 -1434.7453
2047 -1434.7453
2048 -1434.7453
2049 -1434.7453
2050 -1434.7453
2051 -1434.7453
2052 -1434.7453
2053 -1434.7453
2054 -1434.7453
2055 -1434.7453
2056 -1434.7453
2057 -1434.7453
2058 -1434.7453
2059 -1434.7453
2060 -1434.7453
2061 -1434.7453
2062 -1434.7453
2063 -1434.7453
2064 -1434.7453
2065 -1434.7453
2066 -1434.7453
2067 -1434.7453
2068 -1434.7453
2069 -1434.7453
2070 -1434.7453
2071 -1434.7453
2072 -1434.7453
2073 -1434.7453
2074 -1434.7453
2075 -1434.7453
2076 -1434.7453
2077 -1434.7453
2078 -1434.7453
2079 -1434.7453
2080 -1434.7453
2081 -1434.7453
2082 -1434.7453
2083 -1434.7453
2084 -1434.7453
2085 -1434.7453
2086 -1434.7453
2087 -1434.7453
2088 -1434.7453
2089 -1434.7453
2090 -1434.7453
2091 -1434.7453
2092 -1434.7453
2093 -1434.7997
2094 -1434.7997
2095 -1434.7997
2096 -1434.7997
2097 -1434.7997
2098 -1434.7997
2099 -1434.7997
2100 -1434.7997
2101 -1434.9658
2102 -1434.9658
2103 -1434.9658
2104 -1434.9658
2105 -1434.9658
2106 -1434.9658
2107 -1434.9658
2108 -1434.9658
2109 -1434.9658
2110 -1434.9658
2111 -1434.9658
2112 -1434.9658
2113 -1434.9658
2114 -1434.9658
2115 -1434.9658
2116 -1434.9658
2117 -1434.9658
2118 -1434.9658
2119 -1434.9658
2120 -1434.9658
2121 -1434.9658
2122 -1434.9658
2123 -1434.9658
2124 -1434.9658
2125 -1434.9658
2126 -1434.9658
2127 -1434.9658
2128 -1434.9658
2129 -1434.9658
2130 -1434.9658
2131 -1434.9658
2132 -1434.9658
2133 -1434.9658
2134 -1434.9658
2135 -1434.9658
2136 -1434.9658
2137 -1434.9658
2138 -1434.9658
2139 -1434.9658
2140 -1434.9658
2141 -1434.9658
2142 -1434.9658
2143 -1434.9658
2144 -1434.9658
2145 -1434.9658
2146 -1434.9658
2147 -1434.9658
2148 -1434.9658
2149 -1434.9658
2150 -1434.9658
2151 -1434.9658
2152 -1434.9658
2153 -1434.9658
2154 -1434.9658
2155 -1434.9658
2156 -1434.9658
2157 -1434.9658
2158 -1434.9658
2159 -1434.9658
2160 -1434.9658
2161 -1434.9658
2162 -1434.9658
2163 -1434.9658
2164 -1434.9658
2165 -1434.9658
2166 -1434.9658
2167 -1434.9658
2168 -1434.9658
2169 -1434.9658
2170 -1434.9658
2171 -1434.9658
2172 -1434.9658
2173 -1434.9658
2174 -1434.9658
2175 -1434.9658
2176 -1434.9658
2177 -1434.9658
2178 -1434.9658
2179 -1434.9658
2180 -1435.0635
2181 -1435.0635
2182 -1435.0635
2183 -1435.0635
2184 -1435.0635
2185 -1435.0635
2186 -1435.0635
2187 -1435.0635
2188 -1435.0635
2189 -1435.0635
2190 -1435.0635
2191 -1435.0635
2192 -1435.0635
2193 -1435.0635
2194 -1435.0635
2195 -1435.0635
2196 -1435.0635
2197 -1435.0635
2198 -1435.0635
2199 -1435.0635
2200 -1435.0635
2201 -1435.0635
2202 -1435.0635
2203 -1435.0635
2204 -1435.0635
2205 -1435.0635
2206 -1435.0635
2207 -1435.0635
2208 -1435.0635
2209 -1435.0635
2210 -1435.0635
2211 -1435.0635
2212 -1435.0635
2213 -1435.0635
2214 -1435.0635
2215 -1435.0635
2216 -1435.0635
2217 -1435.0635
2218 -1435.0635
2219 -1435.0635
2220 -1435.0635
2221 -1435.0635
2222 -1435.0635
2223 -1435.0635
2224 -1435.0635
2225 -1435.0635
2226 -1435.0635
2227 -1435.0635
2228 -1435.0635
2229 -1435.0635
2230 -1435.0635
2231 -1435.0635
2232 -1435.0635
2233 -1435.0635
2234 -1435.0635
2235 -1435.0635
2236 -1435.0635
2237 -1435.0635
2238 -1435.0635
2239 -1435.0635
2240 -1435.0635
2241 -1435.0635
2242 -1435.0635
2243 -1435.0635
2244 -1435.0635
2245 -1435.0635
2246 -1435.0635
2247 -1435.0635
2248 -1435.0635
2249 -1435.0635
2250 -1435.0635
2251 -1436.2617
2252 -1436.2617
2253 -1436.2617
2254 -1436.2617
2255 -1436.2617
2256 -1436.2617
2257 -1436.2617
2258 -1436.2617
2259 -1436.2617
2260 -1436.2617
2261 -1436.2617
2262 -1436.2617
2263 -1436.2617
2264 -1436.2617
2265 -1436.2617
2266 -1436.2617
2267 -1436.2617
2268 -1436.2617
2269 -1436.2617
2270 -1436.2617
2271 -1436.2617
2272 -1436.2617
2273 -1436.2617
2274 -1436.2617
2275 -1436.2617
2276 -1436.2617
2277 -1436.2617
2278 -1436.2617
2279 -1436.2617
2280 -1436.2617
2281 -1436.2617
2282 -1436.2617
2283 -1436.2617
2284 -1436.2617
2285 -1436.2617
2286 -1436.2617
2287 -1436.2617
2288 -1436.2617
2289 -1436.2617
2290 -1436.2617
2291 -1436.2617
2292 -1436.2617
2293 -1436.2617
2294 -1436.2617
2295 -1436.2617
2296 -1436.2617
2297 -1436.2617
2298 -1436.2617
2299 -1436.2617
2300 -1436.2617
2301 -1436.2617
2302 -1436.2617
2303 -1436.2617
2304 -1437.2299
2305 -1437.2299
2306 -1437.2299
2307 -1437.2299
2308 -1437.2299
2309 -1437.2299
2310 -1437.2299
2311 -1437.2299
2312 -1437.2299
2313 -1437.2299
2314 -1437.2299
2315 -1437.2299
2316 -1437.2299
2317 -1437.2299
2318 -1437.2299
2319 -1437.2299
2320 -1437.2299
2321 -1437.2299
2322 -1437.2299
2323 -1437.2299
2324 -1437.2299
2325 -1437.2299
2326 -1437.2299
2327 -1437.2299
2328 -1437.2299
2329 -1437.2299
2330 -1437.2299
2331 -1437.2299
2332 -1437.2299
2333 -1437.2299
2334 -1437.2299
2335 -1437.2299
2336 -1437.2299
2337 -1437.2299
2338 -1437.2299
2339 -1437.2299
2340 -1437.2299
2341 -1437.2299
2342 -1437.2299
2343 -1437.2299
2344 -1437.2299
2345 -1437.2299
2346 -1437.2299
2347 -1437.2299
2348 -1437.2299
2349 -1437.2299
2350 -1437.2299
2351 -1437.2299
2352 -1437.2299
2353 -1437.2299
2354 -1437.2299
2355 -1437.2299
2356 -1437.726
2357 -1437.726
2358 -1437.726
2359 -1437.726
2360 -1437.726
2361 -1437.726
2362 -1437.726
2363 -1437.726
2364 -1437.726
2365 -1437.726
2366 -1437.726
2367 -1437.726
2368 -1437.726
2369 -1438.3615
2370 -1438.3615
2371 -1438.3615
2372 -1438.3615
2373 -1438.3615
2374 -1438.3615
2375 -1438.3615
2376 -1438.3615
2377 -1438.3615
2378 -1438.3615
2379 -1438.3615
2380 -1438.3615
2381 -1438.3615
2382 -1438.3615
2383 -1438.3615
2384 -1438.3615
2385 -1438.3615
2386 -1438.3615
2387 -1438.3615
2388 -1438.3615
2389 -1438.3615
2390 -1438.3615
2391 -1438.3615
2392 -1438.3615
2393 -1438.3615
2394 -1438.3615
2395 -1438.3615
2396 -1438.3615
2397 -1438.3615
2398 -1438.3615
2399 -1438.3615
2400 -1438.3615
2401 -1438.3615
2402 -1438.3615
2403 -1438.3615
2404 -1438.3615
2405 -1438.3615
2406 -1438.3615
2407 -1438.3615
2408 -1438.3615
2409 -1438.3615
2410 -1438.3615
2411 -1438.3615
2412 -1438.3615
2413 -1438.3615
2414 -1438.3615
2415 -1438.3615
2416 -1438.3615
2417 -1438.3615
2418 -1438.3615
2419 -1438.3615
2420 -1438.3615
2421 -1438.3615
2422 -1438.3615
2423 -1438.3615
2424 -1438.3615
2425 -1438.3615
2426 -1438.3615
2427 -1438.3615
2428 -1438.3407
2429 -1438.3407
2430 -1438.3407
2431 -1438.3407
2432 -1438.3407
2433 -1438.3407
2434 -1438.3407
2435 -1438.3675
2436 -1438.3675
2437 -1438.3675
2438 -1438.3675
2439 -1438.3675
2440 -1438.3675
2441 -1438.3675
2442 -1438.3675
2443 -1438.3675
2444 -1438.3675
2445 -1438.3675
2446 -1438.3675
2447 -1438.3675
2448 -1438.3675
2449 -1438.3675
2450 -1438.3675
2451 -1438.3675
2452 -1438.3675
2453 -1438.3675
2454 -1438.3675
2455 -1438.5103
2456 -1438.5103
2457 -1438.5103
2458 -1438.5103
2459 -1438.5103
2460 -1438.5103
2461 -1438.6373
2462 -1438.6373
2463 -1438.6373
2464 -1438.702
2465 -1438.702
2466 -1438.702
2467 -1438.702
2468 -1438.702
2469 -1438.702
2470 -1438.702
2471 -1438.702
2472 -1438.702
2473 -1438.702
2474 -1438.702
2475 -1438.702
2476 -1438.702
2477 -1439.6084
2478 -1439.6084
2479 -1439.6084
2480 -1439.6084
2481 -1439.6084
2482 -1439.6084
2483 -1439.6084
2484 -1439.6084
2485 -1439.6084
2486 -1439.6084
2487 -1439.6084
2488 -1439.6084
2489 -1439.6084
2490 -1439.6084
2491 -1439.6084
2492 -1439.6084
2493 -1439.6084
2494 -1439.6084
2495 -1439.6084
2496 -1439.6084
2497 -1439.6084
2498 -1439.6084
2499 -1439.6084
2500 -1439.6084
2501 -1439.6084
2502 -1439.6084
2503 -1439.6084
2504 -1439.6084
2505 -1439.6084
2506 -1439.7384
2507 -1439.7384
2508 -1439.7384
2509 -1439.7384
2510 -1439.7384
2511 -1439.7384
2512 -1439.7384
2513 -1439.7384
2514 -1439.7384
2515 -1439.7384
2516 -1439.7384
2517 -1439.7384
2518 -1439.7384
2519 -1439.7384
2520 -1439.7384
2521 -1439.7384
2522 -1439.7384
2523 -1439.7384
2524 -1439.7384
2525 -1439.7384
2526 -1439.7384
2527 -1439.7384
2528 -1439.7384
2529 -1439.7384
2530 -1439.7384
2531 -1439.7384
2532 -1439.7384
2533 -1439.7384
2534 -1439.7384
2535 -1439.7384
2536 -1439.7384
2537 -1439.7384
2538 -1439.7384
2539 -1439.7384
2540 -1439.7384
2541 -1439.7384
2542 -1442.5982
2543 -1442.5982
2544 -1442.5982
2545 -1442.5982
2546 -1442.5982
2547 -1442.5982
2548 -1442.5982
2549 -1442.5982
2550 -1442.5982
2551 -1442.5982
2552 -1442.5982
2553 -1442.5982
2554 -1442.5982
2555 -1442.5982
2556 -1442.5982
2557 -1442.5982
2558 -1442.5982
2559 -1442.5982
2560 -1442.5982
2561 -1442.5982
2562 -1442.8131
2563 -1442.8131
2564 -1442.8131
2565 -1442.8131
2566 -1442.8131
2567 -1442.8131
2568 -1442.8131
2569 -1442.8131
2570 -1442.8131
2571 -1442.8131
2572 -1442.8131
2573 -1442.8131
2574 -1442.8131
2575 -1442.8131
2576 -1442.8131
2577 -1442.8131
2578 -1442.8131
2579 -1442.8131
2580 -1442.8131
2581 -1442.8131
2582 -1442.8131
2583 -1442.8131
2584 -1442.8131
2585 -1442.8131
2586 -1442.8131
2587 -1442.8131
2588 -1442.8131
2589 -1442.8131
2590 -1442.8131
2591 -1442.8131
2592 -1442.8131
2593 -1442.8131
2594 -1442.8131
2595 -1442.8131
2596 -1442.8131
2597 -1442.8131
2598 -1442.8131
2599 -1442.8131
2600 -1442.8131
2601 -1442.8131
2602 -1442.8131
2603 -1442.8131
2604 -1442.8131
2605 -1442.8131
2606 -1442.8131
2607 -1442.8131
2608 -1442.8131
2609 -1442.8131
2610 -1442.8131
2611 -1442.8131
2612 -1442.8131
2613 -1442.8131
2614 -1442.8131
2615 -1442.8131
2616 -1442.8131
2617 -1442.8131
2618 -1442.8131
2619 -1442.8131
2620 -1442.8131
2621 -1442.8131
2622 -1442.8131
2623 -1442.8131
2624 -1442.8131
2625 -1442.8131
2626 -1442.8131
2627 -1442.8131
2628 -1442.8131
2629 -1442.8131
2630 -1442.8131
2631 -1442.8131
2632 -1442.8131
2633 -1442.8131
2634 -1442.8131
2635 -1442.8131
2636 -1442.8131
2637 -1442.8131
2638 -1442.8131
2639 -1442.8131
2640 -1442.8131
2641 -1442.8131
2642 -1442.8131
2643 -1442.8131
2644 -1442.8131
2645 -1442.8131
2646 -1442.8131
2647 -1442.8131
2648 -1442.8131
2649 -1442.8131
2650 -1442.8131
2651 -1442.8131
2652 -1442.8131
2653 -1442.8131
2654 -1442.8131
2655 -1442.8131
2656 -1442.8131
2657 -1442.8131
2658 -1442.8131
2659 -1442.8131
2660 -1442.8131
2661 -1442.8131
2662 -1442.8131
2663 -1442.8131
2664 -1442.8131
2665 -1442.8131
2666 -1442.8131
2667 -1442.8131
2668 -1442.8131
2669 -1442.8131
2670 -1442.8131
2671 -1442.8131
2672 -1442.8131
2673 -1442.8131
2674 -1442.8131
2675 -1442.8131
2676 -1442.8131
2677 -1442.8131
2678 -1442.8131
2679 -1442.8131
2680 -1442.8131
2681 -1442.8131
2682 -1442.8131
2683 -1442.8131
2684 -1442.8131
2685 -1442.8131
2686 -1442.8131
2687 -1442.8548
2688 -1442.8548
2689 -1442.8548
2690 -1442.8548
2691 -1442.8548
2692 -1442.8548
2693 -1442.8548
2694 -1442.8548
2695 -1442.8548
2696 -1442.8548
2697 -1442.8548
2698 -1442.8548
2699 -1442.8548
2700 -1442.8548
2701 -1442.8548
2702 -1442.8548
2703 -1442.8548
2704 -1442.8548
2705 -1442.8548
2706 -1442.8548
2707 -1442.8548
2708 -1442.8548
2709 -1442.8548
2710 -1442.8548
2711 -1442.8548
2712 -1442.8548
2713 -1442.8548
2714 -1442.8548
2715 -1443.282
2716 -1443.282
2717 -1443.282
2718 -1443.282
2719 -1443.282
2720 -1443.282
2721 -1443.282
2722 -1443.282
2723 -1443.282
2724 -1443.282
2725 -1443.282
2726 -1443.282
2727 -1443.282
2728 -1443.282
2729 -1443.282
2730 -1443.282
2731 -1443.282
2732 -1443.282
2733 -1443.282
2734 -1443.282
2735 -1443.282
2736 -1443.3428
2737 -1443.3428
2738 -1443.3428
2739 -1443.3428
2740 -1443.3428
2741 -1443.3428
2742 -1443.3428
2743 -1443.3428
2744 -1443.3428
2745 -1443.3428
2746 -1443.3428
2747 -1443.3428
2748 -1443.3428
2749 -1443.3428
2750 -1443.3428
2751 -1443.3428
2752 -1443.3428
2753 -1443.3428
2754 -1443.3428
2755 -1443.3428
2756 -1443.3428
2757 -1443.3428
2758 -1443.3428
2759 -1443.3428
2760 -1443.3428
2761 -1443.3428
2762 -1443.3428
2763 -1443.3428
2764 -1443.3428
2765 -1443.3428
2766 -1443.3428
2767 -1443.3428
2768 -1443.3428
2769 -1443.3428
2770 -1443.3428
2771 -1443.3428
2772 -1443.3428
2773 -1443.3428
2774 -1443.3428
2775 -1443.3428
2776 -1443.3428
2777 -1443.3428
2778 -1443.3428
2779 -1443.3428
2780 -1443.3428
2781 -1443.3428
2782 -1443.3428
2783 -1443.3428
2784 -1443.3428
2785 -1443.3428
2786 -1443.3428
2787 -1443.3428
2788 -1443.3428
2789 -1443.3428
2790 -1443.3428
2791 -1443.3428
2792 -1443.3428
2793 -1443.3428
2794 -1443.3428
2795 -1443.3428
2796 -1443.3428
2797 -1443.3428
2798 -1443.3428
2799 -1443.3428
2800 -1443.3428
2801 -1443.3428
2802 -1443.3428
2803 -1443.3428
2804 -1443.3428
2805 -1443.3428
2806 -1443.3428
2807 -1443.3428
2808 -1443.3428
2809 -1443.3428
2810 -1443.3428
2811 -1443.3428
2812 -1443.3428
2813 -1443.3428
2814 -1443.3428
2815 -1443.3428
2816 -1443.3428
2817 -1443.3428
2818 -1443.3428
2819 -1443.3428
2820 -1443.3428
2821 -1443.3428
2822 -1443.3428
2823 -1443.3428
2824 -1443.3428
2825 -1443.3428
2826 -1443.3428
2827 -1443.3428
2828 -1443.3428
2829 -1443.3428
2830 -1443.3428
2831 -1443.3428
2832 -1443.3428
2833 -1443.3428
2834 -1443.3428
2835 -1443.3428
2836 -1443.3428
2837 -1443.3428
2838 -1443.3428
2839 -1443.3428
2840 -1443.3428
2841 -1443.3428
2842 -1443.3428
2843 -1443.3428
2844 -1443.3428
2845 -1443.3428
2846 -1443.3428
2847 -1443.3428
2848 -1443.3428
2849 -1443.3428
2850 -1443.3428
2851 -1443.3428
2852 -1443.3428
2853 -1443.3428
2854 -1443.3428
2855 -1443.3428
2856 -1443.3428
2857 -1443.3428
2858 -1443.3428
2859 -1443.3428
2860 -1443.3428
2861 -1443.3428
2862 -1443.3428
2863 -1443.3428
2864 -1443.3428
2865 -1443.3428
2866 -1443.3428
2867 -1443.3428
2868 -1443.3428
2869 -1443.3428
2870 -1443.3428
2871 -1443.3428
2872 -1443.3428
2873 -1443.3428
2874 -1443.3428
2875 -1443.3428
2876 -1443.3428
2877 -1443.3428
2878 -1443.3428
2879 -1443.3428
2880 -1443.3428
2881 -1443.3428
2882 -1443.3428
2883 -1443.3428
2884 -1443.3428
2885 -1443.3428
2886 -1443.3428
2887 -1443.3428
2888 -1443.3428
2889 -1443.3428
2890 -1443.3428
2891 -1443.3428
2892 -1443.3428
2893 -1443.3428
2894 -1443.3428
2895 -1443.5252
2896 -1443.5252
2897 -1443.5252
2898 -1443.5252
2899 -1443.5252
2900 -1443.5252
2901 -1443.5252
2902 -1443.5252
2903 -1443.5252
2904 -1443.5252
2905 -1443.5252
2906 -1443.5252
2907 -1443.5252
2908 -1443.5252
2909 -1443.5252
2910 -1443.5252
2911 -1443.5252
2912 -1443.5252
2913 -1443.5252
2914 -1443.5252
2915 -1443.5252
2916 -1443.5252
2917 -1443.5252
2918 -1443.5252
2919 -1443.5252
2920 -1443.5252
2921 -1443.5252
2922 -1443.5252
2923 -1443.5252
2924 -1443.5252
2925 -1443.5252
2926 -1443.5252
2927 -1443.5252
2928 -1443.5252
2929 -1443.5252
2930 -1443.5252
2931 -1443.5252
2932 -1443.5252
2933 -1443.5252
2934 -1443.5252
2935 -1443.5252
2936 -1443.5252
2937 -1443.5252
2938 -1443.5252
2939 -1443.5252
2940 -1443.5252
2941 -1443.5252
2942 -1443.5252
2943 -1443.5252
2944 -1443.5252
2945 -1443.5252
2946 -1443.5252
2947 -1443.5252
2948 -1443.5252
2949 -1443.5252
2950 -1443.5252
2951 -1443.5252
2952 -1443.5252
2953 -1443.5252
2954 -1443.5252
2955 -1443.5252
2956 -1443.5252
2957 -1443.5252
2958 -1443.5252
2959 -1443.5252
2960 -1443.5252
2961 -1443.5252
2962 -1443.5252
2963 -1443.5252
2964 -1443.5252
2965 -1443.5252
2966 -1443.5252
2967 -1443.5252
2968 -1443.5252
2969 -1443.5252
2970 -1443.5252
2971 -1443.5252
2972 -1443.5252
2973 -1443.5252
2974 -1443.5252
2975 -1443.5252
2976 -1443.5252
2977 -1443.5252
2978 -1443.5252
2979 -1443.5252
2980 -1443.5252
2981 -1443.5252
2982 -1443.5252
2983 -1443.5252
2984 -1443.5252
2985 -1443.5252
2986 -1443.5252
2987 -1443.5252
2988 -1443.5252
2989 -1443.5252
2990 -1443.5252
2991 -1443.5252
2992 -1443.5252
2993 -1443.5252
2994 -1443.5252
2995 -1443.5252
2996 -1443.5252
2997 -1443.5252
2998 -1443.5252
2999 -1443.5252
3000 -1443.5252
3001 -1443.5252
3002 -1443.5252
3003 -1443.5252
3004 -1443.5252
3005 -1443.5252
3006 -1443.5252
3007 -1443.5252
3008 -1443.5252
3009 -1443.5252
3010 -1443.5252
3011 -1443.5252
3012 -1443.5252
3013 -1443.5252
3014 -1443.5252
3015 -1443.5252
3016 -1443.5252
3017 -1443.5252
3018 -1443.5252
3019 -1443.5252
3020 -1443.5252
3021 -1443.5252
3022 -1443.5252
3023 -1443.5252
3024 -1443.5252
3025 -1443.5252
3026 -1443.5252
3027 -1443.5252
3028 -1443.5252
3029 -1443.5252
3030 -1443.5252
3031 -1443.5252
3032 -1443.5252
3033 -1443.5252
3034 -1443.5252
3035 -1443.5252
3036 -1443.5252
3037 -1443.5252
3038 -1443.5252
3039 -1443.5252
3040 -1443.5252
3041 -1443.5252
3042 -1443.5252
3043 -1443.5252
3044 -1443.5252
3045 -1443.5252
3046 -1443.5252
3047 -1443.5252
3048 -1443.5252
3049 -1443.7246
3050 -1443.7246
3051 -1443.7246
3052 -1443.7246
3053 -1443.7246
3054 -1443.7246
3055 -1443.7246
3056 -1443.7246
3057 -1443.7246
3058 -1443.7246
3059 -1443.7246
3060 -1443.7246
3061 -1443.7246
3062 -1443.7246
3063 -1443.7246
3064 -1443.7246
3065 -1443.7246
3066 -1443.7246
3067 -1443.7246
3068 -1443.7246
3069 -1443.7471
3070 -1443.7471
3071 -1443.7471
3072 -1443.7471
3073 -1443.7471
3074 -1443.7471
3075 -1443.7471
3076 -1443.7471
3077 -1443.7471
3078 -1443.7471
3079 -1443.7471
3080 -1443.7471
3081 -1443.7471
3082 -1443.7471
3083 -1443.7471
3084 -1443.7471
3085 -1443.7471
3086 -1443.7471
3087 -1443.7471
3088 -1443.7471
3089 -1443.7471
3090 -1443.7471
3091 -1443.7471
3092 -1443.7471
3093 -1443.7471
3094 -1443.7471
3095 -1443.7471
3096 -1443.7471
3097 -1443.7471
3098 -1444.1134
3099 -1444.1134
3100 -1444.1134
3101 -1444.1134
3102 -1444.1134
3103 -1444.1134
3104 -1444.1134
3105 -1444.1134
3106 -1444.1134
3107 -1444.1134
3108 -1444.1134
3109 -1444.1134
3110 -1444.1134
3111 -1444.1134
3112 -1444.1134
3113 -1444.1134
3114 -1444.1134
3115 -1444.1134
3116 -1444.1134
3117 -1444.1134
3118 -1444.1134
3119 -1444.1134
3120 -1444.1134
3121 -1444.1134
3122 -1444.1134
3123 -1444.1134
3124 -1444.1936
3125 -1444.1936
3126 -1444.1936
3127 -1444.1936
3128 -1444.1936
3129 -1444.1936
3130 -1444.1936
3131 -1444.1936
3132 -1444.1936
3133 -1444.1936
3134 -1444.1936
3135 -1444.1936
3136 -1444.1936
3137 -1444.1936
3138 -1444.1936
3139 -1444.1936
3140 -1444.1936
3141 -1444.1936
3142 -1444.1936
3143 -1444.1936
3144 -1444.1936
3145 -1444.1936
3146 -1444.1936
3147 -1444.1936
3148 -1444.1936
3149 -1444.1936
3150 -1444.1936
3151 -1444.1936
3152 -1444.1936
3153 -1444.1936
3154 -1444.1936
3155 -1444.1936
3156 -1444.1936
3157 -1444.1936
3158 -1444.1936
3159 -1444.1936
3160 -1444.1936
3161 -1444.1936
3162 -1444.1936
3163 -1444.1936
3164 -1444.1936
3165 -1444.1936
3166 -1444.1936
3167 -1444.1936
3168 -1444.1936
3169 -1444.1936
3170 -1444.1936
3171 -1444.1936
3172 -1444.1936
3173 -1444.1936
3174 -1444.1936
3175 -1444.1936
3176 -1444.1936
3177 -1444.1936
3178 -1444.1936
3179 -1444.1936
3180 -1444.1936
3181 -1444.1936
3182 -1444.1936
3183 -1444.1936
3184 -1444.1936
3185 -1444.1936
3186 -1445.5164
3187 -1445.5164
3188 -1445.5164
3189 -1445.5164
3190 -1445.5164
3191 -1445.5164
3192 -1445.5164
3193 -1445.5164
3194 -1445.5164
3195 -1445.5164
3196 -1445.5164
3197 -1445.5164
3198 -1445.5164
3199 -1445.5164
3200 -1445.5164
3201 -1445.5164
3202 -1445.5164
3203 -1445.5164
3204 -1445.5164
3205 -1445.5164
3206 -1445.5164
3207 -1445.5164
3208 -1445.5164
3209 -1445.5164
3210 -1445.5164
3211 -1445.5164
3212 -1445.5164
3213 -1445.5164
3214 -1445.5164
3215 -1445.5164
3216 -1445.5164
3217 -1445.5164
3218 -1445.5164
3219 -1445.5164
3220 -1445.5164
3221 -1445.5164
3222 -1445.5164
3223 -1445.5164
3224 -1445.5164
3225 -1445.5164
3226 -1445.5164
3227 -1445.5164
3228 -1445.5164
3229 -1445.5164
3230 -1445.5164
3231 -1445.5164
3232 -1445.5164
3233 -1445.5164
3234 -1445.5164
3235 -1445.5164
3236 -1445.5164
3237 -1445.5164
3238 -1445.5164
3239 -1445.5164
3240 -1445.5164
3241 -1445.5164
3242 -1445.5164
3243 -1445.5164
3244 -1445.5164
3245 -1445.5164
3246 -1445.5164
3247 -1445.5164
3248 -1445.5164
3249 -1445.5164
3250 -1445.5164
3251 -1445.5164
3252 -1445.5164
3253 -1445.5164
3254 -1445.5164
3255 -1445.5164
3256 -1445.5164
3257 -1445.5164
3258 -1445.5164
3259 -1445.5164
3260 -1445.5157
3261 -1445.5157
3262 -1445.5157
3263 -1445.5157
3264 -1445.5157
3265 -1445.5157
3266 -1445.5157
3267 -1445.5157
3268 -1445.5157
3269 -1445.5157
3270 -1445.5157
3271 -1445.5157
3272 -1445.5157
3273 -1445.5157
3274 -1445.5157
3275 -1445.5157
3276 -1445.5157
3277 -1445.5157
3278 -1445.5157
3279 -1445.5157
3280 -1445.5157
3281 -1445.5157
3282 -1445.5157
3283 -1445.5157
3284 -1445.5157
3285 -1445.5157
3286 -1445.5157
3287 -1445.5157
3288 -1445.5157
3289 -1445.5157
3290 -1445.5157
3291 -1445.9849
3292 -1445.9849
3293 -1445.9849
3294 -1445.9849
3295 -1445.9849
3296 -1445.9849
3297 -1445.9849
3298 -1445.9849
3299 -1445.9849
3300 -1445.9849
3301 -1445.9849
3302 -1445.9849
3303 -1445.9849
3304 -1445.9849
3305 -1445.9849
3306 -1445.9849
3307 -1445.9849
3308 -1445.9849
3309 -1445.9849
3310 -1445.9849
3311 -1445.9849
3312 -1445.9849
3313 -1445.9849
3314 -1445.9849
3315 -1445.9849
3316 -1445.9849
3317 -1445.9849
3318 -1445.9849
3319 -1445.9849
3320 -1445.9849
3321 -1445.9849
3322 -1445.9849
3323 -1445.9849
3324 -1445.9849
3325 -1445.9849
3326 -1445.9849
3327 -1445.9849
3328 -1445.9849
3329 -1445.9849
3330 -1445.9849
3331 -1445.9849
3332 -1445.9849
3333 -1445.9849
3334 -1445.9849
3335 -1445.9849
3336 -1445.9849
3337 -1445.9849
3338 -1445.9849
3339 -1445.9849
3340 -1445.9849
3341 -1445.9849
3342 -1445.9849
3343 -1445.9849
3344 -1445.9849
3345 -1445.9849
3346 -1445.9849
3347 -1445.9849
3348 -1445.9849
3349 -1445.9849
3350 -1445.9849
3351 -1445.9849
3352 -1445.9849
3353 -1445.9849
3354 -1445.9849
3355 -1445.9849
3356 -1445.9849
3357 -1445.9849
3358 -1445.9849
3359 -1445.9849
3360 -1445.9849
3361 -1445.9849
3362 -1445.9849
3363 -1445.9849
3364 -1445.9849
3365 -1445.9849
3366 -1445.9849
3367 -1445.9849
3368 -1445.9849
3369 -1445.9849
3370 -1445.9849
3371 -1445.9849
3372 -1445.9849
3373 -1445.9849
3374 -1445.9849
3375 -1445.9849
3376 -1445.9849
3377 -1445.9849
3378 -1445.9849
3379 -1445.9849
3380 -1445.9849
3381 -1445.9849
3382 -1445.9849
3383 -1445.9849
3384 -1445.9849
3385 -1445.9849
3386 -1445.9849
3387 -1445.9849
3388 -1445.9849
3389 -1445.9849
3390 -1445.9849
3391 -1445.9849
3392 -1445.9849
3393 -1445.9849
3394 -1445.9849
3395 -1445.9849
3396 -1445.9849
3397 -1445.9849
3398 -1445.9849
3399 -1445.9849
3400 -1445.9849
3401 -1445.9849
3402 -1445.9849
3403 -1445.9849
3404 -1445.9849
3405 -1445.9849
3406 -1445.9849
3407 -1445.9849
3408 -1445.9849
3409 -1445.9849
3410 -1445.9849
3411 -1445.9849
3412 -1445.9849
3413 -1445.9849
3414 -1445.9849
3415 -1445.9849
3416 -1445.9849
3417 -1445.9849
3418 -1445.9849
3419 -1445.9849
3420 -1445.9849
3421 -1445.9849
3422 -1445.9849
3423 -1445.9849
3424 -1445.9849
3425 -1445.9849
3426 -1445.9849
3427 -1445.9849
3428 -1445.9849
3429 -1445.9849
3430 -1445.9849
3431 -1445.9849
3432 -1445.9849
3433 -1445.9849
3434 -1445.9849
3435 -1445.9849
3436 -1445.9849
3437 -1445.9849
3438 -1445.9849
3439 -1445.9849
3440 -1445.9849
3441 -1445.9849
3442 -1445.9849
3443 -1445.9849
3444 -1445.9849
3445 -1445.9849
3446 -1445.9849
3447 -1445.9849
3448 -1445.9849
3449 -1445.9849
3450 -1445.9849
3451 -1446.8962
3452 -1446.8962
3453 -1446.8962
3454 -1446.8962
3455 -1446.8962
3456 -1446.8962
3457 -1446.8962
3458 -1446.8962
3459 -1446.8962
3460 -1446.8962
3461 -1446.8962
3462 -1446.8962
3463 -1446.8962
3464 -1446.8962
3465 -1446.8962
3466 -1446.8962
3467 -1446.8962
3468 -1446.8962
3469 -1446.8962
3470 -1446.8962
3471 -1446.8962
3472 -1446.8962
3473 -1446.8962
3474 -1446.8962
3475 -1446.8962
3476 -1446.8962
3477 -1446.8962
3478 -1446.8962
3479 -1446.8962
3480 -1446.8962
3481 -1446.8962
3482 -1446.8962
3483 -1446.8962
3484 -1446.8962
3485 -1446.8962
3486 -1446.8962
3487 -1446.8962
3488 -1446.8962
3489 -1446.8962
3490 -1446.8962
3491 -1446.8962
3492 -1446.8962
3493 -1446.8962
3494 -1446.8962
3495 -1446.8962
3496 -1446.8962
3497 -1446.8962
3498 -1446.8962
3499 -1446.8962
3500 -1446.8962
3501 -1446.8962
3502 -1446.8962
3503 -1446.8962
3504 -1446.8962
3505 -1446.8962
3506 -1446.8962
3507 -1446.8962
3508 -1446.8962
3509 -1446.8962
3510 -1446.8962
3511 -1446.8962
3512 -1446.8962
3513 -1446.8962
3514 -1446.8962
3515 -1446.8962
3516 -1446.8962
3517 -1446.8962
3518 -1446.8962
3519 -1446.8962
3520 -1446.8962
3521 -1446.8962
3522 -1446.8962
3523 -1446.8962
3524 -1446.8962
3525 -1446.8962
3526 -1446.8962
3527 -1446.8962
3528 -1446.8962
3529 -1446.8962
3530 -1446.8962
3531 -1446.8962
3532 -1446.8962
3533 -1446.8962
3534 -1446.8962
3535 -1447.0271
3536 -1447.0271
3537 -1447.0271
3538 -1447.0271
3539 -1447.0271
3540 -1447.0271
3541 -1447.0271
3542 -1447.0271
3543 -1447.0271
3544 -1447.0271
3545 -1447.0271
3546 -1447.0271
3547 -1447.0271
3548 -1447.0271
3549 -1447.0271
3550 -1447.0271
3551 -1447.0271
3552 -1447.0271
3553 -1448.3352
3554 -1448.3352
3555 -1448.3352
3556 -1448.3352
3557 -1448.3352
3558 -1448.3352
3559 -1448.3352
3560 -1448.3352
3561 -1448.3352
3562 -1448.3352
3563 -1448.3352
3564 -1448.3352
3565 -1448.3352
3566 -1448.3352
3567 -1448.3352
3568 -1448.3352
3569 -1448.3352
3570 -1448.3352
3571 -1448.3352
3572 -1448.3352
3573 -1448.3352
3574 -1448.3352
3575 -1448.3352
3576 -1448.3352
3577 -1448.3352
3578 -1448.3352
3579 -1448.3352
3580 -1448.3352
3581 -1448.3352
3582 -1448.3352
3583 -1448.3352
3584 -1448.3352
3585 -1448.3352
3586 -1448.3352
3587 -1448.3352
3588 -1448.3352
3589 -1448.3352
3590 -1448.3352
3591 -1448.3352
3592 -1448.4584
3593 -1448.4584
3594 -1448.4584
3595 -1448.4584
3596 -1448.4584
3597 -1448.4584
3598 -1448.4584
3599 -1448.4584
3600 -1448.4584
3601 -1448.4584
3602 -1448.4584
3603 -1448.4584
3604 -1448.4584
3605 -1448.4584
3606 -1448.4584
3607 -1448.4584
3608 -1448.4584
3609 -1448.4584
3610 -1448.4584
3611 -1448.4584
3612 -1448.4584
3613 -1448.4584
3614 -1448.4584
3615 -1448.4584
3616 -1448.4584
3617 -1448.4584
3618 -1448.4584
3619 -1448.4584
3620 -1448.4584
3621 -1448.4584
3622 -1448.4584
3623 -1448.4584
3624 -1448.4584
3625 -1448.4584
3626 -1448.4584
3627 -1448.4584
3628 -1448.4584
3629 -1448.4584
3630 -1448.4584
3631 -1448.4584
3632 -1448.4584
3633 -1448.4584
3634 -1448.4584
3635 -1448.4584
3636 -1448.4584
3637 -1448.4584
3638 -1448.4584
3639 -1448.4584
3640 -1448.4584
3641 -1448.4584
3642 -1448.4584
3643 -1448.4584
3644 -1448.4584
3645 -1448.4584
3646 -1448.4584
3647 -1448.4584
3648 -1448.4584
3649 -1448.4584
3650 -1448.4584
3651 -1448.4584
3652 -1448.4584
3653 -1448.4584
3654 -1448.4584
3655 -1448.4584
3656 -1448.4584
3657 -1448.4584
3658 -1448.4584
3659 -1448.4584
3660 -1448.4584
3661 -1448.4584
3662 -1448.4584
3663 -1448.4584
3664 -1448.4584
3665 -1448.4584
3666 -1448.4584
3667 -1448.4584
3668 -1448.4584
3669 -1448.4584
3670 -1448.4584
3671 -1448.4584
3672 -1448.4584
3673 -1448.4584
3674 -1448.4584
3675 -1448.4584
3676 -1448.4584
3677 -1448.4584
3678 -1448.4584
3679 -1448.4584
3680 -1448.4584
3681 -1448.4584
3682 -1448.4584
3683 -1448.4584
3684 -1448.4584
3685 -1448.4584
3686 -1448.4584
3687 -1448.4584
3688 -1448.4584
3689 -1448.4584
3690 -1448.4584
3691 -1448.4584
3692 -1448.4584
3693 -1448.4584
3694 -1448.4584
3695 -1448.4584
3696 -1448.4584
3697 -1448.4584
3698 -1448.4584
3699 -1448.4584
3700 -1448.4584
3701 -1448.4584
3702 -1448.4584
3703 -1448.4584
3704 -1448.4584
3705 -1448.4584
3706 -1448.4584
3707 -1448.4584
3708 -1448.4584
3709 -1448.4584
3710 -1448.4584
3711 -1448.4584
3712 -1448.4584
3713 -1448.4584
3714 -1448.4584
3715 -1448.4584
3716 -1448.4584
3717 -1448.6029
3718 -1448.6029
3719 -1448.6029
3720 -1448.6029
3721 -1448.6029
3722 -1448.6029
3723 -1448.6029
3724 -1448.6029
3725 -1448.6029
3726 -1448.6029
3727 -1448.6029
3728 -1448.6029
3729 -1448.6029
3730 -1448.6029
3731 -1448.6029
3732 -1448.6029
3733 -1448.6029
3734 -1448.6029
3735 -1448.6029
3736 -1448.6029
3737 -1448.6029
3738 -1448.6029
3739 -1448.6029
3740 -1448.6029
3741 -1448.6029
3742 -1448.6029
3743 -1448.6029
3744 -1448.6029
3745 -1448.6029
3746 -1448.6029
3747 -1448.6029
3748 -1448.6029
3749 -1448.6029
3750 -1448.6029
3751 -1448.6029
3752 -1448.6029
3753 -1448.6029
3754 -1448.6029
3755 -1448.6029
3756 -1448.6029
3757 -1448.6029
3758 -1448.6029
3759 -1448.6029
3760 -1448.6029
3761 -1448.6029
3762 -1448.6029
3763 -1448.6029
3764 -1448.6029
3765 -1448.6029
3766 -1448.6029
3767 -1448.6029
3768 -1448.6029
3769 -1448.6029
3770 -1448.6029
3771 -1448.6029
3772 -1448.6029
3773 -1448.6029
3774 -1448.6029
3775 -1448.6029
3776 -1448.6029
3777 -1448.6029
3778 -1448.6029
3779 -1448.6029
3780 -1448.6029
3781 -1448.6029
3782 -1448.6029
3783 -1448.6029
3784 -1448.6029
3785 -1448.6029
3786 -1448.6029
3787 -1448.6029
3788 -1448.6029
3789 -1448.6029
3790 -1448.6029
3791 -1448.6029
3792 -1448.6029
3793 -1448.6029
3794 -1448.6029
3795 -1448.6029
3796 -1448.6029
3797 -1448.6029
3798 -1448.6029
3799 -1448.6029
3800 -1448.6029
3801 -1448.6029
3802 -1448.6029
3803 -1448.6029
3804 -1448.6029
3805 -1448.6029
3806 -1448.6029
3807 -1448.6029
3808 -1448.6029
3809 -1448.6029
3810 -1448.6029
3811 -1448.6029
3812 -1448.6029
3813 -1448.6029
3814 -1448.6029
3815 -1448.6029
3816 -1448.6029
3817 -1448.6029
3818 -1448.6029
3819 -1448.6029
3820 -1448.6029
3821 -1448.6029
3822 -1448.6029
3823 -1448.6029
3824 -1448.6029
3825 -1448.6029
3826 -1448.6029
3827 -1448.6029
3828 -1448.6029
3829 -1448.6029
3830 -1448.6029
3831 -1448.6029
3832 -1448.6029
3833 -1448.6029
3834 -1448.6029
3835 -1448.6029
3836 -1448.6029
3837 -1448.6029
3838 -1448.6029
3839 -1448.6029
3840 -1448.6029
3841 -1448.6029
3842 -1448.6029
3843 -1448.5961
3844 -1448.5961
3845 -1448.5961
3846 -1448.5961
3847 -1448.5961
3848 -1448.5961
3849 -1448.5961
3850 -1448.5961
3851 -1448.5961
3852 -1448.5961
3853 -1448.5961
3854 -1448.5961
3855 -1448.5961
3856 -1448.5961
3857 -1448.5961
3858 -1448.5961
3859 -1448.5961
3860 -1448.5961
3861 -1448.5961
3862 -1448.5961
3863 -1448.5961
3864 -1448.5961
3865 -1448.5961
3866 -1448.5961
3867 -1448.5961
3868 -1448.5961
3869 -1448.5961
3870 -1448.5961
3871 -1448.5961
3872 -1448.5961
3873 -1448.5961
3874 -1448.5961
3875 -1448.5961
3876 -1448.5961
3877 -1448.5961
3878 -1448.5961
3879 -1448.5961
3880 -1448.5961
3881 -1448.5961
3882 -1448.5961
3883 -1448.5961
3884 -1448.5961
3885 -1448.5961
3886 -1448.5961
3887 -1448.5961
3888 -1448.7533
3889 -1448.7533
3890 -1448.7533
3891 -1448.7533
3892 -1448.7533
3893 -1448.7533
3894 -1448.7533
3895 -1448.7533
3896 -1448.7533
3897 -1448.7533
3898 -1448.7533
3899 -1448.7533
3900 -1448.7533
3901 -1448.7533
3902 -1448.7533
3903 -1448.7533
3904 -1448.7533
3905 -1448.7533
3906 -1448.7533
3907 -1448.7533
3908 -1448.7533
3909 -1448.7533
3910 -1448.7533
3911 -1448.7533
3912 -1448.7533
3913 -1448.7533
3914 -1448.7533
3915 -1448.7533
3916 -1448.7533
3917 -1448.7533
3918 -1448.7533
3919 -1448.7533
3920 -1448.7533
3921 -1448.7533
3922 -1448.7533
3923 -1448.7533
3924 -1448.7533
3925 -1448.7533
3926 -1448.7533
3927 -1448.7533
3928 -1448.7533
3929 -1448.7533
3930 -1448.7533
3931 -1448.7533
3932 -1448.7533
3933 -1448.7533
3934 -1448.7533
3935 -1448.7533
3936 -1448.7533
3937 -1448.7533
3938 -1448.7533
3939 -1448.7533
3940 -1448.7533
3941 -1448.7533
3942 -1448.7533
3943 -1448.7533
3944 -1448.7533
3945 -1448.7533
3946 -1448.7533
3947 -1448.7533
3948 -1448.7533
3949 -1448.7533
3950 -1448.7533
3951 -1448.7533
3952 -1448.7533
3953 -1448.7533
3954 -1448.7533
3955 -1448.7533
3956 -1448.7533
3957 -1448.7533
3958 -1448.7533
3959 -1448.7533
3960 -1448.7533
3961 -1448.7533
3962 -1448.7533
3963 -1448.7533
3964 -1448.7533
3965 -1448.7533
3966 -1448.7533
3967 -1448.7533
3968 -1448.7533
3969 -1448.7533
3970 -1448.7533
3971 -1448.7533
3972 -1448.7533
3973 -1448.7533
3974 -1448.7533
3975 -1448.7533
3976 -1448.7533
3977 -1448.7533
3978 -1448.7533
3979 -1448.7533
3980 -1448.7533
3981 -1448.7533
3982 -1448.7533
3983 -1448.7533
3984 -1448.7533
3985 -1448.7533
3986 -1448.7533
3987 -1448.7533
3988 -1448.7533
3989 -1448.7533
3990 -1448.7533
3991 -1448.7533
3992 -1448.7533
3993 -1449.718
3994 -1449.718
3995 -1449.718
3996 -1449.718
3997 -1449.718
3998 -1449.718
3999 -1449.718
4000 -1449.718
4001 -1449.718
4002 -1449.718
4003 -1449.718
4004 -1449.718
4005 -1449.718
4006 -1449.718
4007 -1449.718
4008 -1449.718
4009 -1449.718
4010 -1449.718
4011 -1449.718
4012 -1449.718
4013 -1449.718
4014 -1449.718
4015 -1449.718
4016 -1449.718
4017 -1449.718
4018 -1449.718
4019 -1449.718
4020 -1449.718
4021 -1449.718
4022 -1449.718
4023 -1449.718
4024 -1449.718
4025 -1449.718
4026 -1449.718
4027 -1449.718
4028 -1449.718
4029 -1449.718
4030 -1449.718
4031 -1449.718
4032 -1449.718
4033 -1449.718
4034 -1449.718
4035 -1449.718
4036 -1449.718
4037 -1449.718
4038 -1449.718
4039 -1449.718
4040 -1449.718
4041 -1449.9037
4042 -1449.9037
4043 -1449.9037
4044 -1449.9037
4045 -1449.9037
4046 -1449.9037
4047 -1449.9037
4048 -1449.9037
4049 -1449.9037
4050 -1449.9037
4051 -1449.9037
4052 -1449.9037
4053 -1449.9037
4054 -1449.9037
4055 -1449.9037
4056 -1449.9037
4057 -1449.9037
4058 -1449.9037
4059 -1449.9037
4060 -1449.9037
4061 -1449.9037
4062 -1449.9037
4063 -1449.9037
4064 -1449.9037
4065 -1449.9037
4066 -1449.9037
4067 -1449.9037
4068 -1449.9037
4069 -1449.9037
4070 -1449.9037
4071 -1449.9037
4072 -1449.9037
4073 -1449.9037
4074 -1449.9037
4075 -1449.9037
4076 -1449.9037
4077 -1449.9037
4078 -1449.9037
4079 -1449.9037
4080 -1449.9037
4081 -1449.9037
4082 -1449.9037
4083 -1449.9037
4084 -1449.9037
4085 -1449.9037
4086 -1449.9037
4087 -1449.9037
4088 -1449.9037
4089 -1449.9037
4090 -1449.9037
4091 -1449.9037
4092 -1449.9037
4093 -1449.9037
4094 -1450.0312
4095 -1450.0312
4096 -1450.0312
4097 -1450.0312
4098 -1450.0312
4099 -1450.0312
4100 -1450.0312
4101 -1450.0312
4102 -1450.0312
4103 -1450.0312
4104 -1450.0312
4105 -1450.0312
4106 -1450.0312
4107 -1450.0312
4108 -1450.0312
4109 -1450.0312
4110 -1450.0312
4111 -1450.0312
4112 -1450.0312
4113 -1450.0312
4114 -1450.0312
4115 -1450.0312
4116 -1450.0312
4117 -1450.0312
4118 -1450.0312
4119 -1450.0312
4120 -1450.0312
4121 -1450.0312
4122 -1450.0312
4123 -1450.0312
4124 -1450.0312
4125 -1450.0312
4126 -1450.0312
4127 -1450.0312
4128 -1450.0312
4129 -1450.0312
4130 -1450.4088
4131 -1450.4088
4132 -1450.4088
4133 -1450.4088
4134 -1450.4088
4135 -1450.4088
4136 -1450.4088
4137 -1450.4088
4138 -1450.4088
4139 -1450.4088
4140 -1450.4088
4141 -1450.4088
4142 -1450.4088
4143 -1450.4088
4144 -1450.4088
4145 -1450.4088
4146 -1450.4088
4147 -1450.4088
4148 -1450.4088
4149 -1450.4088
4150 -1450.4088
4151 -1450.4088
4152 -1450.4088
4153 -1450.4088
4154 -1450.4088
4155 -1450.4088
4156 -1450.4088
4157 -1450.4088
4158 -1450.4088
4159 -1450.4088
4160 -1450.4088
4161 -1450.4088
4162 -1450.4088
4163 -1450.4088
4164 -1450.4088
4165 -1450.9598
4166 -1450.9598
4167 -1450.9598
4168 -1450.9598
4169 -1450.9598
4170 -1450.9598
4171 -1450.9598
4172 -1450.9598
4173 -1450.9598
4174 -1450.9598
4175 -1450.9598
4176 -1450.9598
4177 -1450.9598
4178 -1450.9598
4179 -1450.9598
4180 -1450.9598
4181 -1450.9598
4182 -1450.9598
4183 -1450.9598
4184 -1450.9598
4185 -1450.9598
4186 -1450.9598
4187 -1450.9598
4188 -1450.9598
4189 -1450.9598
4190 -1450.9598
4191 -1450.9598
4192 -1450.9598
4193 -1450.9598
4194 -1450.9598
4195 -1450.9598
4196 -1450.9598
4197 -1450.9598
4198 -1450.9598
4199 -1450.9598
4200 -1450.9598
4201 -1450.9598
4202 -1450.9598
4203 -1450.9598
4204 -1450.9598
4205 -1450.9598
4206 -1450.9598
4207 -1450.9598
4208 -1450.9598
4209 -1450.9598
4210 -1450.9598
4211 -1450.9598
4212 -1450.9598
4213 -1450.9598
4214 -1450.9598
4215 -1450.9598
4216 -1450.9598
4217 -1450.9598
4218 -1450.9598
4219 -1450.9598
4220 -1450.9598
4221 -1450.9598
4222 -1450.9598
4223 -1450.9598
4224 -1450.9598
4225 -1450.9598
4226 -1450.9598
4227 -1450.9598
4228 -1450.9598
4229 -1450.9598
4230 -1450.9598
4231 -1450.9598
4232 -1450.9598
4233 -1451.357
4234 -1451.357
4235 -1451.357
4236 -1451.357
4237 -1451.357
4238 -1451.357
4239 -1451.357
4240 -1451.357
4241 -1451.357
4242 -1451.357
4243 -1451.357
4244 -1451.357
4245 -1451.357
4246 -1451.357
4247 -1451.357
4248 -1451.357
4249 -1451.357
4250 -1451.357
4251 -1451.357
4252 -1451.357
4253 -1451.357
4254 -1451.357
4255 -1451.357
4256 -1451.357
4257 -1451.357
4258 -1451.357
4259 -1451.357
4260 -1451.357
4261 -1451.357
4262 -1451.357
4263 -1451.357
4264 -1451.357
4265 -1451.357
4266 -1451.357
4267 -1451.357
4268 -1451.357
4269 -1451.357
4270 -1451.357
4271 -1451.357
4272 -1451.357
4273 -1451.357
4274 -1451.357
4275 -1451.357
4276 -1451.357
4277 -1451.357
4278 -1451.357
4279 -1451.357
4280 -1451.357
4281 -1451.357
4282 -1451.357
4283 -1451.357
4284 -1451.357
4285 -1451.357
4286 -1451.357
4287 -1451.357
4288 -1451.357
4289 -1451.357
4290 -1451.357
4291 -1451.357
4292 -1451.357
4293 -1451.357
4294 -1451.357
4295 -1451.357
4296 -1451.357
4297 -1451.357
4298 -1451.357
4299 -1451.357
4300 -1451.357
4301 -1451.357
4302 -1451.357
4303 -1451.357
4304 -1451.357
4305 -1451.357
4306 -1451.357
4307 -1451.357
4308 -1451.357
4309 -1451.357
4310 -1451.357
4311 -1451.357
4312 -1451.357
4313 -1451.357
4314 -1451.357
4315 -1451.357
4316 -1451.357
4317 -1451.357
4318 -1451.357
4319 -1451.357
4320 -1451.357
4321 -1451.357
4322 -1451.357
4323 -1451.357
4324 -1451.357
4325 -1451.357
4326 -1451.357
4327 -1451.357
4328 -1451.357
4329 -1451.357
4330 -1451.357
4331 -1451.357
4332 -1451.357
4333 -1451.357
4334 -1451.357
4335 -1451.357
4336 -1451.3595
4337 -1451.3595
4338 -1451.3595
4339 -1451.3595
4340 -1451.3595
4341 -1451.3595
4342 -1451.3595
4343 -1451.3595
4344 -1451.3595
4345 -1451.3595
4346 -1451.72
4347 -1451.72
4348 -1451.72
4349 -1451.72
4350 -1451.72
4351 -1451.72
4352 -1451.72
4353 -1451.72
4354 -1451.72
4355 -1451.72
4356 -1451.72
4357 -1451.72
4358 -1451.72
4359 -1451.72
4360 -1451.72
4361 -1451.72
4362 -1451.72
4363 -1451.72
4364 -1451.72
4365 -1451.72
4366 -1451.72
4367 -1451.72
4368 -1451.72
4369 -1451.72
4370 -1451.72
4371 -1451.72
4372 -1451.72
4373 -1451.72
4374 -1451.72
4375 -1451.72
4376 -1451.72
4377 -1451.72
4378 -1451.72
4379 -1451.72
4380 -1451.72
4381 -1451.72
4382 -1451.72
4383 -1451.72
4384 -1451.72
4385 -1451.72
4386 -1451.72
4387 -1451.72
4388 -1451.72
4389 -1451.72
4390 -1451.72
4391 -1451.72
4392 -1451.72
4393 -1451.72
4394 -1451.72
4395 -1451.72
4396 -1451.72
4397 -1451.72
4398 -1451.72
4399 -1451.72
4400 -1451.72
4401 -1451.72
4402 -1451.72
4403 -1451.72
4404 -1451.72
4405 -1451.72
4406 -1451.72
4407 -1451.72
4408 -1451.72
4409 -1451.72
4410 -1451.72
4411 -1451.72
4412 -1451.72
4413 -1451.72
4414 -1451.72
4415 -1451.72
4416 -1451.72
4417 -1451.72
4418 -1451.72
4419 -1451.72
4420 -1451.72
4421 -1451.72
4422 -1451.72
4423 -1451.72
4424 -1451.72
4425 -1451.72
4426 -1451.72
4427 -1451.72
4428 -1451.72
4429 -1451.72
4430 -1451.72
4431 -1451.72
4432 -1451.72
4433 -1451.72
4434 -1451.72
4435 -1451.72
4436 -1451.72
4437 -1451.72
4438 -1451.72
4439 -1451.72
4440 -1451.72
4441 -1451.72
4442 -1451.72
4443 -1451.72
4444 -1451.72
4445 -1451.72
4446 -1451.72
4447 -1451.72
4448 -1451.72
4449 -1451.72
4450 -1451.72
4451 -1451.72
4452 -1451.72
4453 -1451.72
4454 -1451.72
4455 -1451.72
4456 -1451.72
4457 -1451.72
4458 -1451.72
4459 -1451.72
4460 -1451.72
4461 -1451.72
4462 -1451.72
4463 -1451.72
4464 -1451.72
4465 -1451.72
4466 -1451.72
4467 -1451.72
4468 -1451.72
4469 -1451.72
4470 -1451.72
4471 -1451.72
4472 -1451.72
4473 -1451.72
4474 -1451.72
4475 -1451.72
4476 -1451.72
4477 -1451.72
4478 -1451.72
4479 -1451.72
4480 -1451.72
4481 -1451.72
4482 -1451.72
4483 -1451.72
4484 -1451.72
4485 -1451.72
4486 -1451.72
4487 -1451.72
4488 -1451.72
4489 -1451.72
4490 -1451.72
4491 -1452.6571
4492 -1452.6571
4493 -1452.6571
4494 -1452.6571
4495 -1452.6571
4496 -1452.6571
4497 -1452.6571
4498 -1452.6571
4499 -1452.6571
4500 -1452.6571
4501 -1452.6571
4502 -1452.6571
4503 -1452.6571
4504 -1452.6571
4505 -1452.6571
4506 -1452.6571
4507 -1452.6571
4508 -1452.6571
4509 -1452.6571
4510 -1452.6571
4511 -1452.6571
4512 -1452.6571
4513 -1452.6571
4514 -1452.6571
4515 -1452.6571
4516 -1452.6571
4517 -1452.6571
4518 -1452.6571
4519 -1452.6571
4520 -1452.6571
4521 -1452.6571
4522 -1452.6571
4523 -1452.6571
4524 -1452.6571
4525 -1452.6571
4526 -1452.6571
4527 -1452.6571
4528 -1452.6571
4529 -1452.6571
4530 -1452.6571
4531 -1452.6571
4532 -1452.6571
4533 -1452.6571
4534 -1452.6571
4535 -1452.6571
4536 -1452.6571
4537 -1452.6571
4538 -1452.6571
4539 -1452.6571
4540 -1452.6571
4541 -1452.6571
4542 -1452.6571
4543 -1452.6571
4544 -1452.6571
4545 -1452.6571
4546 -1452.978
4547 -1452.978
4548 -1452.978
4549 -1452.978
4550 -1452.978
4551 -1452.978
4552 -1452.978
4553 -1452.978
4554 -1452.978
4555 -1452.978
4556 -1452.978
4557 -1453.0428
4558 -1453.0428
4559 -1453.0428
4560 -1453.0428
4561 -1453.2257
4562 -1453.2257
4563 -1453.2257
4564 -1453.2257
4565 -1453.2257
4566 -1453.2257
4567 -1453.2257
4568 -1453.2257
4569 -1453.2257
4570 -1453.2257
4571 -1453.2257
4572 -1453.2257
4573 -1453.2257
4574 -1453.2257
4575 -1453.2257
4576 -1453.2257
4577 -1453.2257
4578 -1453.2257
4579 -1453.2257
4580 -1453.2257
4581 -1453.2257
4582 -1453.2257
4583 -1453.2257
4584 -1453.2257
4585 -1453.2257
4586 -1453.2257
4587 -1453.2257
4588 -1453.2257
4589 -1453.2257
4590 -1453.2257
4591 -1453.2257
4592 -1453.2257
4593 -1453.2257
4594 -1453.2257
4595 -1453.2257
4596 -1453.2257
4597 -1453.2257
4598 -1453.2257
4599 -1453.2257
4600 -1453.2257
4601 -1453.2257
4602 -1453.2257
4603 -1453.2257
4604 -1453.2257
4605 -1453.2257
4606 -1453.2257
4607 -1453.2257
4608 -1453.2257
4609 -1453.2257
4610 -1453.2257
4611 -1453.2257
4612 -1453.2257
4613 -1453.2257
4614 -1453.2257
4615 -1453.2257
4616 -1453.2257
4617 -1453.2257
4618 -1453.2257
4619 -1453.2257
4620 -1453.2257
4621 -1453.2257
4622 -1453.2257
4623 -1453.2257
4624 -1453.2257
4625 -1453.2257
4626 -1453.2257
4627 -1453.2257
4628 -1453.2257
4629 -1453.2257
4630 -1453.2257
4631 -1453.2257
4632 -1453.2257
4633 -1453.2257
4634 -1453.2257
4635 -1453.2257
4636 -1453.2257
4637 -1453.2257
4638 -1453.2257
4639 -1453.2257
4640 -1453.2257
4641 -1453.2257
4642 -1453.2257
4643 -1453.2257
4644 -1453.2257
4645 -1453.2257
4646 -1453.2257
4647 -1453.2257
4648 -1453.2257
4649 -1453.2257
4650 -1453.2257
4651 -1453.2257
4652 -1453.2257
4653 -1453.2257
4654 -1453.2257
4655 -1453.2257
4656 -1453.2257
4657 -1453.2257
4658 -1453.2257
4659 -1453.2257
4660 -1453.2257
4661 -1453.2257
4662 -1453.2257
4663 -1453.2257
4664 -1453.2257
4665 -1453.2257
4666 -1453.2257
4667 -1453.2257
4668 -1453.2257
4669 -1453.2257
4670 -1453.2257
4671 -1453.2257
4672 -1453.2257
4673 -1453.2257
4674 -1453.2257
4675 -1453.2257
4676 -1453.2257
4677 -1453.2257
4678 -1453.2257
4679 -1453.2257
4680 -1453.2257
4681 -1453.2257
4682 -1453.2257
4683 -1453.2257
4684 -1453.2257
4685 -1453.2257
4686 -1453.2257
4687 -1453.2257
4688 -1453.2257
4689 -1453.2257
4690 -1453.2257
4691 -1453.2257
4692 -1453.2257
4693 -1453.2257
4694 -1453.2257
4695 -1453.2257
4696 -1453.2257
4697 -1453.2257
4698 -1453.2257
4699 -1453.2257
4700 -1453.2257
4701 -1453.2257
4702 -1453.2257
4703 -1453.2257
4704 -1453.2257
4705 -1453.268
4706 -1453.268
4707 -1453.268
4708 -1453.268
4709 -1453.268
4710 -1453.268
4711 -1453.268
4712 -1453.268
4713 -1453.268
4714 -1453.268
4715 -1453.268
4716 -1453.268
4717 -1453.268
4718 -1453.268
4719 -1453.268
4720 -1453.268
4721 -1453.268
4722 -1453.268
4723 -1453.268
4724 -1453.268
4725 -1453.268
4726 -1453.268
4727 -1453.268
4728 -1453.268
4729 -1453.268
4730 -1453.268
4731 -1453.268
4732 -1453.268
4733 -1453.268
4734 -1453.268
4735 -1453.268
4736 -1453.268
4737 -1453.268
4738 -1453.268
4739 -1453.268
4740 -1453.268
4741 -1453.268
4742 -1453.268
4743 -1453.268
4744 -1453.268
4745 -1453.268
4746 -1453.268
4747 -1453.268
4748 -1453.268
4749 -1453.268
4750 -1453.268
4751 -1453.268
4752 -1453.268
4753 -1453.268
4754 -1453.268
4755 -1453.268
4756 -1453.268
4757 -1453.268
4758 -1453.268
4759 -1453.268
4760 -1453.268
4761 -1453.268
4762 -1453.268
4763 -1453.268
4764 -1453.268
4765 -1453.268
4766 -1453.268
4767 -1453.268
4768 -1453.268
4769 -1453.268
4770 -1453.268
4771 -1453.268
4772 -1453.268
4773 -1453.268
4774 -1453.268
4775 -1453.268
4776 -1453.268
4777 -1453.268
4778 -1453.8388
4779 -1453.8388
4780 -1453.8388
4781 -1453.8388
4782 -1453.8388
4783 -1453.8388
4784 -1453.8388
4785 -1453.8388
4786 -1453.8388
4787 -1453.8388
4788 -1453.8388
4789 -1453.8388
4790 -1453.8388
4791 -1453.8388
4792 -1453.8388
4793 -1453.8388
4794 -1453.8388
4795 -1453.8388
4796 -1453.8388
4797 -1453.8388
4798 -1453.8388
4799 -1453.8388
4800 -1453.8388
4801 -1453.8388
4802 -1453.8388
4803 -1453.8388
4804 -1453.8388
4805 -1453.8388
4806 -1453.8388
4807 -1453.8388
4808 -1453.8388
4809 -1453.8388
4810 -1453.8388
4811 -1453.8388
4812 -1453.8388
4813 -1453.8388
4814 -1453.8388
4815 -1453.8388
4816 -1453.8388
4817 -1453.8388
4818 -1453.8388
4819 -1453.8388
4820 -1453.8388
4821 -1453.8388
4822 -1453.8388
4823 -1453.8388
4824 -1453.8388
4825 -1453.8388
4826 -1453.8388
4827 -1453.8388
4828 -1453.8388
4829 -1453.8388
4830 -1453.8388
4831 -1453.8388
4832 -1453.8388
4833 -1453.8388
4834 -1453.8388
4835 -1453.8388
4836 -1453.8388
4837 -1453.8388
4838 -1453.8388
4839 -1453.8388
4840 -1453.8388
4841 -1453.8388
4842 -1453.8388
4843 -1453.8388
4844 -1453.8388
4845 -1453.8388
4846 -1453.8388
4847 -1453.8388
4848 -1453.8388
4849 -1453.8388
4850 -1453.8388
4851 -1453.8388
4852 -1453.8388
4853 -1453.8388
4854 -1453.8388
4855 -1453.8388
4856 -1453.8388
4857 -1453.8388
4858 -1453.8388
4859 -1453.8388
4860 -1453.8388
4861 -1453.8388
4862 -1453.8388
4863 -1453.8388
4864 -1453.8388
4865 -1453.8388
4866 -1453.8388
4867 -1453.8388
4868 -1453.8388
4869 -1453.8388
4870 -1453.8388
4871 -1453.8388
4872 -1454.4613
4873 -1454.4613
4874 -1454.4613
4875 -1454.4613
4876 -1454.4613
4877 -1454.4613
4878 -1454.4613
4879 -1455.1812
4880 -1455.1812
4881 -1455.1812
4882 -1455.1812
4883 -1455.1812
4884 -1455.1812
4885 -1455.1812
4886 -1455.1812
4887 -1455.1812
4888 -1455.1812
4889 -1455.1812
4890 -1455.1812
4891 -1455.1812
4892 -1455.1812
4893 -1455.1812
4894 -1455.1812
4895 -1455.1812
4896 -1455.1812
4897 -1455.1812
4898 -1455.1812
4899 -1455.1812
4900 -1455.1812
4901 -1455.1812
4902 -1455.1812
4903 -1455.1812
4904 -1455.1812
4905 -1455.1812
4906 -1455.1812
4907 -1455.5104
4908 -1455.5104
4909 -1455.5104
4910 -1455.5104
4911 -1455.5104
4912 -1455.5104
4913 -1455.5104
4914 -1455.5104
4915 -1455.5104
4916 -1455.5104
4917 -1455.5104
4918 -1455.5104
4919 -1455.5104
4920 -1455.5104
4921 -1455.5104
4922 -1455.5104
4923 -1455.5104
4924 -1455.5104
4925 -1455.5104
4926 -1455.5104
4927 -1455.5104
4928 -1455.5104
4929 -1455.5104
4930 -1455.5104
4931 -1455.5104
4932 -1455.5104
4933 -1455.5104
4934 -1455.5104
4935 -1455.5104
4936 -1455.5104
4937 -1455.5104
4938 -1455.5104
4939 -1455.5104
4940 -1455.5104
4941 -1455.5104
4942 -1455.5104
4943 -1455.5104
4944 -1455.5104
4945 -1455.6647
4946 -1455.6647
4947 -1455.6647
4948 -1455.6647
4949 -1455.6647
4950 -1455.6647
4951 -1455.6647
4952 -1455.6647
4953 -1455.6647
4954 -1455.6647
4955 -1455.6647
4956 -1455.6647
4957 -1455.6647
4958 -1455.6647
4959 -1455.6647
4960 -1455.6647
4961 -1455.6647
4962 -1455.6647
4963 -1455.6647
4964 -1455.6647
4965 -1455.713
4966 -1455.713
4967 -1455.713
4968 -1455.713
4969 -1455.713
4970 -1455.713
4971 -1455.713
4972 -1455.713
4973 -1455.713
4974 -1455.713
4975 -1455.713
4976 -1455.713
4977 -1455.713
4978 -1455.713
4979 -1455.713
4980 -1455.713
4981 -1455.713
4982 -1455.713
4983 -1455.713
4984 -1455.713
4985 -1455.713
4986 -1455.713
4987 -1455.713
4988 -1455.713
4989 -1455.713
4990 -1455.713
4991 -1455.713
4992 -1455.713
4993 -1455.713
4994 -1455.713
4995 -1455.713
4996 -1455.713
4997 -1455.713
4998 -1455.713
4999 -1455.713
5000 -1455.713
