1 -1355.9964
2 -1446.3573
3 -1441.1169
4 -1439.3344
5 -1448.6324
6
7
8
9
10 -1355.9964
11 -1291.4748
12 -1379.3062
13 -1394.0532
14 -1411.4293
15 -1409.0733
16 -1398.6821
17 -1423.1209
18 -1415.3205
19 -1388.0601
20 -1446.3573
21 -1440.4719
22 -1450.6649
23 -1400.747
24 -1438.0694
25 -1366.5738
26 -1449.159
27 -1447.6628
28 -1442.5843
29 -1424.7112
30 -1441.1169
31 -1432.2716
32 -1411.1977
33 -1451.4572
34 -1451.3132
35 -1441.7697
36 -1443.5387
37 -1434.3121
38 -1441.7945
39 -1449.6317
40 -1439.3344
41 -1454.9875
42 -1401.9324
43 -1457.8717
44 -1436.3727
45 -1452.889
46 -1430.4056
47 -1453.9433
48 -1435.0792
49 -1422.1248
50 -1448.6324
51
52
53
54
55
56
57
58
59
60
61
62
63
64
65
66
67
68
69
70
71
72
73
74
75
76
77
78
79
80
81
82
83
84
85
86
87
88
89
90
91
92
93
94
95
96
97
98
99
100 -1355.9964
101 -1401.6911
102 -1317.0219
103 -1361.7579
104 -1381.4377
105 -1405.634
106 -1391.9356
107 -1383.8695
108 -1275.413
109 -1341.6177
110 -1291.4748
111 -1385.1905
112 -1378.4007
113 -1382.0398
114 -1404.4174
115 -1398.7908
116 -1403.7072
117 -1393.3502
118 -1379.5781
119 -1346.8255
120 -1379.3062
121 -1409.8038
122 -1400.0462
123 -1323.5819
124 -1372.1468
125 -1405.8563
126 -1391.3887
127 -1387.7463
128 -1379.1975
129 -1409.1367
130 -1394.0532
131 -1408.0054
132 -1389.3914
133 -1399.5564
134 -1396.7703
135 -1408.6661
136 -1390.6034
137 -1381.4853
138 -1412.0306
139 -1412.2677
140 -1411.4293
141 -1380.496
142 -1408.0564
143 -1386.879
144 -1360.3863
145 -1407.1569
146 -1413.3624
147 -1408.5337
148 -1407.9068
149 -1390.1944
150 -1409.0733
151 -1366.7252
152 -1404.7176
153 -1409.8489
154 -1376.025
155 -1402.1255
156 -1396.0149
157 -1392.6001
158 -1394.5673
159 -1388.2908
160 -1398.6821
161 -1390.9925
162 -1395.8861
163 -1402.7285
164 -1391.0901
165 -1414.7182
166 -1404.3238
167 -1418.4138
168 -1418.8682
169 -1395.697
170 -1423.1209
171 -1389.5886
172 -1422.8037
173 -1423.7324
174 -1405.624
175 -1317.0017
176 -1392.4914
177 -1427.3317
178 -1416.5584
179 -1418.7754
180 -1415.3205
181 -1366.8757
182 -1414.2642
183 -1422.5142
184 -1407.6952
185 -1378.427
186 -1360.2554
187 -1419.5069
188 -1427.5714
189 -1224.9818
190 -1388.0601
191 -1384.9639
192 -1430.7581
193 -1418.3589
194 -1400.8096
195 -1413.6112
196 -1368.2891
197 -1421.8375
198 -1419.0055
199 -1404.1376
200 -1446.3573
201 -1446.953
202 -1430.3743
203 -1433.4247
204 -1436.3217
205 -1417.6245
206 -1445.4633
207 -1434.5455
208 -1435.1119
209 -1440.4321
210 -1440.4719
211 -1443.1183
212 -1448.3709
213 -1444.6676
214 -1440.4634
215 -1447.3314
216 -1441.1833
217 -1452.8189
218 -1447.0834
219 -1429.4315
220 -1450.6649
221 -1430.6116
222 -1445.6523
223 -1451.5194
224 -1437.7878
225 -1422.2615
226 -1446.9385
227 -1429.9793
228 -1391.1301
229 -1442.5371
230 -1400.747
231 -1450.8085
232 -1432.9683
233 -1445.9189
234 -1443.0379
235 -1447.6644
236 -1441.7729
237 -1448.5338
238 -1442.7573
239 -1445.3959
240 -1438.0694
241 -1452.1018
242 -1444.2682
243 -1446.7244
244 -1451.7763
245 -1406.4694
246 -1451.3315
247 -1449.7596
248 -1445.2392
249 -1440.1891
250 -1366.5738
251 -1448.7292
252 -1447.3419
253 -1425.2597
254 -1452.4327
255 -1449.8576
256 -1440.59
257 -1447.6048
258 -1440.0347
259 -1443.1799
260 -1449.159
261 -1450.8474
262 -1419.5132
263 -1435.3136
264 -1446.5179
265 -1359.5345
266 -1445.1899
267 -1448.5899
268 -1401.2855
269 -1449.4344
270 -1447.6628
271 -1386.9475
272 -1446.6719
273 -1445.7683
274 -1447.5711
275 -1446.7793
276 -1436.1093
277 -1428.4746
278 -1442.4098
279 -1450.3465
280 -1442.5843
281 -1436.642
282 -1416.8096
283 -1438.6218
284 -1424.6047
285 -1444.993
286 -1440.6111
287 -1442.5323
288 -1431.0397
289 -1436.7176
290 -1424.7112
291 -1430.5896
292 -1439.1627
293 -1415.9504
294 -1450.2993
295 -1451.7937
296 -1451.0556
297 -1447.2649
298 -1449.6248
299 -1448.9875
300 -1441.1169
301 -1451.9281
302 -1424.9938
303 -1452.6419
304 -1404.4332
305 -1443.1822
306 -1439.9095
307 -1451.8064
308 -1438.06
309 -1435.2824
310 -1432.2716
311 -1451.849
312 -1444.5918
313 -1453.5245
314 -1442.75
315 -1444.558
316 -1441.6554
317 -1452.5704
318 -1451.0101
319 -1441.7541
320 -1411.1977
321 -1443.8209
322 -1447.493
323 -1439.0698
324 -1447.534
325 -1454.0468
326 -1454.7876
327 -1452.4636
328 -1453.0853
329 -1429.0845
330 -1451.4572
331 -1453.4355
332 -1439.5691
333 -1453.4927
334 -1451.1801
335 -1428.8449
336 -1447.0917
337 -1452.866
338 -1447.3444
339 -1450.828
340 -1451.3132
341 -1450.3331
342 -1448.8658
343 -1445.4482
344 -1452.0622
345 -1421.1605
346 -1453.4546
347 -1454.3026
348 -1452.2635
349 -1453.2202
350 -1441.7697
351 -1448.1521
352 -1448.2372
353 -1444.8965
354 -1448.0719
355 -1374.2657
356 -1423.5391
357 -1259.0624
358 -1446.0795
359 -1416.3671
360 -1443.5387
361 -1439.0295
362 -1453.4681
363 -1454.8326
364 -1454.7708
365 -1449.3397
366 -1449.7728
367 -1432.7896
368 -1455.3824
369 -1450.0716
370 -1434.3121
371 -1443.0725
372 -1438.2432
373 -1450.5891
374 -1455.3921
375 -1407.519
376 -1453.3033
377 -1428.1922
378 -1454.385
379 -1455.3016
380 -1441.7945
381 -1446.4848
382 -1446.3716
383 -1452.9593
384 -1456.6654
385 -1456.6336
386 -1454.8963
387 -1445.7512
388 -1455.5566
389 -1399.478
390 -1449.6317
391 -1432.2547
392 -1455.0351
393 -1455.007
394 -1440.5432
395 -1446.5953
396 -1443.3111
397 -1451.3235
398 -1454.2095
399 -1431.0092
400 -1439.3344
401 -1423.5441
402 -1418.8159
403 -1438.768
404 -1443.1387
405 -1446.4367
406 -1378.8675
407 -1444.7229
408 -1437.5921
409 -1451.3034
410 -1454.9875
411 -1449.2944
412 -1442.726
413 -1456.443
414 -1447.4614
415 -1445.2587
416 -1435.6669
417 -1453.7705
418 -1454.5303
419 -1398.6586
420 -1401.9324
421 -1438.5341
422 -1450.8553
423 -1412.1532
424 -1455.5727
425 -1457.6499
426 -1456.7276
427 -1427.0915
428 -1458.652
429 -1449.6739
430 -1457.8717
431 -1451.2361
432 -1456.8
433 -1456.7685
434 -1456.5393
435 -1453.6902
436 -1434.4043
437 -1450.3466
438 -1434.5564
439 -1429.4399
440 -1436.3727
441 -1448.4647
442 -1439.0152
443 -1458.3904
444 -1452.3247
445 -1455.1681
446 -1446.4009
447 -1458.0605
448 -1457.3704
449 -1429.4106
450 -1452.889
451 -1433.1891
452 -1450.188
453 -1434.1272
454 -1452.9191
455 -1454.0695
456 -1445.1336
457 -1458.3853
458 -1430.2859
459 -1440.9109
460 -1430.4056
461 -1383.5157
462 -1453.2404
463 -1434.4239
464 -1454.7219
465 -1373.8206
466 -1438.9768
467 -1400.4296
468 -1441.3532
469 -1448.6175
470 -1453.9433
471 -1452.2298
472 -1437.4699
473 -1447.9301
474 -1441.8293
475 -1417.3718
476 -1449.8046
477 -1449.4393
478 -1453.2258
479 -1338.1794
480 -1435.0792
481 -1445.7259
482 -1442.4334
483 -1458.9651
484 -1456.7796
485 -1456.1049
486 -1442.3524
487 -1458.5659
488 -1454.9789
489 -1441.9851
490 -1422.1248
491 -1425.2532
492 -1457.304
493 -1450.547
494 -1436.773
495 -1454.766
496 -1447.4396
497 -1443.4792
498 -1442.0411
499 -1448.4316
500 -1448.6324
