20000
20004
20008
20012
20016
20020
20024
20028
20032
20036
20040
20044
20048
20052
20056
20060
20064
20068
20072
20076
20080
20084
20088
20092
20096
20100
20104
20108
20112
20116
20120
20124
20128
20132
20136
20140
20144
20148
20152
20156
20160
20164
20168
20172
20176
20180
20184
20188
20192
20196
20200
20204
20208
20212
20216
20220
20224
20228
20232
20236
20240
20244
20248
20252
20256
20260
20264
20268
20272
20276
20280
20284
20288
20292
20296
20300
20304
20308
20312
20316
20320
20324
20328
20332
20336
20340
20344
20348
20352
20356
20360
20364
20368
20372
20376
20380
20384
20388
20392
20396
20400
20404
20408
20412
20416
20420
20424
20428
20432
20436
20440
20444
20448
20452
20456
20460
20464
20468
20472
20476
20480
20484
20488
20492
20496
20500
20504
20508
20512
20516
20520
20524
20528
20532
20536
20540
20544
20548
20552
20556
20560
20564
20568
20572
20576
20580
20584
20588
20592
20596
20600
20604
20608
20612
20616
20620
20624
20628
20632
20636
20640
20644
20648
20652
20656
20660
20664
20668
20672
20676
20680
20684
20688
20692
20696
20700
20704
20708
20712
20716
20720
20724
20728
20732
20736
20740
20744
20748
20752
20756
20760
20764
20768
20772
20776
20780
20784
20788
20792
20796
20800
20804
20808
20812
20816
20820
20824
20828
20832
20836
20840
20844
20848
20852
20856
20860
20864
20868
20872
20876
20880
20884
20888
20892
20896
20900
20904
20908
20912
20916
20920
20924
20928
20932
20936
20940
20944
20948
20952
20956
20960
20964
20968
20972
20976
20980
20984
20988
20992
20996
21000
21004
21008
21012
21016
21020
21024
21028
21032
21036
21040
21044
21048
21052
21056
21060
21064
21068
21072
21076
21080
21084
21088
21092
21096
21100
21104
21108
21112
21116
21120
21124
21128
21132
21136
21140
21144
21148
21152
21156
21160
21164
21168
21172
21176
21180
21184
21188
21192
21196
21200
21204
21208
21212
21216
21220
21224
21228
21232
21236
21240
21244
21248
21252
21256
21260
21264
21268
21272
21276
21280
21284
21288
21292
21296
21300
21304
21308
21312
21316
21320
21324
21328
21332
21336
21340
21344
21348
21352
21356
21360
21364
21368
21372
21376
21380
21384
21388
21392
21396
21400
21404
21408
21412
21416
21420
21424
21428
21432
21436
21440
21444
21448
21452
21456
21460
21464
21468
21472
21476
21480
21484
21488
21492
21496
21500
21504
21508
21512
21516
21520
21524
21528
21532
21536
21540
21544
21548
21552
21556
21560
21564
21568
21572
21576
21580
21584
21588
21592
21596
21600
21604
21608
21612
21616
21620
21624
21628
21632
21636
21640
21644
21648
21652
21656
21660
21664
21668
21672
21676
21680
21684
21688
21692
21696
21700
21704
21708
21712
21716
21720
21724
21728
21732
21736
21740
21744
21748
21752
21756
21760
21764
21768
21772
21776
21780
21784
21788
21792
21796
21800
21804
21808
21812
21816
21820
21824
21828
21832
21836
21840
21844
21848
21852
21856
21860
21864
21868
21872
21876
21880
21884
21888
21892
21896
21900
21904
21908
21912
21916
21920
21924
21928
21932
21936
21940
21944
21948
21952
21956
21960
21964
21968
21972
21976
21980
21984
21988
21992
21996
22000
22004
22008
22012
22016
22020
22024
22028
22032
22036
22040
22044
22048
22052
22056
22060
22064
22068
22072
22076
22080
22084
22088
22092
22096
22100
22104
22108
22112
22116
22120
22124
22128
22132
22136
22140
22144
22148
22152
22156
22160
22164
22168
22172
22176
22180
22184
22188
22192
22196
22200
22204
22208
22212
22216
22220
22224
22228
22232
22236
22240
22244
22248
22252
22256
22260
22264
22268
22272
22276
22280
22284
22288
22292
22296
22300
22304
22308
22312
22316
22320
22324
22328
22332
22336
22340
22344
22348
22352
22356
22360
22364
22368
22372
22376
22380
22384
22388
22392
22396
22400
22404
22408
22412
22416
22420
22424
22428
22432
22436
22440
22444
22448
22452
22456
22460
22464
22468
22472
22476
22480
22484
22488
22492
22496
22500
22504
22508
22512
22516
22520
22524
22528
22532
22536
22540
22544
22548
22552
22556
22560
22564
22568
22572
22576
22580
22584
22588
22592
22596
22600
22604
22608
22612
22616
22620
22624
22628
22632
22636
22640
22644
22648
22652
22656
22660
22664
22668
22672
22676
22680
22684
22688
22692
22696
22700
22704
22708
22712
22716
22720
22724
22728
22732
22736
22740
22744
22748
22752
22756
22760
22764
22768
22772
22776
22780
22784
22788
22792
22796
22800
22804
22808
22812
22816
22820
22824
22828
22832
22836
22840
22844
22848
22852
22856
22860
22864
22868
22872
22876
22880
22884
22888
22892
22896
22900
22904
22908
22912
22916
22920
22924
22928
22932
22936
22940
22944
22948
22952
22956
22960
22964
22968
22972
22976
22980
22984
22988
22992
22996
23000
23004
23008
23012
23016
23020
23024
23028
23032
23036
23040
23044
23048
23052
23056
23060
23064
23068
23072
23076
23080
23084
23088
23092
23096
23100
23104
23108
23112
23116
23120
23124
23128
23132
23136
23140
23144
23148
23152
23156
23160
23164
23168
23172
23176
23180
23184
23188
23192
23196
23200
23204
23208
23212
23216
23220
23224
23228
23232
23236
23240
23244
23248
23252
23256
23260
23264
23268
23272
23276
23280
23284
23288
23292
23296
23300
23304
23308
23312
23316
23320
23324
23328
23332
23336
23340
23344
23348
23352
23356
23360
23364
23368
23372
23376
23380
23384
23388
23392
23396
23400
23404
23408
23412
23416
23420
23424
23428
23432
23436
23440
23444
23448
23452
23456
23460
23464
23468
23472
23476
23480
23484
23488
23492
23496
23500
23504
23508
23512
23516
23520
23524
23528
23532
23536
23540
23544
23548
23552
23556
23560
23564
23568
23572
23576
23580
23584
23588
23592
23596
23600
23604
23608
23612
23616
23620
23624
23628
23632
23636
23640
23644
23648
23652
23656
23660
23664
23668
23672
23676
23680
23684
23688
23692
23696
23700
23704
23708
23712
23716
23720
23724
23728
23732
23736
23740
23744
23748
23752
23756
23760
23764
23768
23772
23776
23780
23784
23788
23792
23796
23800
23804
23808
23812
23816
23820
23824
23828
23832
23836
23840
23844
23848
23852
23856
23860
23864
23868
23872
23876
23880
23884
23888
23892
23896
23900
23904
23908
23912
23916
23920
23924
23928
23932
23936
23940
23944
23948
23952
23956
23960
23964
23968
23972
23976
23980
23984
23988
23992
23996
24000
24004
24008
24012
24016
24020
24024
24028
24032
24036
24040
24044
24048
24052
24056
24060
24064
24068
24072
24076
24080
24084
24088
24092
24096
24100
24104
24108
24112
24116
24120
24124
24128
24132
24136
24140
24144
24148
24152
24156
24160
24164
24168
24172
24176
24180
24184
24188
24192
24196
24200
24204
24208
24212
24216
24220
24224
24228
24232
24236
24240
24244
24248
24252
24256
24260
24264
24268
24272
24276
24280
24284
24288
24292
24296
24300
24304
24308
24312
24316
24320
24324
24328
24332
24336
24340
24344
24348
24352
24356
24360
24364
24368
24372
24376
24380
24384
24388
24392
24396
24400
24404
24408
24412
24416
24420
24424
24428
24432
24436
24440
24444
24448
24452
24456
24460
24464
24468
24472
24476
24480
24484
24488
24492
24496
24500
24504
24508
24512
24516
24520
24524
24528
24532
24536
24540
24544
24548
24552
24556
24560
24564
24568
24572
24576
24580
24584
24588
24592
24596
24600
24604
24608
24612
24616
24620
24624
24628
24632
24636
24640
24644
24648
24652
24656
24660
24664
24668
24672
24676
24680
24684
24688
24692
24696
24700
24704
24708
24712
24716
24720
24724
24728
24732
24736
24740
24744
24748
24752
24756
24760
24764
24768
24772
24776
24780
24784
24788
24792
24796
24800
24804
24808
24812
24816
24820
24824
24828
24832
24836
24840
24844
24848
24852
24856
24860
24864
24868
24872
24876
24880
24884
24888
24892
24896
24900
24904
24908
24912
24916
24920
24924
24928
24932
24936
24940
24944
24948
24952
24956
24960
24964
24968
24972
24976
24980
24984
24988
24992
24996
25000
25004
25008
25012
25016
25020
25024
25028
25032
25036
25040
25044
25048
25052
25056
25060
25064
25068
25072
25076
25080
25084
25088
25092
25096
25100
25104
25108
25112
25116
25120
25124
25128
25132
25136
25140
25144
25148
25152
25156
25160
25164
25168
25172
25176
25180
25184
25188
25192
25196
25200
25204
25208
25212
25216
25220
25224
25228
25232
25236
25240
25244
25248
25252
25256
25260
25264
25268
25272
25276
25280
25284
25288
25292
25296
25300
25304
25308
25312
25316
25320
25324
25328
25332
25336
25340
25344
25348
25352
25356
25360
25364
25368
25372
25376
25380
25384
25388
25392
25396
25400
25404
25408
25412
25416
25420
25424
25428
25432
25436
25440
25444
25448
25452
25456
25460
25464
25468
25472
25476
25480
25484
25488
25492
25496
25500
25504
25508
25512
25516
25520
25524
25528
25532
25536
25540
25544
25548
25552
25556
25560
25564
25568
25572
25576
25580
25584
25588
25592
25596
25600
25604
25608
25612
25616
25620
25624
25628
25632
25636
25640
25644
25648
25652
25656
25660
25664
25668
25672
25676
25680
25684
25688
25692
25696
25700
25704
25708
25712
25716
25720
25724
25728
25732
25736
25740
25744
25748
25752
25756
25760
25764
25768
25772
25776
25780
25784
25788
25792
25796
25800
25804
25808
25812
25816
25820
25824
25828
25832
25836
25840
25844
25848
25852
25856
25860
25864
25868
25872
25876
25880
25884
25888
25892
25896
25900
25904
25908
25912
25916
25920
25924
25928
25932
25936
25940
25944
25948
25952
25956
25960
25964
25968
25972
25976
25980
25984
25988
25992
25996
26000
26004
26008
26012
26016
26020
26024
26028
26032
26036
26040
26044
26048
26052
26056
26060
26064
26068
26072
26076
26080
26084
26088
26092
26096
26100
26104
26108
26112
26116
26120
26124
26128
26132
26136
26140
26144
26148
26152
26156
26160
26164
26168
26172
26176
26180
26184
26188
26192
26196
26200
26204
26208
26212
26216
26220
26224
26228
26232
26236
26240
26244
26248
26252
26256
26260
26264
26268
26272
26276
26280
26284
26288
26292
26296
26300
26304
26308
26312
26316
26320
26324
26328
26332
26336
26340
26344
26348
26352
26356
26360
26364
26368
26372
26376
26380
26384
26388
26392
26396
26400
26404
26408
26412
26416
26420
26424
26428
26432
26436
26440
26444
26448
26452
26456
26460
26464
26468
26472
26476
26480
26484
26488
26492
26496
26500
26504
26508
26512
26516
26520
26524
26528
26532
26536
26540
26544
26548
26552
26556
26560
26564
26568
26572
26576
26580
26584
26588
26592
26596
26600
26604
26608
26612
26616
26620
26624
26628
26632
26636
26640
26644
26648
26652
26656
26660
26664
26668
26672
26676
26680
26684
26688
26692
26696
26700
26704
26708
26712
26716
26720
26724
26728
26732
26736
26740
26744
26748
26752
26756
26760
26764
26768
26772
26776
26780
26784
26788
26792
26796
26800
26804
26808
26812
26816
26820
26824
26828
26832
26836
26840
26844
26848
26852
26856
26860
26864
26868
26872
26876
26880
26884
26888
26892
26896
26900
26904
26908
26912
26916
26920
26924
26928
26932
26936
26940
26944
26948
26952
26956
26960
26964
26968
26972
26976
26980
26984
26988
26992
26996
27000
27004
27008
27012
27016
27020
27024
27028
27032
27036
27040
27044
27048
27052
27056
27060
27064
27068
27072
27076
27080
27084
27088
27092
27096
27100
27104
27108
27112
27116
27120
27124
27128
27132
27136
27140
27144
27148
27152
27156
27160
27164
27168
27172
27176
27180
27184
27188
27192
27196
27200
27204
27208
27212
27216
27220
27224
27228
27232
27236
27240
27244
27248
27252
27256
27260
27264
27268
27272
27276
27280
27284
27288
27292
27296
27300
27304
27308
27312
27316
27320
27324
27328
27332
27336
27340
27344
27348
27352
27356
27360
27364
27368
27372
27376
27380
27384
27388
27392
27396
27400
27404
27408
27412
27416
27420
27424
27428
27432
27436
27440
27444
27448
27452
27456
27460
27464
27468
27472
27476
27480
27484
27488
27492
27496
27500
27504
27508
27512
27516
27520
27524
27528
27532
27536
27540
27544
27548
27552
27556
27560
27564
27568
27572
27576
27580
27584
27588
27592
27596
27600
27604
27608
27612
27616
27620
27624
27628
27632
27636
27640
27644
27648
27652
27656
27660
27664
27668
27672
27676
27680
27684
27688
27692
27696
27700
27704
27708
27712
27716
27720
27724
27728
27732
27736
27740
27744
27748
27752
27756
27760
27764
27768
27772
27776
27780
27784
27788
27792
27796
27800
27804
27808
27812
27816
27820
27824
27828
27832
27836
27840
27844
27848
27852
27856
27860
27864
27868
27872
27876
27880
27884
27888
27892
27896
27900
27904
27908
27912
27916
27920
27924
27928
27932
27936
27940
27944
27948
27952
27956
27960
27964
27968
27972
27976
27980
27984
27988
27992
27996
28000
28004
28008
28012
28016
28020
28024
28028
28032
28036
28040
28044
28048
28052
28056
28060
28064
28068
28072
28076
28080
28084
28088
28092
28096
28100
28104
28108
28112
28116
28120
28124
28128
28132
28136
28140
28144
28148
28152
28156
28160
28164
28168
28172
28176
28180
28184
28188
28192
28196
28200
28204
28208
28212
28216
28220
28224
28228
28232
28236
28240
28244
28248
28252
28256
28260
28264
28268
28272
28276
28280
28284
28288
28292
28296
28300
28304
28308
28312
28316
28320
28324
28328
28332
28336
28340
28344
28348
28352
28356
28360
28364
28368
28372
28376
28380
28384
28388
28392
28396
28400
28404
28408
28412
28416
28420
28424
28428
28432
28436
28440
28444
28448
28452
28456
28460
28464
28468
28472
28476
28480
28484
28488
28492
28496
28500
28504
28508
28512
28516
28520
28524
28528
28532
28536
28540
28544
28548
28552
28556
28560
28564
28568
28572
28576
28580
28584
28588
28592
28596
28600
28604
28608
28612
28616
28620
28624
28628
28632
28636
28640
28644
28648
28652
28656
28660
28664
28668
28672
28676
28680
28684
28688
28692
28696
28700
28704
28708
28712
28716
28720
28724
28728
28732
28736
28740
28744
28748
28752
28756
28760
28764
28768
28772
28776
28780
28784
28788
28792
28796
28800
28804
28808
28812
28816
28820
28824
28828
28832
28836
28840
28844
28848
28852
28856
28860
28864
28868
28872
28876
28880
28884
28888
28892
28896
28900
28904
28908
28912
28916
28920
28924
28928
28932
28936
28940
28944
28948
28952
28956
28960
28964
28968
28972
28976
28980
28984
28988
28992
28996
29000
29004
29008
29012
29016
29020
29024
29028
29032
29036
29040
29044
29048
29052
29056
29060
29064
29068
29072
29076
29080
29084
29088
29092
29096
29100
29104
29108
29112
29116
29120
29124
29128
29132
29136
29140
29144
29148
29152
29156
29160
29164
29168
29172
29176
29180
29184
29188
29192
29196
29200
29204
29208
29212
29216
29220
29224
29228
29232
29236
29240
29244
29248
29252
29256
29260
29264
29268
29272
29276
29280
29284
29288
29292
29296
29300
29304
29308
29312
29316
29320
29324
29328
29332
29336
29340
29344
29348
29352
29356
29360
29364
29368
29372
29376
29380
29384
29388
29392
29396
29400
29404
29408
29412
29416
29420
29424
29428
29432
29436
29440
29444
29448
29452
29456
29460
29464
29468
29472
29476
29480
29484
29488
29492
29496
29500
29504
29508
29512
29516
29520
29524
29528
29532
29536
29540
29544
29548
29552
29556
29560
29564
29568
29572
29576
29580
29584
29588
29592
29596
29600
29604
29608
29612
29616
29620
29624
29628
29632
29636
29640
29644
29648
29652
29656
29660
29664
29668
29672
29676
29680
29684
29688
29692
29696
29700
29704
29708
29712
29716
29720
29724
29728
29732
29736
29740
29744
29748
29752
29756
29760
29764
29768
29772
29776
29780
29784
29788
29792
29796
29800
29804
29808
29812
29816
29820
29824
29828
29832
29836
29840
29844
29848
29852
29856
29860
29864
29868
29872
29876
29880
29884
29888
29892
29896
29900
29904
29908
29912
29916
29920
29924
29928
29932
29936
29940
29944
29948
29952
29956
29960
29964
29968
29972
29976
29980
29984
29988
29992
29996
30000
30004
30008
30012
30016
30020
30024
30028
30032
30036
30040
30044
30048
30052
30056
30060
30064
30068
30072
30076
30080
30084
30088
30092
30096
30100
30104
30108
30112
30116
30120
30124
30128
30132
30136
30140
30144
30148
30152
30156
30160
30164
30168
30172
30176
30180
30184
30188
30192
30196
30200
30204
30208
30212
30216
30220
30224
30228
30232
30236
30240
30244
30248
30252
30256
30260
30264
30268
30272
30276
30280
30284
30288
30292
30296
30300
30304
30308
30312
30316
30320
30324
30328
30332
30336
30340
30344
30348
30352
30356
30360
30364
30368
30372
30376
30380
30384
30388
30392
30396
30400
30404
30408
30412
30416
30420
30424
30428
30432
30436
30440
30444
30448
30452
30456
30460
30464
30468
30472
30476
30480
30484
30488
30492
30496
30500
30504
30508
30512
30516
30520
30524
30528
30532
30536
30540
30544
30548
30552
30556
30560
30564
30568
30572
30576
30580
30584
30588
30592
30596
30600
30604
30608
30612
30616
30620
30624
30628
30632
30636
30640
30644
30648
30652
30656
30660
30664
30668
30672
30676
30680
30684
30688
30692
30696
30700
30704
30708
30712
30716
30720
30724
30728
30732
30736
30740
30744
30748
30752
30756
30760
30764
30768
30772
30776
30780
30784
30788
30792
30796
30800
30804
30808
30812
30816
30820
30824
30828
30832
30836
30840
30844
30848
30852
30856
30860
30864
30868
30872
30876
30880
30884
30888
30892
30896
30900
30904
30908
30912
30916
30920
30924
30928
30932
30936
30940
30944
30948
30952
30956
30960
30964
30968
30972
30976
30980
30984
30988
30992
30996
31000
31004
31008
31012
31016
31020
31024
31028
31032
31036
31040
31044
31048
31052
31056
31060
31064
31068
31072
31076
31080
31084
31088
31092
31096
31100
31104
31108
31112
31116
31120
31124
31128
31132
31136
31140
31144
31148
31152
31156
31160
31164
31168
31172
31176
31180
31184
31188
31192
31196
31200
31204
31208
31212
31216
31220
31224
31228
31232
31236
31240
31244
31248
31252
31256
31260
31264
31268
31272
31276
31280
31284
31288
31292
31296
31300
31304
31308
31312
31316
31320
31324
31328
31332
31336
31340
31344
31348
31352
31356
31360
31364
31368
31372
31376
31380
31384
31388
31392
31396
31400
31404
31408
31412
31416
31420
31424
31428
31432
31436
31440
31444
31448
31452
31456
31460
31464
31468
31472
31476
31480
31484
31488
31492
31496
31500
31504
31508
31512
31516
31520
31524
31528
31532
31536
31540
31544
31548
31552
31556
31560
31564
31568
31572
31576
31580
31584
31588
31592
31596
31600
31604
31608
31612
31616
31620
31624
31628
31632
31636
31640
31644
31648
31652
31656
31660
31664
31668
31672
31676
31680
31684
31688
31692
31696
31700
31704
31708
31712
31716
31720
31724
31728
31732
31736
31740
31744
31748
31752
31756
31760
31764
31768
31772
31776
31780
31784
31788
31792
31796
31800
31804
31808
31812
31816
31820
31824
31828
31832
31836
31840
31844
31848
31852
31856
31860
31864
31868
31872
31876
31880
31884
31888
31892
31896
31900
31904
31908
31912
31916
31920
31924
31928
31932
31936
31940
31944
31948
31952
31956
31960
31964
31968
31972
31976
31980
31984
31988
31992
31996
32000
32004
32008
32012
32016
32020
32024
32028
32032
32036
32040
32044
32048
32052
32056
32060
32064
32068
32072
32076
32080
32084
32088
32092
32096
32100
32104
32108
32112
32116
32120
32124
32128
32132
32136
32140
32144
32148
32152
32156
32160
32164
32168
32172
32176
32180
32184
32188
32192
32196
32200
32204
32208
32212
32216
32220
32224
32228
32232
32236
32240
32244
32248
32252
32256
32260
32264
32268
32272
32276
32280
32284
32288
32292
32296
32300
32304
32308
32312
32316
32320
32324
32328
32332
32336
32340
32344
32348
32352
32356
32360
32364
32368
32372
32376
32380
32384
32388
32392
32396
32400
32404
32408
32412
32416
32420
32424
32428
32432
32436
32440
32444
32448
32452
32456
32460
32464
32468
32472
32476
32480
32484
32488
32492
32496
32500
32504
32508
32512
32516
32520
32524
32528
32532
32536
32540
32544
32548
32552
32556
32560
32564
32568
32572
32576
32580
32584
32588
32592
32596
32600
32604
32608
32612
32616
32620
32624
32628
32632
32636
32640
32644
32648
32652
32656
32660
32664
32668
32672
32676
32680
32684
32688
32692
32696
32700
32704
32708
32712
32716
32720
32724
32728
32732
32736
32740
32744
32748
32752
32756
32760
32764
32768
32772
32776
32780
32784
32788
32792
32796
32800
32804
32808
32812
32816
32820
32824
32828
32832
32836
32840
32844
32848
32852
32856
32860
32864
32868
32872
32876
32880
32884
32888
32892
32896
32900
32904
32908
32912
32916
32920
32924
32928
32932
32936
32940
32944
32948
32952
32956
32960
32964
32968
32972
32976
32980
32984
32988
32992
32996
33000
33004
33008
33012
33016
33020
33024
33028
33032
33036
33040
33044
33048
33052
33056
33060
33064
33068
33072
33076
33080
33084
33088
33092
33096
33100
33104
33108
33112
33116
33120
33124
33128
33132
33136
33140
33144
33148
33152
33156
33160
33164
33168
33172
33176
33180
33184
33188
33192
33196
33200
33204
33208
33212
33216
33220
33224
33228
33232
33236
33240
33244
33248
33252
33256
33260
33264
33268
33272
33276
33280
33284
33288
33292
33296
33300
33304
33308
33312
33316
33320
33324
33328
33332
33336
33340
33344
33348
33352
33356
33360
33364
33368
33372
33376
33380
33384
33388
33392
33396
33400
33404
33408
33412
33416
33420
33424
33428
33432
33436
33440
33444
33448
33452
33456
33460
33464
33468
33472
33476
33480
33484
33488
33492
33496
33500
33504
33508
33512
33516
33520
33524
33528
33532
33536
33540
33544
33548
33552
33556
33560
33564
33568
33572
33576
33580
33584
33588
33592
33596
33600
33604
33608
33612
33616
33620
33624
33628
33632
33636
33640
33644
33648
33652
33656
33660
33664
33668
33672
33676
33680
33684
33688
33692
33696
33700
33704
33708
33712
33716
33720
33724
33728
33732
33736
33740
33744
33748
33752
33756
33760
33764
33768
33772
33776
33780
33784
33788
33792
33796
33800
33804
33808
33812
33816
33820
33824
33828
33832
33836
33840
33844
33848
33852
33856
33860
33864
33868
33872
33876
33880
33884
33888
33892
33896
33900
33904
33908
33912
33916
33920
33924
33928
33932
33936
33940
33944
33948
33952
33956
33960
33964
33968
33972
33976
33980
33984
33988
33992
33996
34000
34004
34008
34012
34016
34020
34024
34028
34032
34036
34040
34044
34048
34052
34056
34060
34064
34068
34072
34076
34080
34084
34088
34092
34096
34100
34104
34108
34112
34116
34120
34124
34128
34132
34136
34140
34144
34148
34152
34156
34160
34164
34168
34172
34176
34180
34184
34188
34192
34196
34200
34204
34208
34212
34216
34220
34224
34228
34232
34236
34240
34244
34248
34252
34256
34260
34264
34268
34272
34276
34280
34284
34288
34292
34296
34300
34304
34308
34312
34316
34320
34324
34328
34332
34336
34340
34344
34348
34352
34356
34360
34364
34368
34372
34376
34380
34384
34388
34392
34396
34400
34404
34408
34412
34416
34420
34424
34428
34432
34436
34440
34444
34448
34452
34456
34460
34464
34468
34472
34476
34480
34484
34488
34492
34496
34500
34504
34508
34512
34516
34520
34524
34528
34532
34536
34540
34544
34548
34552
34556
34560
34564
34568
34572
34576
34580
34584
34588
34592
34596
34600
34604
34608
34612
34616
34620
34624
34628
34632
34636
34640
34644
34648
34652
34656
34660
34664
34668
34672
34676
34680
34684
34688
34692
34696
34700
34704
34708
34712
34716
34720
34724
34728
34732
34736
34740
34744
34748
34752
34756
34760
34764
34768
34772
34776
34780
34784
34788
34792
34796
34800
34804
34808
34812
34816
34820
34824
34828
34832
34836
34840
34844
34848
34852
34856
34860
34864
34868
34872
34876
34880
34884
34888
34892
34896
34900
34904
34908
34912
34916
34920
34924
34928
34932
34936
34940
34944
34948
34952
34956
34960
34964
34968
34972
34976
34980
34984
34988
34992
34996
35000
35004
35008
35012
35016
35020
35024
35028
35032
35036
35040
35044
35048
35052
35056
35060
35064
35068
35072
35076
35080
35084
35088
35092
35096
35100
35104
35108
35112
35116
35120
35124
35128
35132
35136
35140
35144
35148
35152
35156
35160
35164
35168
35172
35176
35180
35184
35188
35192
35196
35200
35204
35208
35212
35216
35220
35224
35228
35232
35236
35240
35244
35248
35252
35256
35260
35264
35268
35272
35276
35280
35284
35288
35292
35296
35300
35304
35308
35312
35316
35320
35324
35328
35332
35336
35340
35344
35348
35352
35356
35360
35364
35368
35372
35376
35380
35384
35388
35392
35396
35400
35404
35408
35412
35416
35420
35424
35428
35432
35436
35440
35444
35448
35452
35456
35460
35464
35468
35472
35476
35480
35484
35488
35492
35496
35500
35504
35508
35512
35516
35520
35524
35528
35532
35536
35540
35544
35548
35552
35556
35560
35564
35568
35572
35576
35580
35584
35588
35592
35596
35600
35604
35608
35612
35616
35620
35624
35628
35632
35636
35640
35644
35648
35652
35656
35660
35664
35668
35672
35676
35680
35684
35688
35692
35696
35700
35704
35708
35712
35716
35720
35724
35728
35732
35736
35740
35744
35748
35752
35756
35760
35764
35768
35772
35776
35780
35784
35788
35792
35796
35800
35804
35808
35812
35816
35820
35824
35828
35832
35836
35840
35844
35848
35852
35856
35860
35864
35868
35872
35876
35880
35884
35888
35892
35896
35900
35904
35908
35912
35916
35920
35924
35928
35932
35936
35940
35944
35948
35952
35956
35960
35964
35968
35972
35976
35980
35984
35988
35992
35996
36000
36004
36008
36012
36016
36020
36024
36028
36032
36036
36040
36044
36048
36052
36056
36060
36064
36068
36072
36076
36080
36084
36088
36092
36096
36100
36104
36108
36112
36116
36120
36124
36128
36132
36136
36140
36144
36148
36152
36156
36160
36164
36168
36172
36176
36180
36184
36188
36192
36196
36200
36204
36208
36212
36216
36220
36224
36228
36232
36236
36240
36244
36248
36252
36256
36260
36264
36268
36272
36276
36280
36284
36288
36292
36296
36300
36304
36308
36312
36316
36320
36324
36328
36332
36336
36340
36344
36348
36352
36356
36360
36364
36368
36372
36376
36380
36384
36388
36392
36396
36400
36404
36408
36412
36416
36420
36424
36428
36432
36436
36440
36444
36448
36452
36456
36460
36464
36468
36472
36476
36480
36484
36488
36492
36496
36500
36504
36508
36512
36516
36520
36524
36528
36532
36536
36540
36544
36548
36552
36556
36560
36564
36568
36572
36576
36580
36584
36588
36592
36596
36600
36604
36608
36612
36616
36620
36624
36628
36632
36636
36640
36644
36648
36652
36656
36660
36664
36668
36672
36676
36680
36684
36688
36692
36696
36700
36704
36708
36712
36716
36720
36724
36728
36732
36736
36740
36744
36748
36752
36756
36760
36764
36768
36772
36776
36780
36784
36788
36792
36796
36800
36804
36808
36812
36816
36820
36824
36828
36832
36836
36840
36844
36848
36852
36856
36860
36864
36868
36872
36876
36880
36884
36888
36892
36896
36900
36904
36908
36912
36916
36920
36924
36928
36932
36936
36940
36944
36948
36952
36956
36960
36964
36968
36972
36976
36980
36984
36988
36992
36996
37000
37004
37008
37012
37016
37020
37024
37028
37032
37036
37040
37044
37048
37052
37056
37060
37064
37068
37072
37076
37080
37084
37088
37092
37096
37100
37104
37108
37112
37116
37120
37124
37128
37132
37136
37140
37144
37148
37152
37156
37160
37164
37168
37172
37176
37180
37184
37188
37192
37196
37200
37204
37208
37212
37216
37220
37224
37228
37232
37236
37240
37244
37248
37252
37256
37260
37264
37268
37272
37276
37280
37284
37288
37292
37296
37300
37304
37308
37312
37316
37320
37324
37328
37332
37336
37340
37344
37348
37352
37356
37360
37364
37368
37372
37376
37380
37384
37388
37392
37396
37400
37404
37408
37412
37416
37420
37424
37428
37432
37436
37440
37444
37448
37452
37456
37460
37464
37468
37472
37476
37480
37484
37488
37492
37496
37500
37504
37508
37512
37516
37520
37524
37528
37532
37536
37540
37544
37548
37552
37556
37560
37564
37568
37572
37576
37580
37584
37588
37592
37596
37600
37604
37608
37612
37616
37620
37624
37628
37632
37636
37640
37644
37648
37652
37656
37660
37664
37668
37672
37676
37680
37684
37688
37692
37696
37700
37704
37708
37712
37716
37720
37724
37728
37732
37736
37740
37744
37748
37752
37756
37760
37764
37768
37772
37776
37780
37784
37788
37792
37796
37800
37804
37808
37812
37816
37820
37824
37828
37832
37836
37840
37844
37848
37852
37856
37860
37864
37868
37872
37876
37880
37884
37888
37892
37896
37900
37904
37908
37912
37916
37920
37924
37928
37932
37936
37940
37944
37948
37952
37956
37960
37964
37968
37972
37976
37980
37984
37988
37992
37996
38000
38004
38008
38012
38016
38020
38024
38028
38032
38036
38040
38044
38048
38052
38056
38060
38064
38068
38072
38076
38080
38084
38088
38092
38096
38100
38104
38108
38112
38116
38120
38124
38128
38132
38136
38140
38144
38148
38152
38156
38160
38164
38168
38172
38176
38180
38184
38188
38192
38196
38200
38204
38208
38212
38216
38220
38224
38228
38232
38236
38240
38244
38248
38252
38256
38260
38264
38268
38272
38276
38280
38284
38288
38292
38296
38300
38304
38308
38312
38316
38320
38324
38328
38332
38336
38340
38344
38348
38352
38356
38360
38364
38368
38372
38376
38380
38384
38388
38392
38396
38400
38404
38408
38412
38416
38420
38424
38428
38432
38436
38440
38444
38448
38452
38456
38460
38464
38468
38472
38476
38480
38484
38488
38492
38496
38500
38504
38508
38512
38516
38520
38524
38528
38532
38536
38540
38544
38548
38552
38556
38560
38564
38568
38572
38576
38580
38584
38588
38592
38596
38600
38604
38608
38612
38616
38620
38624
38628
38632
38636
38640
38644
38648
38652
38656
38660
38664
38668
38672
38676
38680
38684
38688
38692
38696
38700
38704
38708
38712
38716
38720
38724
38728
38732
38736
38740
38744
38748
38752
38756
38760
38764
38768
38772
38776
38780
38784
38788
38792
38796
38800
38804
38808
38812
38816
38820
38824
38828
38832
38836
38840
38844
38848
38852
38856
38860
38864
38868
38872
38876
38880
38884
38888
38892
38896
38900
38904
38908
38912
38916
38920
38924
38928
38932
38936
38940
38944
38948
38952
38956
38960
38964
38968
38972
38976
38980
38984
38988
38992
38996
39000
39004
39008
39012
39016
39020
39024
39028
39032
39036
39040
39044
39048
39052
39056
39060
39064
39068
39072
39076
39080
39084
39088
39092
39096
39100
39104
39108
39112
39116
39120
39124
39128
39132
39136
39140
39144
39148
39152
39156
39160
39164
39168
39172
39176
39180
39184
39188
39192
39196
39200
39204
39208
39212
39216
39220
39224
39228
39232
39236
39240
39244
39248
39252
39256
39260
39264
39268
39272
39276
39280
39284
39288
39292
39296
39300
39304
39308
39312
39316
39320
39324
39328
39332
39336
39340
39344
39348
39352
39356
39360
39364
39368
39372
39376
39380
39384
39388
39392
39396
39400
39404
39408
39412
39416
39420
39424
39428
39432
39436
39440
39444
39448
39452
39456
39460
39464
39468
39472
39476
39480
39484
39488
39492
39496
39500
39504
39508
39512
39516
39520
39524
39528
39532
39536
39540
39544
39548
39552
39556
39560
39564
39568
39572
39576
39580
39584
39588
39592
39596
39600
39604
39608
39612
39616
39620
39624
39628
39632
39636
39640
39644
39648
39652
39656
39660
39664
39668
39672
39676
39680
39684
39688
39692
39696
39700
39704
39708
39712
39716
39720
39724
39728
39732
39736
39740
39744
39748
39752
39756
39760
39764
39768
39772
39776
39780
39784
39788
39792
39796
39800
39804
39808
39812
39816
39820
39824
39828
39832
39836
39840
39844
39848
39852
39856
39860
39864
39868
39872
39876
39880
39884
39888
39892
39896
39900
39904
39908
39912
39916
39920
39924
39928
39932
39936
39940
39944
39948
39952
39956
39960
39964
39968
39972
39976
39980
39984
39988
39992
39996
40000
40004
40008
40012
40016
40020
40024
40028
40032
40036
40040
40044
40048
40052
40056
40060
40064
40068
40072
40076
40080
40084
40088
40092
40096
40100
40104
40108
40112
40116
40120
40124
40128
40132
40136
40140
40144
40148
40152
40156
40160
40164
40168
40172
40176
40180
40184
40188
40192
40196
40200
40204
40208
40212
40216
40220
40224
40228
40232
40236
40240
40244
40248
40252
40256
40260
40264
40268
40272
40276
40280
40284
40288
40292
40296
40300
40304
40308
40312
40316
40320
40324
40328
40332
40336
40340
40344
40348
40352
40356
40360
40364
40368
40372
40376
40380
40384
40388
40392
40396
40400
40404
40408
40412
40416
40420
40424
40428
40432
40436
40440
40444
40448
40452
40456
40460
40464
40468
40472
40476
40480
40484
40488
40492
40496
40500
40504
40508
40512
40516
40520
40524
40528
40532
40536
40540
40544
40548
40552
40556
40560
40564
40568
40572
40576
40580
40584
40588
40592
40596
40600
40604
40608
40612
40616
40620
40624
40628
40632
40636
40640
40644
40648
40652
40656
40660
40664
40668
40672
40676
40680
40684
40688
40692
40696
40700
40704
40708
40712
40716
40720
40724
40728
40732
40736
40740
40744
40748
40752
40756
40760
40764
40768
40772
40776
40780
40784
40788
40792
40796
40800
40804
40808
40812
40816
40820
40824
40828
40832
40836
40840
40844
40848
40852
40856
40860
40864
40868
40872
40876
40880
40884
40888
40892
40896
40900
40904
40908
40912
40916
40920
40924
40928
40932
40936
40940
40944
40948
40952
40956
40960
40964
40968
40972
40976
40980
40984
40988
40992
40996
41000
41004
41008
41012
41016
41020
41024
41028
41032
41036
41040
41044
41048
41052
41056
41060
41064
41068
41072
41076
41080
41084
41088
41092
41096
41100
41104
41108
41112
41116
41120
41124
41128
41132
41136
41140
41144
41148
41152
41156
41160
41164
41168
41172
41176
41180
41184
41188
41192
41196
41200
41204
41208
41212
41216
41220
41224
41228
41232
41236
41240
41244
41248
41252
41256
41260
41264
41268
41272
41276
41280
41284
41288
41292
41296
41300
41304
41308
41312
41316
41320
41324
41328
41332
41336
41340
41344
41348
41352
41356
41360
41364
41368
41372
41376
41380
41384
41388
41392
41396
41400
41404
41408
41412
41416
41420
41424
41428
41432
41436
41440
41444
41448
41452
41456
41460
41464
41468
41472
41476
41480
41484
41488
41492
41496
41500
41504
41508
41512
41516
41520
41524
41528
41532
41536
41540
41544
41548
41552
41556
41560
41564
41568
41572
41576
41580
41584
41588
41592
41596
41600
41604
41608
41612
41616
41620
41624
41628
41632
41636
41640
41644
41648
41652
41656
41660
41664
41668
41672
41676
41680
41684
41688
41692
41696
41700
41704
41708
41712
41716
41720
41724
41728
41732
41736
41740
41744
41748
41752
41756
41760
41764
41768
41772
41776
41780
41784
41788
41792
41796
41800
41804
41808
41812
41816
41820
41824
41828
41832
41836
41840
41844
41848
41852
41856
41860
41864
41868
41872
41876
41880
41884
41888
41892
41896
41900
41904
41908
41912
41916
41920
41924
41928
41932
41936
41940
41944
41948
41952
41956
41960
41964
41968
41972
41976
41980
41984
41988
41992
41996
42000
42004
42008
42012
42016
42020
42024
42028
42032
42036
42040
42044
42048
42052
42056
42060
42064
42068
42072
42076
42080
42084
42088
42092
42096
42100
42104
42108
42112
42116
42120
42124
42128
42132
42136
42140
42144
42148
42152
42156
42160
42164
42168
42172
42176
42180
42184
42188
42192
42196
42200
42204
42208
42212
42216
42220
42224
42228
42232
42236
42240
42244
42248
42252
42256
42260
42264
42268
42272
42276
42280
42284
42288
42292
42296
42300
42304
42308
42312
42316
42320
42324
42328
42332
42336
42340
42344
42348
42352
42356
42360
42364
42368
42372
42376
42380
42384
42388
42392
42396
42400
42404
42408
42412
42416
42420
42424
42428
42432
42436
42440
42444
42448
42452
42456
42460
42464
42468
42472
42476
42480
42484
42488
42492
42496
42500
42504
42508
42512
42516
42520
42524
42528
42532
42536
42540
42544
42548
42552
42556
42560
42564
42568
42572
42576
42580
42584
42588
42592
42596
42600
42604
42608
42612
42616
42620
42624
42628
42632
42636
42640
42644
42648
42652
42656
42660
42664
42668
42672
42676
42680
42684
42688
42692
42696
42700
42704
42708
42712
42716
42720
42724
42728
42732
42736
42740
42744
42748
42752
42756
42760
42764
42768
42772
42776
42780
42784
42788
42792
42796
42800
42804
42808
42812
42816
42820
42824
42828
42832
42836
42840
42844
42848
42852
42856
42860
42864
42868
42872
42876
42880
42884
42888
42892
42896
42900
42904
42908
42912
42916
42920
42924
42928
42932
42936
42940
42944
42948
42952
42956
42960
42964
42968
42972
42976
42980
42984
42988
42992
42996
43000
43004
43008
43012
43016
43020
43024
43028
43032
43036
43040
43044
43048
43052
43056
43060
43064
43068
43072
43076
43080
43084
43088
43092
43096
43100
43104
43108
43112
43116
43120
43124
43128
43132
43136
43140
43144
43148
43152
43156
43160
43164
43168
43172
43176
43180
43184
43188
43192
43196
43200
43204
43208
43212
43216
43220
43224
43228
43232
43236
43240
43244
43248
43252
43256
43260
43264
43268
43272
43276
43280
43284
43288
43292
43296
43300
43304
43308
43312
43316
43320
43324
43328
43332
43336
43340
43344
43348
43352
43356
43360
43364
43368
43372
43376
43380
43384
43388
43392
43396
43400
43404
43408
43412
43416
43420
43424
43428
43432
43436
43440
43444
43448
43452
43456
43460
43464
43468
43472
43476
43480
43484
43488
43492
43496
43500
43504
43508
43512
43516
43520
43524
43528
43532
43536
43540
43544
43548
43552
43556
43560
43564
43568
43572
43576
43580
43584
43588
43592
43596
43600
43604
43608
43612
43616
43620
43624
43628
43632
43636
43640
43644
43648
43652
43656
43660
43664
43668
43672
43676
43680
43684
43688
43692
43696
43700
43704
43708
43712
43716
43720
43724
43728
43732
43736
43740
43744
43748
43752
43756
43760
43764
43768
43772
43776
43780
43784
43788
43792
43796
43800
43804
43808
43812
43816
43820
43824
43828
43832
43836
43840
43844
43848
43852
43856
43860
43864
43868
43872
43876
43880
43884
43888
43892
43896
43900
43904
43908
43912
43916
43920
43924
43928
43932
43936
43940
43944
43948
43952
43956
43960
43964
43968
43972
43976
43980
43984
43988
43992
43996
44000
44004
44008
44012
44016
44020
44024
44028
44032
44036
44040
44044
44048
44052
44056
44060
44064
44068
44072
44076
44080
44084
44088
44092
44096
44100
44104
44108
44112
44116
44120
44124
44128
44132
44136
44140
44144
44148
44152
44156
44160
44164
44168
44172
44176
44180
44184
44188
44192
44196
44200
44204
44208
44212
44216
44220
44224
44228
44232
44236
44240
44244
44248
44252
44256
44260
44264
44268
44272
44276
44280
44284
44288
44292
44296
44300
44304
44308
44312
44316
44320
44324
44328
44332
44336
44340
44344
44348
44352
44356
44360
44364
44368
44372
44376
44380
44384
44388
44392
44396
44400
44404
44408
44412
44416
44420
44424
44428
44432
44436
44440
44444
44448
44452
44456
44460
44464
44468
44472
44476
44480
44484
44488
44492
44496
44500
44504
44508
44512
44516
44520
44524
44528
44532
44536
44540
44544
44548
44552
44556
44560
44564
44568
44572
44576
44580
44584
44588
44592
44596
44600
44604
44608
44612
44616
44620
44624
44628
44632
44636
44640
44644
44648
44652
44656
44660
44664
44668
44672
44676
44680
44684
44688
44692
44696
44700
44704
44708
44712
44716
44720
44724
44728
44732
44736
44740
44744
44748
44752
44756
44760
44764
44768
44772
44776
44780
44784
44788
44792
44796
44800
44804
44808
44812
44816
44820
44824
44828
44832
44836
44840
44844
44848
44852
44856
44860
44864
44868
44872
44876
44880
44884
44888
44892
44896
44900
44904
44908
44912
44916
44920
44924
44928
44932
44936
44940
44944
44948
44952
44956
44960
44964
44968
44972
44976
44980
44984
44988
44992
44996
45000
45004
45008
45012
45016
45020
45024
45028
45032
45036
45040
45044
45048
45052
45056
45060
45064
45068
45072
45076
45080
45084
45088
45092
45096
45100
45104
45108
45112
45116
45120
45124
45128
45132
45136
45140
45144
45148
45152
45156
45160
45164
45168
45172
45176
45180
45184
45188
45192
45196
45200
45204
45208
45212
45216
45220
45224
45228
45232
45236
45240
45244
45248
45252
45256
45260
45264
45268
45272
45276
45280
45284
45288
45292
45296
45300
45304
45308
45312
45316
45320
45324
45328
45332
45336
45340
45344
45348
45352
45356
45360
45364
45368
45372
45376
45380
45384
45388
45392
45396
45400
45404
45408
45412
45416
45420
45424
45428
45432
45436
45440
45444
45448
45452
45456
45460
45464
45468
45472
45476
45480
45484
45488
45492
45496
45500
45504
45508
45512
45516
45520
45524
45528
45532
45536
45540
45544
45548
45552
45556
45560
45564
45568
45572
45576
45580
45584
45588
45592
45596
45600
45604
45608
45612
45616
45620
45624
45628
45632
45636
45640
45644
45648
45652
45656
45660
45664
45668
45672
45676
45680
45684
45688
45692
45696
45700
45704
45708
45712
45716
45720
45724
45728
45732
45736
45740
45744
45748
45752
45756
45760
45764
45768
45772
45776
45780
45784
45788
45792
45796
45800
45804
45808
45812
45816
45820
45824
45828
45832
45836
45840
45844
45848
45852
45856
45860
45864
45868
45872
45876
45880
45884
45888
45892
45896
45900
45904
45908
45912
45916
45920
45924
45928
45932
45936
45940
45944
45948
45952
45956
45960
45964
45968
45972
45976
45980
45984
45988
45992
45996
46000
46004
46008
46012
46016
46020
46024
46028
46032
46036
46040
46044
46048
46052
46056
46060
46064
46068
46072
46076
46080
46084
46088
46092
46096
46100
46104
46108
46112
46116
46120
46124
46128
46132
46136
46140
46144
46148
46152
46156
46160
46164
46168
46172
46176
46180
46184
46188
46192
46196
46200
46204
46208
46212
46216
46220
46224
46228
46232
46236
46240
46244
46248
46252
46256
46260
46264
46268
46272
46276
46280
46284
46288
46292
46296
46300
46304
46308
46312
46316
46320
46324
46328
46332
46336
46340
46344
46348
46352
46356
46360
46364
46368
46372
46376
46380
46384
46388
46392
46396
46400
46404
46408
46412
46416
46420
46424
46428
46432
46436
46440
46444
46448
46452
46456
46460
46464
46468
46472
46476
46480
46484
46488
46492
46496
46500
46504
46508
46512
46516
46520
46524
46528
46532
46536
46540
46544
46548
46552
46556
46560
46564
46568
46572
46576
46580
46584
46588
46592
46596
46600
46604
46608
46612
46616
46620
46624
46628
46632
46636
46640
46644
46648
46652
46656
46660
46664
46668
46672
46676
46680
46684
46688
46692
46696
46700
46704
46708
46712
46716
46720
46724
46728
46732
46736
46740
46744
46748
46752
46756
46760
46764
46768
46772
46776
46780
46784
46788
46792
46796
46800
46804
46808
46812
46816
46820
46824
46828
46832
46836
46840
46844
46848
46852
46856
46860
46864
46868
46872
46876
46880
46884
46888
46892
46896
46900
46904
46908
46912
46916
46920
46924
46928
46932
46936
46940
46944
46948
46952
46956
46960
46964
46968
46972
46976
46980
46984
46988
46992
46996
47000
47004
47008
47012
47016
47020
47024
47028
47032
47036
47040
47044
47048
47052
47056
47060
47064
47068
47072
47076
47080
47084
47088
47092
47096
47100
47104
47108
47112
47116
47120
47124
47128
47132
47136
47140
47144
47148
47152
47156
47160
47164
47168
47172
47176
47180
47184
47188
47192
47196
47200
47204
47208
47212
47216
47220
47224
47228
47232
47236
47240
47244
47248
47252
47256
47260
47264
47268
47272
47276
47280
47284
47288
47292
47296
47300
47304
47308
47312
47316
47320
47324
47328
47332
47336
47340
47344
47348
47352
47356
47360
47364
47368
47372
47376
47380
47384
47388
47392
47396
47400
47404
47408
47412
47416
47420
47424
47428
47432
47436
47440
47444
47448
47452
47456
47460
47464
47468
47472
47476
47480
47484
47488
47492
47496
47500
47504
47508
47512
47516
47520
47524
47528
47532
47536
47540
47544
47548
47552
47556
47560
47564
47568
47572
47576
47580
47584
47588
47592
47596
47600
47604
47608
47612
47616
47620
47624
47628
47632
47636
47640
47644
47648
47652
47656
47660
47664
47668
47672
47676
47680
47684
47688
47692
47696
47700
47704
47708
47712
47716
47720
47724
47728
47732
47736
47740
47744
47748
47752
47756
47760
47764
47768
47772
47776
47780
47784
47788
47792
47796
47800
47804
47808
47812
47816
47820
47824
47828
47832
47836
47840
47844
47848
47852
47856
47860
47864
47868
47872
47876
47880
47884
47888
47892
47896
47900
47904
47908
47912
47916
47920
47924
47928
47932
47936
47940
47944
47948
47952
47956
47960
47964
47968
47972
47976
47980
47984
47988
47992
47996
48000
48004
48008
48012
48016
48020
48024
48028
48032
48036
48040
48044
48048
48052
48056
48060
48064
48068
48072
48076
48080
48084
48088
48092
48096
48100
48104
48108
48112
48116
48120
48124
48128
48132
48136
48140
48144
48148
48152
48156
48160
48164
48168
48172
48176
48180
48184
48188
48192
48196
48200
48204
48208
48212
48216
48220
48224
48228
48232
48236
48240
48244
48248
48252
48256
48260
48264
48268
48272
48276
48280
48284
48288
48292
48296
48300
48304
48308
48312
48316
48320
48324
48328
48332
48336
48340
48344
48348
48352
48356
48360
48364
48368
48372
48376
48380
48384
48388
48392
48396
48400
48404
48408
48412
48416
48420
48424
48428
48432
48436
48440
48444
48448
48452
48456
48460
48464
48468
48472
48476
48480
48484
48488
48492
48496
48500
48504
48508
48512
48516
48520
48524
48528
48532
48536
48540
48544
48548
48552
48556
48560
48564
48568
48572
48576
48580
48584
48588
48592
48596
48600
48604
48608
48612
48616
48620
48624
48628
48632
48636
48640
48644
48648
48652
48656
48660
48664
48668
48672
48676
48680
48684
48688
48692
48696
48700
48704
48708
48712
48716
48720
48724
48728
48732
48736
48740
48744
48748
48752
48756
48760
48764
48768
48772
48776
48780
48784
48788
48792
48796
48800
48804
48808
48812
48816
48820
48824
48828
48832
48836
48840
48844
48848
48852
48856
48860
48864
48868
48872
48876
48880
48884
48888
48892
48896
48900
48904
48908
48912
48916
48920
48924
48928
48932
48936
48940
48944
48948
48952
48956
48960
48964
48968
48972
48976
48980
48984
48988
48992
48996
49000
49004
49008
49012
49016
49020
49024
49028
49032
49036
49040
49044
49048
49052
49056
49060
49064
49068
49072
49076
49080
49084
49088
49092
49096
49100
49104
49108
49112
49116
49120
49124
49128
49132
49136
49140
49144
49148
49152
49156
49160
49164
49168
49172
49176
49180
49184
49188
49192
49196
49200
49204
49208
49212
49216
49220
49224
49228
49232
49236
49240
49244
49248
49252
49256
49260
49264
49268
49272
49276
49280
49284
49288
49292
49296
49300
49304
49308
49312
49316
49320
49324
49328
49332
49336
49340
49344
49348
49352
49356
49360
49364
49368
49372
49376
49380
49384
49388
49392
49396
49400
49404
49408
49412
49416
49420
49424
49428
49432
49436
49440
49444
49448
49452
49456
49460
49464
49468
49472
49476
49480
49484
49488
49492
49496
49500
49504
49508
49512
49516
49520
49524
49528
49532
49536
49540
49544
49548
49552
49556
49560
49564
49568
49572
49576
49580
49584
49588
49592
49596
49600
49604
49608
49612
49616
49620
49624
49628
49632
49636
49640
49644
49648
49652
49656
49660
49664
49668
49672
49676
49680
49684
49688
49692
49696
49700
49704
49708
49712
49716
49720
49724
49728
49732
49736
49740
49744
49748
49752
49756
49760
49764
49768
49772
49776
49780
49784
49788
49792
49796
49800
49804
49808
49812
49816
49820
49824
49828
49832
49836
49840
49844
49848
49852
49856
49860
49864
49868
49872
49876
49880
49884
49888
49892
49896
49900
49904
49908
49912
49916
49920
49924
49928
49932
49936
49940
49944
49948
49952
49956
49960
49964
49968
49972
49976
49980
49984
49988
49992
49996
50000
50004
50008
50012
50016
50020
50024
50028
50032
50036
50040
50044
50048
50052
50056
50060
50064
50068
50072
50076
50080
50084
50088
50092
50096
50100
50104
50108
50112
50116
50120
50124
50128
50132
50136
50140
50144
50148
50152
50156
50160
50164
50168
50172
50176
50180
50184
50188
50192
50196
50200
50204
50208
50212
50216
50220
50224
50228
50232
50236
50240
50244
50248
50252
50256
50260
50264
50268
50272
50276
50280
50284
50288
50292
50296
50300
50304
50308
50312
50316
50320
50324
50328
50332
50336
50340
50344
50348
50352
50356
50360
50364
50368
50372
50376
50380
50384
50388
50392
50396
50400
50404
50408
50412
50416
50420
50424
50428
50432
50436
50440
50444
50448
50452
50456
50460
50464
50468
50472
50476
50480
50484
50488
50492
50496
50500
50504
50508
50512
50516
50520
50524
50528
50532
50536
50540
50544
50548
50552
50556
50560
50564
50568
50572
50576
50580
50584
50588
50592
50596
50600
50604
50608
50612
50616
50620
50624
50628
50632
50636
50640
50644
50648
50652
50656
50660
50664
50668
50672
50676
50680
50684
50688
50692
50696
50700
50704
50708
50712
50716
50720
50724
50728
50732
50736
50740
50744
50748
50752
50756
50760
50764
50768
50772
50776
50780
50784
50788
50792
50796
50800
50804
50808
50812
50816
50820
50824
50828
50832
50836
50840
50844
50848
50852
50856
50860
50864
50868
50872
50876
50880
50884
50888
50892
50896
50900
50904
50908
50912
50916
50920
50924
50928
50932
50936
50940
50944
50948
50952
50956
50960
50964
50968
50972
50976
50980
50984
50988
50992
50996
51000
51004
51008
51012
51016
51020
51024
51028
51032
51036
51040
51044
51048
51052
51056
51060
51064
51068
51072
51076
51080
51084
51088
51092
51096
51100
51104
51108
51112
51116
51120
51124
51128
51132
51136
51140
51144
51148
51152
51156
51160
51164
51168
51172
51176
51180
51184
51188
51192
51196
51200
51204
51208
51212
51216
51220
51224
51228
51232
51236
51240
51244
51248
51252
51256
51260
51264
51268
51272
51276
51280
51284
51288
51292
51296
51300
51304
51308
51312
51316
51320
51324
51328
51332
51336
51340
51344
51348
51352
51356
51360
51364
51368
51372
51376
51380
51384
51388
51392
51396
51400
51404
51408
51412
51416
51420
51424
51428
51432
51436
51440
51444
51448
51452
51456
51460
51464
51468
51472
51476
51480
51484
51488
51492
51496
51500
51504
51508
51512
51516
51520
51524
51528
51532
51536
51540
51544
51548
51552
51556
51560
51564
51568
51572
51576
51580
51584
51588
51592
51596
51600
51604
51608
51612
51616
51620
51624
51628
51632
51636
51640
51644
51648
51652
51656
51660
51664
51668
51672
51676
51680
51684
51688
51692
51696
51700
51704
51708
51712
51716
51720
51724
51728
51732
51736
51740
51744
51748
51752
51756
51760
51764
51768
51772
51776
51780
51784
51788
51792
51796
51800
51804
51808
51812
51816
51820
51824
51828
51832
51836
51840
51844
51848
51852
51856
51860
51864
51868
51872
51876
51880
51884
51888
51892
51896
51900
51904
51908
51912
51916
51920
51924
51928
51932
51936
51940
51944
51948
51952
51956
51960
51964
51968
51972
51976
51980
51984
51988
51992
51996
52000
52004
52008
52012
52016
52020
52024
52028
52032
52036
52040
52044
52048
52052
52056
52060
52064
52068
52072
52076
52080
52084
52088
52092
52096
52100
52104
52108
52112
52116
52120
52124
52128
52132
52136
52140
52144
52148
52152
52156
52160
52164
52168
52172
52176
52180
52184
52188
52192
52196
52200
52204
52208
52212
52216
52220
52224
52228
52232
52236
52240
52244
52248
52252
52256
52260
52264
52268
52272
52276
52280
52284
52288
52292
52296
52300
52304
52308
52312
52316
52320
52324
52328
52332
52336
52340
52344
52348
52352
52356
52360
52364
52368
52372
52376
52380
52384
52388
52392
52396
52400
52404
52408
52412
52416
52420
52424
52428
52432
52436
52440
52444
52448
52452
52456
52460
52464
52468
52472
52476
52480
52484
52488
52492
52496
52500
52504
52508
52512
52516
52520
52524
52528
52532
52536
52540
52544
52548
52552
52556
52560
52564
52568
52572
52576
52580
52584
52588
52592
52596
52600
52604
52608
52612
52616
52620
52624
52628
52632
52636
52640
52644
52648
52652
52656
52660
52664
52668
52672
52676
52680
52684
52688
52692
52696
52700
52704
52708
52712
52716
52720
52724
52728
52732
52736
52740
52744
52748
52752
52756
52760
52764
52768
52772
52776
52780
52784
52788
52792
52796
52800
52804
52808
52812
52816
52820
52824
52828
52832
52836
52840
52844
52848
52852
52856
52860
52864
52868
52872
52876
52880
52884
52888
52892
52896
52900
52904
52908
52912
52916
52920
52924
52928
52932
52936
52940
52944
52948
52952
52956
52960
52964
52968
52972
52976
52980
52984
52988
52992
52996
53000
53004
53008
53012
53016
53020
53024
53028
53032
53036
53040
53044
53048
53052
53056
53060
53064
53068
53072
53076
53080
53084
53088
53092
53096
53100
53104
53108
53112
53116
53120
53124
53128
53132
53136
53140
53144
53148
53152
53156
53160
53164
53168
53172
53176
53180
53184
53188
53192
53196
53200
53204
53208
53212
53216
53220
53224
53228
53232
53236
53240
53244
53248
53252
53256
53260
53264
53268
53272
53276
53280
53284
53288
53292
53296
53300
53304
53308
53312
53316
53320
53324
53328
53332
53336
53340
53344
53348
53352
53356
53360
53364
53368
53372
53376
53380
53384
53388
53392
53396
53400
53404
53408
53412
53416
53420
53424
53428
53432
53436
53440
53444
53448
53452
53456
53460
53464
53468
53472
53476
53480
53484
53488
53492
53496
53500
53504
53508
53512
53516
53520
53524
53528
53532
53536
53540
53544
53548
53552
53556
53560
53564
53568
53572
53576
53580
53584
53588
53592
53596
53600
53604
53608
53612
53616
53620
53624
53628
53632
53636
53640
53644
53648
53652
53656
53660
53664
53668
53672
53676
53680
53684
53688
53692
53696
53700
53704
53708
53712
53716
53720
53724
53728
53732
53736
53740
53744
53748
53752
53756
53760
53764
53768
53772
53776
53780
53784
53788
53792
53796
53800
53804
53808
53812
53816
53820
53824
53828
53832
53836
53840
53844
53848
53852
53856
53860
53864
53868
53872
53876
53880
53884
53888
53892
53896
53900
53904
53908
53912
53916
53920
53924
53928
53932
53936
53940
53944
53948
53952
53956
53960
53964
53968
53972
53976
53980
53984
53988
53992
53996
54000
54004
54008
54012
54016
54020
54024
54028
54032
54036
54040
54044
54048
54052
54056
54060
54064
54068
54072
54076
54080
54084
54088
54092
54096
54100
54104
54108
54112
54116
54120
54124
54128
54132
54136
54140
54144
54148
54152
54156
54160
54164
54168
54172
54176
54180
54184
54188
54192
54196
54200
54204
54208
54212
54216
54220
54224
54228
54232
54236
54240
54244
54248
54252
54256
54260
54264
54268
54272
54276
54280
54284
54288
54292
54296
54300
54304
54308
54312
54316
54320
54324
54328
54332
54336
54340
54344
54348
54352
54356
54360
54364
54368
54372
54376
54380
54384
54388
54392
54396
54400
54404
54408
54412
54416
54420
54424
54428
54432
54436
54440
54444
54448
54452
54456
54460
54464
54468
54472
54476
54480
54484
54488
54492
54496
54500
54504
54508
54512
54516
54520
54524
54528
54532
54536
54540
54544
54548
54552
54556
54560
54564
54568
54572
54576
54580
54584
54588
54592
54596
54600
54604
54608
54612
54616
54620
54624
54628
54632
54636
54640
54644
54648
54652
54656
54660
54664
54668
54672
54676
54680
54684
54688
54692
54696
54700
54704
54708
54712
54716
54720
54724
54728
54732
54736
54740
54744
54748
54752
54756
54760
54764
54768
54772
54776
54780
54784
54788
54792
54796
54800
54804
54808
54812
54816
54820
54824
54828
54832
54836
54840
54844
54848
54852
54856
54860
54864
54868
54872
54876
54880
54884
54888
54892
54896
54900
54904
54908
54912
54916
54920
54924
54928
54932
54936
54940
54944
54948
54952
54956
54960
54964
54968
54972
54976
54980
54984
54988
54992
54996
55000
55004
55008
55012
55016
55020
55024
55028
55032
55036
55040
55044
55048
55052
55056
55060
55064
55068
55072
55076
55080
55084
55088
55092
55096
55100
55104
55108
55112
55116
55120
55124
55128
55132
55136
55140
55144
55148
55152
55156
55160
55164
55168
55172
55176
55180
55184
55188
55192
55196
55200
55204
55208
55212
55216
55220
55224
55228
55232
55236
55240
55244
55248
55252
55256
55260
55264
55268
55272
55276
55280
55284
55288
55292
55296
55300
55304
55308
55312
55316
55320
55324
55328
55332
55336
55340
55344
55348
55352
55356
55360
55364
55368
55372
55376
55380
55384
55388
55392
55396
55400
55404
55408
55412
55416
55420
55424
55428
55432
55436
55440
55444
55448
55452
55456
55460
55464
55468
55472
55476
55480
55484
55488
55492
55496
55500
55504
55508
55512
55516
55520
55524
55528
55532
55536
55540
55544
55548
55552
55556
55560
55564
55568
55572
55576
55580
55584
55588
55592
55596
55600
55604
55608
55612
55616
55620
55624
55628
55632
55636
55640
55644
55648
55652
55656
55660
55664
55668
55672
55676
55680
55684
55688
55692
55696
55700
55704
55708
55712
55716
55720
55724
55728
55732
55736
55740
55744
55748
55752
55756
55760
55764
55768
55772
55776
55780
55784
55788
55792
55796
55800
55804
55808
55812
55816
55820
55824
55828
55832
55836
55840
55844
55848
55852
55856
55860
55864
55868
55872
55876
55880
55884
55888
55892
55896
55900
55904
55908
55912
55916
55920
55924
55928
55932
55936
55940
55944
55948
55952
55956
55960
55964
55968
55972
55976
55980
55984
55988
55992
55996
56000
56004
56008
56012
56016
56020
56024
56028
56032
56036
56040
56044
56048
56052
56056
56060
56064
56068
56072
56076
56080
56084
56088
56092
56096
56100
56104
56108
56112
56116
56120
56124
56128
56132
56136
56140
56144
56148
56152
56156
56160
56164
56168
56172
56176
56180
56184
56188
56192
56196
56200
56204
56208
56212
56216
56220
56224
56228
56232
56236
56240
56244
56248
56252
56256
56260
56264
56268
56272
56276
56280
56284
56288
56292
56296
56300
56304
56308
56312
56316
56320
56324
56328
56332
56336
56340
56344
56348
56352
56356
56360
56364
56368
56372
56376
56380
56384
56388
56392
56396
56400
56404
56408
56412
56416
56420
56424
56428
56432
56436
56440
56444
56448
56452
56456
56460
56464
56468
56472
56476
56480
56484
56488
56492
56496
56500
56504
56508
56512
56516
56520
56524
56528
56532
56536
56540
56544
56548
56552
56556
56560
56564
56568
56572
56576
56580
56584
56588
56592
56596
56600
56604
56608
56612
56616
56620
56624
56628
56632
56636
56640
56644
56648
56652
56656
56660
56664
56668
56672
56676
56680
56684
56688
56692
56696
56700
56704
56708
56712
56716
56720
56724
56728
56732
56736
56740
56744
56748
56752
56756
56760
56764
56768
56772
56776
56780
56784
56788
56792
56796
56800
56804
56808
56812
56816
56820
56824
56828
56832
56836
56840
56844
56848
56852
56856
56860
56864
56868
56872
56876
56880
56884
56888
56892
56896
56900
56904
56908
56912
56916
56920
56924
56928
56932
56936
56940
56944
56948
56952
56956
56960
56964
56968
56972
56976
56980
56984
56988
56992
56996
57000
57004
57008
57012
57016
57020
57024
57028
57032
57036
57040
57044
57048
57052
57056
57060
57064
57068
57072
57076
57080
57084
57088
57092
57096
57100
57104
57108
57112
57116
57120
57124
57128
57132
57136
57140
57144
57148
57152
57156
57160
57164
57168
57172
57176
57180
57184
57188
57192
57196
57200
57204
57208
57212
57216
57220
57224
57228
57232
57236
57240
57244
57248
57252
57256
57260
57264
57268
57272
57276
57280
57284
57288
57292
57296
57300
57304
57308
57312
57316
57320
57324
57328
57332
57336
57340
57344
57348
57352
57356
57360
57364
57368
57372
57376
57380
57384
57388
57392
57396
57400
57404
57408
57412
57416
57420
57424
57428
57432
57436
57440
57444
57448
57452
57456
57460
57464
57468
57472
57476
57480
57484
57488
57492
57496
57500
57504
57508
57512
57516
57520
57524
57528
57532
57536
57540
57544
57548
57552
57556
57560
57564
57568
57572
57576
57580
57584
57588
57592
57596
57600
57604
57608
57612
57616
57620
57624
57628
57632
57636
57640
57644
57648
57652
57656
57660
57664
57668
57672
57676
57680
57684
57688
57692
57696
57700
57704
57708
57712
57716
57720
57724
57728
57732
57736
57740
57744
57748
57752
57756
57760
57764
57768
57772
57776
57780
57784
57788
57792
57796
57800
57804
57808
57812
57816
57820
57824
57828
57832
57836
57840
57844
57848
57852
57856
57860
57864
57868
57872
57876
57880
57884
57888
57892
57896
57900
57904
57908
57912
57916
57920
57924
57928
57932
57936
57940
57944
57948
57952
57956
57960
57964
57968
57972
57976
57980
57984
57988
57992
57996
58000
58004
58008
58012
58016
58020
58024
58028
58032
58036
58040
58044
58048
58052
58056
58060
58064
58068
58072
58076
58080
58084
58088
58092
58096
58100
58104
58108
58112
58116
58120
58124
58128
58132
58136
58140
58144
58148
58152
58156
58160
58164
58168
58172
58176
58180
58184
58188
58192
58196
58200
58204
58208
58212
58216
58220
58224
58228
58232
58236
58240
58244
58248
58252
58256
58260
58264
58268
58272
58276
58280
58284
58288
58292
58296
58300
58304
58308
58312
58316
58320
58324
58328
58332
58336
58340
58344
58348
58352
58356
58360
58364
58368
58372
58376
58380
58384
58388
58392
58396
58400
58404
58408
58412
58416
58420
58424
58428
58432
58436
58440
58444
58448
58452
58456
58460
58464
58468
58472
58476
58480
58484
58488
58492
58496
58500
58504
58508
58512
58516
58520
58524
58528
58532
58536
58540
58544
58548
58552
58556
58560
58564
58568
58572
58576
58580
58584
58588
58592
58596
58600
58604
58608
58612
58616
58620
58624
58628
58632
58636
58640
58644
58648
58652
58656
58660
58664
58668
58672
58676
58680
58684
58688
58692
58696
58700
58704
58708
58712
58716
58720
58724
58728
58732
58736
58740
58744
58748
58752
58756
58760
58764
58768
58772
58776
58780
58784
58788
58792
58796
58800
58804
58808
58812
58816
58820
58824
58828
58832
58836
58840
58844
58848
58852
58856
58860
58864
58868
58872
58876
58880
58884
58888
58892
58896
58900
58904
58908
58912
58916
58920
58924
58928
58932
58936
58940
58944
58948
58952
58956
58960
58964
58968
58972
58976
58980
58984
58988
58992
58996
59000
59004
59008
59012
59016
59020
59024
59028
59032
59036
59040
59044
59048
59052
59056
59060
59064
59068
59072
59076
59080
59084
59088
59092
59096
59100
59104
59108
59112
59116
59120
59124
59128
59132
59136
59140
59144
59148
59152
59156
59160
59164
59168
59172
59176
59180
59184
59188
59192
59196
59200
59204
59208
59212
59216
59220
59224
59228
59232
59236
59240
59244
59248
59252
59256
59260
59264
59268
59272
59276
59280
59284
59288
59292
59296
59300
59304
59308
59312
59316
59320
59324
59328
59332
59336
59340
59344
59348
59352
59356
59360
59364
59368
59372
59376
59380
59384
59388
59392
59396
59400
59404
59408
59412
59416
59420
59424
59428
59432
59436
59440
59444
59448
59452
59456
59460
59464
59468
59472
59476
59480
59484
59488
59492
59496
59500
59504
59508
59512
59516
59520
59524
59528
59532
59536
59540
59544
59548
59552
59556
59560
59564
59568
59572
59576
59580
59584
59588
59592
59596
59600
59604
59608
59612
59616
59620
59624
59628
59632
59636
59640
59644
59648
59652
59656
59660
59664
59668
59672
59676
59680
59684
59688
59692
59696
59700
59704
59708
59712
59716
59720
59724
59728
59732
59736
59740
59744
59748
59752
59756
59760
59764
59768
59772
59776
59780
59784
59788
59792
59796
59800
59804
59808
59812
59816
59820
59824
59828
59832
59836
59840
59844
59848
59852
59856
59860
59864
59868
59872
59876
59880
59884
59888
59892
59896
59900
59904
59908
59912
59916
59920
59924
59928
59932
59936
59940
59944
59948
59952
59956
59960
59964
59968
59972
59976
59980
59984
59988
59992
59996
60000
60004
60008
60012
60016
60020
60024
60028
60032
60036
60040
60044
60048
60052
60056
60060
60064
60068
60072
60076
60080
60084
60088
60092
60096
60100
60104
60108
60112
60116
60120
60124
60128
60132
60136
60140
60144
60148
60152
60156
60160
60164
60168
60172
60176
60180
60184
60188
60192
60196
60200
60204
60208
60212
60216
60220
60224
60228
60232
60236
60240
60244
60248
60252
60256
60260
60264
60268
60272
60276
60280
60284
60288
60292
60296
60300
60304
60308
60312
60316
60320
60324
60328
60332
60336
60340
60344
60348
60352
60356
60360
60364
60368
60372
60376
60380
60384
60388
60392
60396
60400
60404
60408
60412
60416
60420
60424
60428
60432
60436
60440
60444
60448
60452
60456
60460
60464
60468
60472
60476
60480
60484
60488
60492
60496
60500
60504
60508
60512
60516
60520
60524
60528
60532
60536
60540
60544
60548
60552
60556
60560
60564
60568
60572
60576
60580
60584
60588
60592
60596
60600
60604
60608
60612
60616
60620
60624
60628
60632
60636
60640
60644
60648
60652
60656
60660
60664
60668
60672
60676
60680
60684
60688
60692
60696
60700
60704
60708
60712
60716
60720
60724
60728
60732
60736
60740
60744
60748
60752
60756
60760
60764
60768
60772
60776
60780
60784
60788
60792
60796
60800
60804
60808
60812
60816
60820
60824
60828
60832
60836
60840
60844
60848
60852
60856
60860
60864
60868
60872
60876
60880
60884
60888
60892
60896
60900
60904
60908
60912
60916
60920
60924
60928
60932
60936
60940
60944
60948
60952
60956
60960
60964
60968
60972
60976
60980
60984
60988
60992
60996
61000
61004
61008
61012
61016
61020
61024
61028
61032
61036
61040
61044
61048
61052
61056
61060
61064
61068
61072
61076
61080
61084
61088
61092
61096
61100
61104
61108
61112
61116
61120
61124
61128
61132
61136
61140
61144
61148
61152
61156
61160
61164
61168
61172
61176
61180
61184
61188
61192
61196
61200
61204
61208
61212
61216
61220
61224
61228
61232
61236
61240
61244
61248
61252
61256
61260
61264
61268
61272
61276
61280
61284
61288
61292
61296
61300
61304
61308
61312
61316
61320
61324
61328
61332
61336
61340
61344
61348
61352
61356
61360
61364
61368
61372
61376
61380
61384
61388
61392
61396
61400
61404
61408
61412
61416
61420
61424
61428
61432
61436
61440
61444
61448
61452
61456
61460
61464
61468
61472
61476
61480
61484
61488
61492
61496
61500
61504
61508
61512
61516
61520
61524
61528
61532
61536
61540
61544
61548
61552
61556
61560
61564
61568
61572
61576
61580
61584
61588
61592
61596
61600
61604
61608
61612
61616
61620
61624
61628
61632
61636
61640
61644
61648
61652
61656
61660
61664
61668
61672
61676
61680
61684
61688
61692
61696
61700
61704
61708
61712
61716
61720
61724
61728
61732
61736
61740
61744
61748
61752
61756
61760
61764
61768
61772
61776
61780
61784
61788
61792
61796
61800
61804
61808
61812
61816
61820
61824
61828
61832
61836
61840
61844
61848
61852
61856
61860
61864
61868
61872
61876
61880
61884
61888
61892
61896
61900
61904
61908
61912
61916
61920
61924
61928
61932
61936
61940
61944
61948
61952
61956
61960
61964
61968
61972
61976
61980
61984
61988
61992
61996
62000
62004
62008
62012
62016
62020
62024
62028
62032
62036
62040
62044
62048
62052
62056
62060
62064
62068
62072
62076
62080
62084
62088
62092
62096
62100
62104
62108
62112
62116
62120
62124
62128
62132
62136
62140
62144
62148
62152
62156
62160
62164
62168
62172
62176
62180
62184
62188
62192
62196
62200
62204
62208
62212
62216
62220
62224
62228
62232
62236
62240
62244
62248
62252
62256
62260
62264
62268
62272
62276
62280
62284
62288
62292
62296
62300
62304
62308
62312
62316
62320
62324
62328
62332
62336
62340
62344
62348
62352
62356
62360
62364
62368
62372
62376
62380
62384
62388
62392
62396
62400
62404
62408
62412
62416
62420
62424
62428
62432
62436
62440
62444
62448
62452
62456
62460
62464
62468
62472
62476
62480
62484
62488
62492
62496
62500
62504
62508
62512
62516
62520
62524
62528
62532
62536
62540
62544
62548
62552
62556
62560
62564
62568
62572
62576
62580
62584
62588
62592
62596
62600
62604
62608
62612
62616
62620
62624
62628
62632
62636
62640
62644
62648
62652
62656
62660
62664
62668
62672
62676
62680
62684
62688
62692
62696
62700
62704
62708
62712
62716
62720
62724
62728
62732
62736
62740
62744
62748
62752
62756
62760
62764
62768
62772
62776
62780
62784
62788
62792
62796
62800
62804
62808
62812
62816
62820
62824
62828
62832
62836
62840
62844
62848
62852
62856
62860
62864
62868
62872
62876
62880
62884
62888
62892
62896
62900
62904
62908
62912
62916
62920
62924
62928
62932
62936
62940
62944
62948
62952
62956
62960
62964
62968
62972
62976
62980
62984
62988
62992
62996
63000
63004
63008
63012
63016
63020
63024
63028
63032
63036
63040
63044
63048
63052
63056
63060
63064
63068
63072
63076
63080
63084
63088
63092
63096
63100
63104
63108
63112
63116
63120
63124
63128
63132
63136
63140
63144
63148
63152
63156
63160
63164
63168
63172
63176
63180
63184
63188
63192
63196
63200
63204
63208
63212
63216
63220
63224
63228
63232
63236
63240
63244
63248
63252
63256
63260
63264
63268
63272
63276
63280
63284
63288
63292
63296
63300
63304
63308
63312
63316
63320
63324
63328
63332
63336
63340
63344
63348
63352
63356
63360
63364
63368
63372
63376
63380
63384
63388
63392
63396
63400
63404
63408
63412
63416
63420
63424
63428
63432
63436
63440
63444
63448
63452
63456
63460
63464
63468
63472
63476
63480
63484
63488
63492
63496
63500
63504
63508
63512
63516
63520
63524
63528
63532
63536
63540
63544
63548
63552
63556
63560
63564
63568
63572
63576
63580
63584
63588
63592
63596
63600
63604
63608
63612
63616
63620
63624
63628
63632
63636
63640
63644
63648
63652
63656
63660
63664
63668
63672
63676
63680
63684
63688
63692
63696
63700
63704
63708
63712
63716
63720
63724
63728
63732
63736
63740
63744
63748
63752
63756
63760
63764
63768
63772
63776
63780
63784
63788
63792
63796
63800
63804
63808
63812
63816
63820
63824
63828
63832
63836
63840
63844
63848
63852
63856
63860
63864
63868
63872
63876
63880
63884
63888
63892
63896
63900
63904
63908
63912
63916
63920
63924
63928
63932
63936
63940
63944
63948
63952
63956
63960
63964
63968
63972
63976
63980
63984
63988
63992
63996
64000
64004
64008
64012
64016
64020
64024
64028
64032
64036
64040
64044
64048
64052
64056
64060
64064
64068
64072
64076
64080
64084
64088
64092
64096
64100
64104
64108
64112
64116
64120
64124
64128
64132
64136
64140
64144
64148
64152
64156
64160
64164
64168
64172
64176
64180
64184
64188
64192
64196
64200
64204
64208
64212
64216
64220
64224
64228
64232
64236
64240
64244
64248
64252
64256
64260
64264
64268
64272
64276
64280
64284
64288
64292
64296
64300
64304
64308
64312
64316
64320
64324
64328
64332
64336
64340
64344
64348
64352
64356
64360
64364
64368
64372
64376
64380
64384
64388
64392
64396
64400
64404
64408
64412
64416
64420
64424
64428
64432
64436
64440
64444
64448
64452
64456
64460
64464
64468
64472
64476
64480
64484
64488
64492
64496
64500
64504
64508
64512
64516
64520
64524
64528
64532
64536
64540
64544
64548
64552
64556
64560
64564
64568
64572
64576
64580
64584
64588
64592
64596
64600
64604
64608
64612
64616
64620
64624
64628
64632
64636
64640
64644
64648
64652
64656
64660
64664
64668
64672
64676
64680
64684
64688
64692
64696
64700
64704
64708
64712
64716
64720
64724
64728
64732
64736
64740
64744
64748
64752
64756
64760
64764
64768
64772
64776
64780
64784
64788
64792
64796
64800
