5000 100
5002 33.3333333333333
5004 20
5006 14.2857142857143
5008 11.1111111111111
5010 9.09090909090909
5012 7.69230769230769
5014 6.66666666666667
5016 5.88235294117647
5018 10.5263157894737
5020 9.52380952380952
5022 8.69565217391304
5024 12
5026 11.1111111111111
5028 13.7931034482759
5030 12.9032258064516
5032 12.1212121212121
5034 14.2857142857143
5036 13.5135135135135
5038 12.8205128205128
5040 12.1951219512195
5042 13.953488372093
5044 13.3333333333333
5046 12.7659574468085
5048 12.2448979591837
5050 11.7647058823529
5052 13.2075471698113
5054 12.7272727272727
5056 14.0350877192982
5058 13.5593220338983
5060 13.1147540983607
5062 12.6984126984127
5064 12.3076923076923
5066 11.9402985074627
5068 11.5942028985507
5070 11.2676056338028
5072 10.958904109589
5074 10.6666666666667
5076 10.3896103896104
5078 10.126582278481
5080 9.87654320987654
5082 9.63855421686747
5084 9.41176470588235
5086 9.19540229885057
5088 8.98876404494382
5090 8.79120879120879
5092 8.60215053763441
5094 9.47368421052632
5096 9.27835051546392
5098 9.09090909090909
5100 8.91089108910891
5102 9.70873786407767
5104 9.52380952380952
5106 9.34579439252336
5108 9.1743119266055
5110 9.00900900900901
5112 9.73451327433628
5114 9.56521739130435
5116 9.4017094017094
5118 9.2436974789916
5120 10.7438016528926
5122 10.5691056910569
5124 10.4
5126 10.2362204724409
5128 10.8527131782946
5130 11.4503816793893
5132 11.2781954887218
5134 11.8518518518519
5136 11.6788321167883
5138 11.5107913669065
5140 11.3475177304965
5142 11.1888111888112
5144 11.0344827586207
5146 10.8843537414966
5148 10.738255033557
5150 10.5960264900662
5152 10.4575163398693
5154 10.3225806451613
5156 10.1910828025478
5158 10.062893081761
5160 9.93788819875776
5162 9.8159509202454
5164 9.6969696969697
5166 9.58083832335329
5168 9.46745562130178
5170 9.35672514619883
5172 9.2485549132948
5174 9.14285714285714
5176 9.03954802259887
5178 9.49720670391062
5180 9.39226519337017
5182 9.83606557377049
5184 9.72972972972973
5186 9.62566844919786
5188 9.52380952380952
5190 9.94764397905759
5192 9.84455958549223
5194 10.2564102564103
5196 10.1522842639594
5198 10.0502512562814
5200 9.9502487562189
5202 9.85221674876847
5204 10.2439024390244
5206 10.1449275362319
5208 10.0478468899522
5210 10.4265402843602
5212 10.3286384976526
5214 10.2325581395349
5216 10.1382488479263
5218 10.0456621004566
5220 9.95475113122172
5222 9.86547085201794
5224 9.77777777777778
5226 9.69162995594714
5228 9.60698689956332
5230 9.52380952380952
5232 9.87124463519313
5234 9.78723404255319
5236 9.70464135021097
5238 10.0418410041841
5240 9.95850622406639
5242 9.87654320987654
5244 9.79591836734694
5246 9.7165991902834
5248 9.63855421686747
5250 9.56175298804781
5252 9.48616600790514
5254 9.41176470588235
5256 9.33852140077821
5258 9.26640926640927
5260 9.57854406130268
5262 9.50570342205323
5264 9.43396226415094
5266 9.36329588014981
5268 9.66542750929368
5270 9.59409594095941
5272 10.2564102564103
5274 10.1818181818182
5276 10.1083032490975
5278 10.0358422939068
5280 10.3202846975089
5282 10.9540636042403
5284 10.8771929824561
5286 10.801393728223
5288 10.7266435986159
5290 10.6529209621993
5292 10.580204778157
5294 10.5084745762712
5296 10.4377104377104
5298 10.3678929765886
5300 10.2990033222591
5302 10.2310231023102
5304 10.1639344262295
5306 10.0977198697068
5308 10.0323624595469
5310 9.96784565916399
5312 9.90415335463259
5314 9.84126984126984
5316 9.77917981072555
5318 10.0313479623824
5320 9.96884735202492
5322 9.90712074303406
5324 9.84615384615385
5326 9.78593272171254
5328 9.72644376899696
5330 9.96978851963746
5332 10.2102102102102
5334 10.1492537313433
5336 10.0890207715134
5338 10.0294985250737
5340 9.97067448680352
5342 9.91253644314869
5344 9.85507246376812
5346 10.0864553314121
5348 10.3151862464183
5350 10.2564102564103
5352 10.1983002832861
5354 10.1408450704225
5356 10.3641456582633
5358 10.3064066852368
5360 10.2493074792244
5362 10.1928374655647
5364 10.1369863013699
5366 10.0817438692098
5368 10.0271002710027
5370 9.97304582210243
5372 9.91957104557641
5374 9.86666666666667
5376 9.81432360742706
5378 9.76253298153034
5380 9.71128608923885
5382 9.66057441253264
5384 9.61038961038961
5386 9.56072351421189
5388 9.51156812339332
5390 9.46291560102302
5392 9.4147582697201
5394 9.36708860759494
5396 9.57178841309824
5398 9.52380952380952
5400 9.47630922693267
5402 9.42928039702233
5404 9.38271604938272
5406 9.82800982800983
5408 9.7799511002445
5410 9.7323600973236
5412 9.68523002421307
5414 9.63855421686747
5416 9.59232613908873
5418 9.54653937947494
5420 9.50118764845606
5422 9.45626477541371
5424 9.41176470588235
5426 9.60187353629976
5428 9.79020979020979
5430 9.74477958236659
5432 9.69976905311778
5434 9.6551724137931
5436 9.61098398169336
5438 9.56719817767654
5440 9.52380952380952
5442 9.48081264108352
5444 9.43820224719101
5446 9.39597315436242
5448 9.57683741648107
5450 9.75609756097561
5452 9.71302428256071
5454 9.67032967032967
5456 9.62800875273523
5458 9.58605664488018
5460 9.54446854663774
5462 9.50323974082074
5464 9.46236559139785
5466 9.85010706638116
5468 9.80810234541578
5470 9.76645435244161
5472 9.72515856236786
5474 9.68421052631579
5476 9.85324947589099
5478 9.81210855949896
5480 9.77130977130977
5482 9.73084886128364
5484 9.69072164948454
5486 9.85626283367557
5488 9.8159509202454
5490 9.77596741344196
5492 9.93914807302231
5494 10.1010101010101
5496 10.0603621730382
5498 10.0200400801603
5500 9.98003992015968
5502 9.9403578528827
5504 9.9009900990099
5506 9.86193293885602
5508 9.82318271119843
5510 9.78473581213307
5512 9.74658869395711
5514 9.70873786407767
5516 9.86460348162476
5518 9.82658959537572
5520 9.98080614203455
5522 9.94263862332696
5524 9.90476190476191
5526 9.86717267552182
5528 10.0189035916824
5530 9.98116760828625
5532 9.9437148217636
5534 9.90654205607477
5536 9.86964618249534
5538 9.8330241187384
5540 9.79667282809612
5542 9.76058931860037
5544 9.72477064220183
5546 9.68921389396709
5548 9.65391621129326
5550 9.61887477313975
5552 9.76491862567812
5554 9.72972972972973
5556 9.69479353680431
5558 9.66010733452594
5560 9.62566844919786
5562 9.59147424511545
5564 9.55752212389381
5566 9.70017636684303
5568 9.66608084358524
5570 9.6322241681261
5572 9.59860383944154
5574 9.73913043478261
5576 9.7053726169844
5578 9.84455958549223
5580 9.81067125645439
5582 9.7770154373928
5584 9.74358974358974
5586 9.71039182282794
5588 9.67741935483871
5590 9.64467005076142
5592 9.61214165261383
5594 9.57983193277311
5596 9.71524288107203
5598 9.84974958263773
5600 9.81697171381032
5602 9.78441127694859
5604 9.75206611570248
5606 9.71993410214168
5608 9.688013136289
5610 9.65630114566285
5612 9.62479608482871
5614 9.59349593495935
5616 9.56239870340357
5618 9.53150242326333
5620 9.50080515297907
5622 9.47030497592295
5624 9.44
5626 9.56937799043062
5628 9.5389507154213
5630 9.50871632329635
5632 9.47867298578199
5634 9.44881889763779
5636 9.41915227629513
5638 9.38967136150235
5640 9.3603744149766
5642 9.33125972006221
5644 9.30232558139535
5646 9.27357032457496
5648 9.24499229583975
5650 9.21658986175115
5652 9.34150076569678
5654 9.46564885496183
5656 9.43683409436834
5658 9.55993930197269
5660 9.53101361573374
5662 9.65309200603318
5664 9.62406015037594
5666 9.5952023988006
5668 9.71599402092676
5670 9.83606557377049
5672 9.80683506686479
5674 9.77777777777778
5676 9.74889217134417
5678 9.72017673048601
5680 9.69162995594714
5682 9.66325036603221
5684 9.63503649635036
5686 9.60698689956332
5688 9.57910014513788
5690 9.69609261939219
5692 9.66810966810967
5694 9.64028776978417
5696 9.61262553802009
5698 9.58512160228898
5700 9.70042796005706
5702 9.6728307254623
5704 9.64539007092199
5706 9.75954738330976
5708 9.73201692524683
5710 9.70464135021097
5712 9.67741935483871
5714 9.79020979020979
5716 9.7629009762901
5718 9.73574408901252
5720 9.70873786407767
5722 9.68188105117566
5724 9.6551724137931
5726 9.62861072902338
5728 9.60219478737997
5730 9.57592339261286
5732 9.54979536152797
5734 9.52380952380952
5736 9.49796472184532
5738 9.4722598105548
5740 9.58164642375169
5742 9.55585464333782
5744 9.53020134228188
5746 9.50468540829987
5748 9.47930574098798
5750 9.45406125166445
5752 9.42895086321381
5754 9.40397350993377
5756 9.37912813738441
5758 9.48616600790514
5760 9.46123521681997
5762 9.43643512450852
5764 9.54248366013072
5766 9.51760104302477
5768 9.49284785435631
5770 9.59792477302205
5772 9.57309184993532
5774 9.54838709677419
5776 9.52380952380952
5778 9.49935815147625
5780 9.47503201024328
5782 9.45083014048531
5784 9.42675159235669
5786 9.40279542566709
5788 9.50570342205323
5790 9.48166877370417
5792 9.4577553593947
5794 9.43396226415094
5796 9.41028858218319
5798 9.38673341677096
5800 9.36329588014981
5802 9.33997509339975
5804 9.44099378881988
5806 9.41759603469641
5808 9.39431396786156
5810 9.4944512946979
5812 9.47109471094711
5814 9.4478527607362
5816 9.42472460220318
5818 9.4017094017094
5820 9.50060901339829
5822 9.4775212636695
5824 9.57575757575758
5826 9.55259975816203
5828 9.52955367913148
5830 9.50661853188929
5832 9.48379351740696
5834 9.46107784431138
5836 9.43847072879331
5838 9.41597139451728
5840 9.3935790725327
5842 9.37129300118624
5844 9.3491124260355
5846 9.44510035419126
5848 9.4228504122497
5850 9.40070505287897
5852 9.49589683470106
5854 9.47368421052632
5856 9.45157526254376
5858 9.42956926658906
5860 9.40766550522648
5862 9.38586326767092
5864 9.36416184971098
5866 9.34256055363322
5868 9.3210586881473
5870 9.29965556831228
5872 9.27835051546392
5874 9.25714285714286
5876 9.23603192702395
5878 9.3287827076223
5880 9.30760499432463
5882 9.28652321630804
5884 9.37853107344633
5886 9.35738444193912
5888 9.3363329583802
5890 9.31537598204265
5892 9.29451287793953
5894 9.27374301675978
5896 9.25306577480491
5898 9.23248053392659
5900 9.21198668146504
5902 9.19158361018826
5904 9.17127071823204
5906 9.15104740904079
5908 9.13091309130913
5910 9.11086717892426
5912 9.09090909090909
5914 9.07103825136612
5916 9.05125408942203
5918 9.03155603917301
5920 9.01194353963084
5922 8.99241603466956
5924 8.97297297297297
5926 8.95361380798274
5928 8.93433799784715
5930 8.91514500537057
5932 8.89603429796356
5934 8.87700534759358
5936 8.85805763073639
5938 8.83919062832801
5940 8.82040382571732
5942 8.8016967126193
5944 8.78306878306878
5946 8.76451953537487
5948 8.74604847207587
5950 8.72765509989485
5952 8.7093389296957
5954 8.69109947643979
5956 8.88192267502612
5958 8.86339937434828
5960 8.84495317377731
5962 8.82658359293873
5964 8.80829015544041
5966 8.79007238883144
5968 8.7719298245614
5970 8.75386199794027
5972 8.73586844809866
5974 8.71794871794872
5976 8.70010235414534
5978 8.78447395301328
5980 8.76656472986748
5982 8.74872838250254
5984 8.73096446700508
5986 8.71327254305978
5988 8.69565217391304
5990 8.67810292633703
5992 8.66062437059416
5994 8.74371859296482
5996 8.72617853560682
5998 8.70870870870871
6000 8.69130869130869
6002 8.67397806580259
6004 8.75621890547264
6006 8.73882820258193
6008 8.7215064420218
6010 8.70425321463897
6012 8.68706811451135
6014 8.66995073891626
6016 8.65290068829892
6018 8.63591756624141
6020 8.61900097943193
6022 8.60215053763441
6024 8.58536585365854
6026 8.56864654333009
6028 8.55199222546161
6030 8.63239573229874
6032 8.61568247821878
6034 8.59903381642512
6036 8.5824493731919
6038 8.56592877767084
6040 8.54947166186359
6042 8.53307766059444
6044 8.51674641148325
6046 8.50047755491881
6048 8.57959961868446
6050 8.56327307326356
6052 8.54700854700855
6054 8.53080568720379
6056 8.51466414380322
6058 8.59301227573182
6060 8.67106503298775
6062 8.65475070555033
6064 8.73239436619718
6066 8.71602624179944
6068 8.69971936389149
6070 8.68347338935574
6072 8.6672879776328
6074 8.74418604651163
6076 8.82079851439183
6078 8.80444856348471
6080 8.78815911193339
6082 8.86426592797784
6084 8.84792626728111
6086 8.83164673413063
6088 8.81542699724518
6090 8.89092575618698
6092 8.87465690759378
6094 8.85844748858447
6096 8.84229717411121
6098 8.82620564149227
6100 8.81017257039055
6102 8.79419764279239
6104 8.77828054298643
6106 8.76242095754291
6108 8.83678990081154
6110 8.82088208820882
6112 8.80503144654088
6114 8.78923766816144
6116 8.77350044762757
6118 8.75781948168007
6120 8.74219446922391
6122 8.72662511130899
6124 8.71111111111111
6126 8.78438331854481
6128 8.85739592559787
6130 8.84173297966401
6132 8.8261253309797
6134 8.89867841409692
6136 8.8830255057168
6138 8.86742756804214
6140 8.85188431200701
6142 8.83639545056868
6144 8.82096069868996
6146 8.80557977332171
6148 8.79025239338555
6150 8.77497827975673
6152 8.75975715524718
6154 8.83116883116883
6156 8.90233362143474
6158 8.9732528041415
6160 8.95779500430663
6162 8.94239036973345
6164 8.92703862660944
6166 8.91173950299914
6168 8.89649272882806
6170 8.88129803586678
6172 8.86615515771526
6174 8.85106382978723
6176 8.83602378929482
6178 8.82103477523325
6180 8.80609652836579
6182 8.79120879120879
6184 8.77637130801688
6186 8.8458298230834
6188 8.8309503784693
6190 8.81612090680101
6192 8.80134115674769
6194 8.78661087866109
6196 8.7719298245614
6198 8.75729774812344
6200 8.74271440466278
6202 8.72817955112219
6204 8.71369294605809
6206 8.69925434962718
6208 8.6848635235732
6210 8.75309661436829
6212 8.73866446826051
6214 8.72427983539095
6216 8.70994248151191
6218 8.69565217391304
6220 8.76330876330876
6222 8.74897792313982
6224 8.81632653061224
6226 8.80195599022005
6228 8.95036615134256
6230 8.93582453290008
6232 8.9213300892133
6234 8.90688259109312
6236 8.9733225545675
6238 8.95883777239709
6240 8.94439967767929
6242 8.93000804505229
6244 8.91566265060241
6246 8.90136327185245
6248 8.8871096877502
6250 8.95283772981615
6252 8.93854748603352
6254 8.92430278884462
6256 8.91010342084328
6258 8.89594916600477
6260 8.88183980967486
6262 8.86777513855899
6264 8.85375494071146
6266 8.83977900552486
6268 8.82584712371946
6270 8.81195908733281
6272 8.79811468970935
6274 8.7843137254902
6276 8.77055599060298
6278 8.75684128225176
6280 8.7431693989071
6282 8.72954014029618
6284 8.715953307393
6286 8.7024087024087
6288 8.76648564778898
6290 8.75290472501936
6292 8.73936581593194
6294 8.72586872586873
6296 8.7124132613724
6298 8.69899923017706
6300 8.68562644119908
6302 8.67229470452801
6304 8.73563218390805
6306 8.72226472838562
6308 8.70893812070283
6310 8.69565217391304
6312 8.68240670220868
6314 8.66920152091255
6316 8.65603644646925
6318 8.64291129643669
6320 8.62982588947767
6322 8.61678004535147
6324 8.67924528301887
6326 8.66616428033158
6328 8.65312264860798
6330 8.64012021036814
6332 8.6271567891973
6334 8.61423220973783
6336 8.60134629768138
6338 8.58849887976102
6340 8.57568978374347
6342 8.56291883842144
6344 8.55018587360595
6346 8.53749072011878
6348 8.52483320978503
6350 8.51221317542561
6352 8.49963045084996
6354 8.48708487084871
6356 8.54826823876198
6358 8.53568800588668
6360 8.52314474650992
6362 8.51063829787234
6364 8.4981684981685
6366 8.48573518653987
6368 8.47333820306793
6370 8.46097738876732
6372 8.44865258557902
6374 8.43636363636364
6376 8.4241103848947
6378 8.41189267585207
6380 8.39971035481535
6382 8.38756326825741
6384 8.37545126353791
6386 8.3633741888969
6388 8.35133189344852
6390 8.33932422717469
6392 8.32735104091888
6394 8.31541218637993
6396 8.30350751610594
6398 8.29163688348821
6400 8.27980014275517
6402 8.2679971489665
6404 8.25622775800712
6406 8.38663823738451
6408 8.37473385379702
6410 8.36286321757619
6412 8.35102618542109
6414 8.33922261484099
6416 8.32745236414961
6418 8.31571529245948
6420 8.30401125967628
6422 8.29234012649332
6424 8.35087719298246
6426 8.33917309039944
6428 8.32750174947516
6430 8.31586303284416
6432 8.30425680390788
6434 8.29268292682927
6436 8.28114126652749
6438 8.26963168867269
6440 8.25815405968078
6442 8.24670824670825
6444 8.23529411764706
6446 8.2930200414651
6448 8.2815734989648
6450 8.27015851137147
6452 8.25877494838266
6454 8.24742268041237
6456 8.23610157858614
6458 8.22481151473612
6460 8.2135523613963
6462 8.27067669172932
6464 8.25938566552901
6466 8.24812542603954
6468 8.23689584751532
6470 8.22569680489463
6472 8.21452817379498
6474 8.20338983050847
6476 8.19228165199729
6478 8.24881676808655
6480 8.23767724510466
6482 8.22656776803776
6484 8.21548821548822
6486 8.2044384667115
6488 8.19341840161182
6490 8.18242790073776
6492 8.17146684527796
6494 8.16053511705686
6496 8.14963259853039
6498 8.13875917278185
6500 8.12791472351766
6502 8.11709913506321
6504 8.1063122923588
6506 8.09555408095554
6508 8.08482438701127
6510 8.07412309728656
6512 8.06345009914078
6514 8.05280528052805
6516 8.04218852999341
6518 8.03159973666886
6520 8.02103879026956
6522 8.01050558108995
6524 8
6526 8.12049770792403
6528 8.10987573577502
6530 8.09928151534944
6532 8.08871493803001
6534 8.07817589576547
6536 8.06766428106701
6538 8.05717998700455
6540 8.04672290720312
6542 8.03629293583927
6544 8.02588996763754
6546 8.01551389786684
6548 8.00516462233699
6550 7.99484203739523
6552 8.04893754024469
6554 8.03858520900322
6556 8.02825947334618
6558 8.01796023091726
6560 8.07174887892377
6562 8.06142034548944
6564 8.05111821086262
6566 8.16847479259732
6568 8.22179732313576
6570 8.21133036282623
6572 8.20089001907184
6574 8.19047619047619
6576 8.18008877615726
6578 8.16972767574414
6580 8.22264389626818
6582 8.2122552116235
6584 8.2018927444795
6586 8.19155639571519
6588 8.18124606670862
6590 8.17096165933375
6592 8.16070307595731
6594 8.15047021943574
6596 8.14026299311208
6598 8.13008130081301
6600 8.18238600874454
6602 8.17217716781036
6604 8.1619937694704
6606 8.15183571873055
6608 8.14170292106899
6610 8.13159528243327
6612 8.18350898946063
6614 8.1733746130031
6616 8.16326530612245
6618 8.21494749845584
6620 8.20481184454041
6622 8.1947011706716
6624 8.18461538461538
6626 8.17455439459127
6628 8.16451810926949
6630 8.15450643776824
6632 8.14451928965095
6634 8.13455657492355
6636 8.12461820403177
6638 8.11470408785845
6640 8.1048141377209
6642 8.09494826536823
6644 8.08510638297872
6646 8.07528840315726
6648 8.06549423893269
6650 8.0557238037553
6652 8.10647307924985
6654 8.09667673716012
6656 8.08690404345202
6658 8.07715491259795
6660 8.06742925948224
6662 8.05772699939868
6664 8.04804804804805
6666 8.03839232153569
6668 8.02875973636908
6670 8.01915020945542
6672 8.06933652121937
6674 8.11940298507463
6676 8.10971973762671
6678 8.15961882072662
6680 8.14991076740036
6682 8.14022578728461
6684 8.13056379821959
6686 8.12092471843509
6688 8.11130846654825
6690 8.10171496156121
6692 8.09214412285883
6694 8.08259587020649
6696 8.07307012374779
6698 8.06356680400235
6700 8.05408583186361
6702 8.04462712859659
6704 8.03519061583578
6706 8.02577621558289
6708 8.0163838502048
6710 8.00701344243133
6712 7.99766491535318
6714 7.98833819241982
6716 7.97903319743739
6718 7.96974985456661
6720 7.96048808832074
6722 7.95124782356355
6724 7.94202898550725
6726 7.93283149971048
6728 7.92365529207634
6730 7.91450028885038
6732 7.90536641661858
6734 7.89625360230548
6736 7.88716177317214
6738 7.87809085681426
6740 7.86904078116025
6742 7.86001147446931
6744 7.85100286532951
6746 7.89925586720092
6748 7.89022298456261
6750 7.88121073672187
6752 7.87221905305191
6754 7.86324786324786
6756 7.85429709732499
6758 7.84536668561683
6760 7.83645655877342
6762 7.8275666477595
6764 7.81869688385269
6766 7.80984719864177
6768 7.80101752402487
6770 7.79220779220779
6772 7.7834179357022
6774 7.77464788732394
6776 7.76589758019133
6778 7.75716694772344
6780 7.74845592363841
6782 7.73976444195177
6784 7.73109243697479
6786 7.77839955232233
6788 7.769703745109
6790 7.76102735901731
6792 7.75237032905745
6794 7.74373259052925
6796 7.73511407902059
6798 7.78210116731517
6800 7.77345918933926
6802 7.76483638380477
6804 7.75623268698061
6806 7.74764803541782
6808 7.73908236594804
6810 7.73053561568194
6812 7.72200772200772
6814 7.71349862258953
6816 7.70500825536599
6818 7.69653655854865
6820 7.68808347062054
6822 7.67964893033461
6824 7.67123287671233
6826 7.66283524904215
6828 7.65445598687808
6830 7.64609503003823
6832 7.63775231860338
6834 7.62942779291553
6836 7.62112139357648
6838 7.61283306144644
6840 7.65888104291146
6842 7.65056972327727
6844 7.64227642276423
6846 7.63400108283703
6848 7.62574364521363
6850 7.61750405186386
6852 7.6092822450081
6854 7.6010781671159
6856 7.64674205708131
6858 7.63851533082302
6860 7.6303062869425
6862 7.62211486849168
6864 7.61394101876676
6866 7.60578468130691
6868 7.59764579989299
6870 7.58952431854623
6872 7.58142018152696
6874 7.57333333333333
6876 7.61854022376132
6878 7.61043108036189
6880 7.60233918128655
6882 7.64737121614445
6884 7.69230769230769
6886 7.68415474297827
6888 7.67601905770249
6890 7.72078265468006
6892 7.71262546222927
6894 7.70448548812665
6896 7.74907749077491
6898 7.74091627172196
6900 7.73277222514466
6902 7.72464529689963
6904 7.71653543307087
6906 7.70844257996854
6908 7.75275013095862
6910 7.74463631606489
6912 7.73653946680606
6914 7.72845953002611
6916 7.72039645279082
6918 7.71235018238666
6920 7.70432066631963
6922 7.69630785231409
6924 7.68831168831169
6926 7.68033212247016
6928 7.67236910316226
6930 7.66442257897462
6932 7.65649249870667
6934 7.64857881136951
6936 7.64068146618482
6938 7.63280041258381
6940 7.62493560020608
6942 7.61708697889861
6944 7.60925449871465
6946 7.60143810991269
6948 7.59363776295536
6950 7.58585340850846
6952 7.57808499743984
6954 7.57033248081841
6956 7.56259580991313
6958 7.55487493619193
6960 7.59816420193779
6962 7.5904228222109
6964 7.58269720101781
6966 7.57498729028978
6968 7.56729304215338
6970 7.55961440892948
6972 7.55195134313229
6974 7.54430379746835
6976 7.53667172483561
6978 7.52905507832238
6980 7.52145381120646
6982 7.5642965204236
6984 7.55667506297229
6986 7.54906894816306
6988 7.54147812971342
6990 7.53390256152687
6992 7.52634219769192
6994 7.5187969924812
6996 7.51126690035053
6998 7.50375187593797
7000 7.49625187406297
7002 7.48876684972541
7004 7.48129675810474
7006 7.47384155455904
7008 7.46640119462419
7010 7.45897563401293
7012 7.45156482861401
7014 7.44416873449132
7016 7.43678730788299
7018 7.42942050520059
7020 7.47154873824839
7022 7.46416213544241
7024 7.45679012345679
7026 7.498766650222
7028 7.54066042385412
7030 7.58247168882324
7032 7.57501229709789
7034 7.56756756756757
7036 7.56013745704467
7038 7.55272192251103
7040 7.5453209211171
7042 7.53793441018111
7044 7.53056234718826
7046 7.52320468978994
7048 7.56466569058077
7050 7.557289127255
7052 7.54992693619094
7054 7.54257907542579
7056 7.53524550315994
7058 7.52792617775619
7060 7.52062105773896
7062 7.51333010179351
7064 7.50605326876513
7066 7.54716981132075
7068 7.53987433542774
7070 7.53259295026557
7072 7.52532561505065
7074 7.51807228915663
7076 7.51083293211363
7078 7.5036075036075
7080 7.4963959634791
7082 7.48919827172348
7084 7.48201438848921
7086 7.47484427407762
7088 7.46768788894208
7090 7.46054519368723
7092 7.45341614906832
7094 7.44630071599045
7096 7.43919885550787
7098 7.43211052882325
7100 7.42503569728701
7102 7.41797432239658
7104 7.41092636579572
7106 7.40389178927385
7108 7.44428639165481
7110 7.43723353860729
7112 7.43019403691434
7114 7.42316784869976
7116 7.41615493623052
7118 7.409155261916
7120 7.4021687883074
7122 7.39519547809703
7124 7.38823529411765
7126 7.4283027738599
7128 7.42132456552372
7130 7.41435945565462
7132 7.40740740740741
7134 7.44730679156909
7136 7.44033692091717
7138 7.43338008415147
7140 7.42643624474545
7142 7.41950536630891
7144 7.41258741258741
7146 7.40568234746157
7148 7.39879013494649
7150 7.39191073919107
7152 7.38504412447747
7154 7.37819025522042
7156 7.37134909596662
7158 7.36452061139416
7160 7.40397963905599
7162 7.44336569579288
7164 7.4364896073903
7166 7.47577295800646
7168 7.46887966804979
7170 7.46199907876555
7172 7.45513115508514
7174 7.44827586206897
7176 7.44143316490583
7178 7.48049564020193
7180 7.47363594681339
7182 7.46678882272103
7184 7.45995423340961
7186 7.45313214449017
7188 7.44632252169941
7190 7.43952533089913
7192 7.4327405380757
7194 7.42596810933941
7196 7.41920801092399
7198 7.45793542519327
7200 7.45115856428896
7202 7.44439400817068
7204 7.43764172335601
7206 7.43090167648391
7208 7.42417383431417
7210 7.41745816372682
7212 7.41075463172164
7214 7.40406320541761
7216 7.39738385205232
7218 7.43578188373141
7220 7.42908599729851
7222 7.42240215924426
7224 7.41573033707865
7226 7.40907049842838
7228 7.40242261103634
7230 7.39578664276109
7232 7.38916256157635
7234 7.38255033557047
7236 7.37594993294591
7238 7.36936132201876
7240 7.36278447121821
7242 7.35621934908605
7244 7.34966592427617
7246 7.34312416555407
7248 7.33659404179635
7250 7.33007552199023
7252 7.32356857523302
7254 7.31707317073171
7256 7.31058927780239
7258 7.30411686586985
7260 7.34188412206988
7262 7.37958462218294
7264 7.37306843267108
7266 7.36656374062638
7268 7.36007051564566
7270 7.35358872743285
7272 7.3471183457985
7274 7.34065934065934
7276 7.33421168203777
7278 7.32777534006143
7280 7.32135028496274
7282 7.31493648707841
7284 7.30853391684902
7286 7.30214254481854
7288 7.2957623416339
7290 7.28939327804452
7292 7.28303532490188
7294 7.27668845315904
7296 7.27035263387027
7298 7.26402783819052
7300 7.25771403737505
7302 7.29483282674772
7304 7.2885032537961
7306 7.28218465539662
7308 7.27587700303162
7310 7.26958026828213
7312 7.2632944228275
7314 7.25701943844492
7316 7.25075528700906
7318 7.24450194049159
7320 7.23825937096079
7322 7.23202755058114
7324 7.2258064516129
7326 7.21959604641169
7328 7.21339630742808
7330 7.20720720720721
7332 7.20102871838834
7334 7.1948608137045
7336 7.18870346598203
7338 7.18255664814023
7340 7.17642033319094
7342 7.17029449423816
7344 7.16417910447761
7346 7.15807413719642
7348 7.15197956577267
7350 7.14589536367503
7352 7.18232044198895
7354 7.17622080679406
7356 7.17013152312261
7358 7.16405256464604
7360 7.15798390512495
7362 7.1519255184088
7364 7.14587737843552
7366 7.13983945923109
7368 7.13381173490924
7370 7.12779417967102
7372 7.12178676780447
7374 7.11578947368421
7376 7.10980227177114
7378 7.10382513661202
7380 7.09785804283914
7382 7.09190096516995
7384 7.08595387840671
7386 7.08001675743611
7388 7.07408957722897
7390 7.06817231283982
7392 7.0622649394066
7394 7.05636743215031
7396 7.05047976637464
7398 7.04460191746561
7400 7.08038317367763
7402 7.07449022055764
7404 7.06860706860707
7406 7.06273369339427
7408 7.0568700705687
7410 7.05101617586064
7412 7.04517198508081
7414 7.03933747412008
7416 7.03351261894911
7418 7.02769739561802
7420 7.02189178025609
7422 7.05736690053653
7424 7.05154639175258
7426 7.04573547589617
7428 7.03993412927131
7430 7.03414232825998
7432 7.02836004932183
7434 7.02258726899384
7436 7.01682396389003
7438 7.01107011070111
7440 7.00532568619418
7442 6.99959066721244
7444 6.99386503067485
7446 7.02901512055578
7448 7.02327480604328
7450 7.01754385964912
7452 7.01182225845903
7454 7.0061099796334
7456 7.000407000407
7458 6.99471329808865
7460 7.0296627387241
7462 7.06455542021924
7464 7.05882352941176
7466 7.05310093230645
7468 7.04738760631835
7470 7.04168352893565
7472 7.03598867771937
7474 7.03030303030303
7476 7.02462656439241
7478 7.01895925776523
7480 7.01330108827086
7482 7.00765203383004
7484 7.00201207243461
7486 6.99638118214717
7488 6.99075934110084
7490 6.985146527499
7492 6.97954271961492
7494 6.97394789579158
7496 6.96836203444133
7498 6.96278511404562
7500 6.95721711315474
7502 6.95165801038754
7504 6.94610778443114
7506 6.94056641404069
7508 6.93503387803906
7510 6.96933492632417
7512 6.96378830083565
7514 6.95825049701789
7516 6.95272149384188
7518 6.94720127034538
7520 6.98135660452202
7522 7.01545778834721
7524 7.00990099009901
7526 7.04392560348239
7528 7.03835508105971
7530 7.03279336230739
7532 7.02724042637189
7534 7.02169625246548
7536 7.01616081986598
7538 7.0106341079165
7540 7.00511609602519
7542 6.99960676366496
7544 6.99410609037328
7546 7.02787593246957
7548 7.0223617104747
7550 7.01685613484908
7552 7.01135918527223
7554 7.00587084148728
7556 7.00039108330074
7558 6.99491989058226
7560 6.98945724326435
7562 6.98400312134218
7564 6.97855750487329
7566 6.97312037397741
7568 6.96769170883612
7570 6.96227148969273
7572 6.95685969685192
7574 6.95145631067961
7576 6.94606131160264
7578 6.94067468010857
7580 6.93529639674545
7582 6.92992644212156
7584 6.92456479690522
7586 6.95786625434867
7588 6.95249130938586
7590 6.94712466229255
7592 6.94176629386811
7594 6.9364161849711
7596 6.93107431651906
7598 6.92574066948827
7600 6.9204152249135
7602 6.91509796388782
7604 6.90978886756238
7606 6.90448791714615
7608 6.89919509390571
7610 6.89391037916507
7612 6.8886337543054
7614 6.88336520076482
7616 6.87810470003821
7618 6.87285223367698
7620 6.86760778328882
7622 6.86237133053755
7624 6.85714285714286
7626 6.85192234488009
7628 6.84670977558007
7630 6.84150513112885
7632 6.83630839346753
7634 6.83111954459203
7636 6.8259385665529
7638 6.8207654414551
7640 6.81560015145778
7642 6.81044267877412
7644 6.80529300567108
7646 6.80015111446921
7648 6.79501698754247
7650 6.78989060731799
7652 6.78477195627591
7654 6.77966101694915
7656 6.77455777192322
7658 6.76946220383603
7660 6.76437429537768
7662 6.75929402929027
7664 6.75422138836773
7666 6.74915635545557
7668 6.74409891345073
7670 6.73904904530139
7672 6.73400673400673
7674 6.72897196261682
7676 6.72394471423235
7678 6.71892497200448
7680 6.71391271913465
7682 6.70890793887439
7684 6.70391061452514
7686 6.69892072943803
7688 6.69393826701376
7690 6.68896321070234
7692 6.72112885258077
7694 6.71614100185529
7696 6.71116054875788
7698 6.70618747684327
7700 6.70122176971492
7702 6.69626341102479
7704 6.72828096118299
7706 6.72330993719985
7708 6.71834625322997
7710 6.7133898930284
7712 6.70844084039808
7714 6.70349907918969
7716 6.69856459330144
7718 6.69363736667893
7720 6.68871738331496
7722 6.68380462724936
7724 6.67889908256881
7726 6.67400073340667
7728 6.70575302308538
7730 6.70084218235079
7732 6.69593852908891
7734 6.69104204753199
7736 6.72268907563025
7738 6.71778021175612
7740 6.71287851149216
7742 6.70798395916879
7744 6.70309653916211
7746 6.6982162358937
7748 6.69334303383048
7750 6.68847691748455
7752 6.683617871413
7754 6.67876588021779
7756 6.67392092854552
7758 6.66908300108735
7760 6.66425208257878
7762 6.65942815779949
7764 6.65461121157324
7766 6.7220816769064
7768 6.71722643553629
7770 6.71237820281487
7772 6.70753696357735
7774 6.7027027027027
7776 6.69787540511343
7778 6.69305505577546
7780 6.68824163969795
7782 6.68343514193317
7784 6.6786355475763
7786 6.67384284176534
7788 6.66905700968089
7790 6.66427803654604
7792 6.65950590762621
7794 6.65474060822898
7796 6.64998212370397
7798 6.64523043944266
7800 6.64048554087826
7802 6.63574741348555
7804 6.63101604278075
7806 6.62629141432134
7808 6.62157351370595
7810 6.61686232657417
7812 6.61215783860647
7814 6.60746003552398
7816 6.60276890308839
7818 6.59808442710181
7820 6.59340659340659
7822 6.58873538788523
7824 6.58407079646018
7826 6.57941280509374
7828 6.57476139978791
7830 6.57011656658425
7832 6.56547829156371
7834 6.56084656084656
7836 6.59146986253084
7838 6.58682634730539
7840 6.61738824357621
7842 6.64790714034471
7844 6.64323374340949
7846 6.63856691253952
7848 6.63390663390663
7850 6.6292528937215
7852 6.62460567823344
7854 6.6199649737303
7856 6.61533076653833
7858 6.61070304302204
7860 6.64103460328556
7862 6.63639538945162
7864 6.63176265270506
7866 6.62713637949076
7868 6.62251655629139
7870 6.61790316962731
7872 6.61329620605639
7874 6.60869565217391
7876 6.60410149461244
7878 6.59951372004168
7880 6.59493231516834
7882 6.59035726673604
7884 6.58578856152513
7886 6.58122618635262
7888 6.576670128072
7890 6.57212037357316
7892 6.56757690978223
7894 6.56303972366149
7896 6.55850880220918
7898 6.55398413245947
7900 6.54946570148225
7902 6.54495349638305
7904 6.54044750430293
7906 6.5359477124183
7908 6.53145410794087
7910 6.52696667811749
7912 6.52248541023
7914 6.5180102915952
7916 6.51354130956462
7918 6.5433367591641
7920 6.53885655597398
7922 6.53438248374957
7924 6.52991452991453
7926 6.52545268192689
7928 6.52099692727893
7930 6.5165472534971
7932 6.51210364814183
7934 6.5076660988075
7936 6.50323459312223
7938 6.49880911874787
7940 6.4943896633798
7942 6.48997621474686
7944 6.48556876061121
7946 6.48116728876824
7948 6.51068158697864
7950 6.50626906133514
7952 6.50186251269895
7954 6.49746192893401
7956 6.4930672979371
7958 6.48867860763772
7960 6.48429584599797
7962 6.47991900101249
7964 6.47554806070826
7966 6.50488709133805
7968 6.500505220613
7970 6.49612924941097
7972 6.49175916582577
7974 6.48739495798319
7976 6.48303661404098
7978 6.47868412218865
7980 6.47433747064743
7982 6.50351994636272
7984 6.49916247906198
7986 6.49481084700368
7988 6.49046503847441
7990 6.48612504179204
7992 6.48179084530571
7994 6.47746243739566
7996 6.47313980647314
7998 6.46882294098033
8000 6.4645118293902
8002 6.46020646020646
8004 6.45590682196339
8006 6.48486863984037
8008 6.48055832502493
8010 6.47625373630023
8012 6.47195486226352
8014 6.46766169154229
8016 6.46337421279417
8018 6.45909241470686
8020 6.45481628599801
8022 6.45054581541515
8024 6.44628099173554
8026 6.4420218037661
8028 6.43776824034335
8030 6.46651270207852
8032 6.46224859874711
8034 6.45799011532125
8036 6.45373724069806
8038 6.44948996380388
8040 6.44524827359421
8042 6.47387446598751
8044 6.4696223316913
8046 6.4653757794552
8048 6.49393243686455
8050 6.48967551622419
8052 6.48542417294464
8054 6.48117839607201
8056 6.47693817468106
8058 6.47270349787512
8060 6.46847435478602
8062 6.46425073457395
8064 6.46003262642741
8066 6.45582001956309
8068 6.45161290322581
8070 6.44741126668838
8072 6.44321509925155
8074 6.4390243902439
8076 6.46733831654209
8078 6.46313738226697
8080 6.45894190197988
8082 6.45475186506649
8084 6.45056726094003
8086 6.44638807904114
8088 6.44221430883781
8090 6.4380459398253
8092 6.43388296152603
8094 6.4297253634895
8096 6.42557313529222
8098 6.42142626653759
8100 6.41728474685585
8102 6.41314856590396
8104 6.40901771336554
8106 6.40489217895076
8108 6.40077195239627
8110 6.39665702346512
8112 6.4246707356248
8114 6.42054574638844
8116 6.44850818094321
8118 6.44437319653735
8120 6.44024351169497
8122 6.43611911623439
8124 6.432
8126 6.42788615286217
8128 6.42377756471716
8130 6.41967422548707
8132 6.44749441429939
8134 6.44338118022329
8136 6.43927319094676
8138 6.43517043644473
8140 6.43107290671761
8142 6.42698059179128
8144 6.45468998410175
8146 6.45058786145535
8148 6.44649094950778
8150 6.44239923833704
8152 6.4383127180463
8154 6.43423137876387
8156 6.43015521064302
8158 6.42608420386198
8160 6.45365390699146
8162 6.44957319000948
8164 6.44549763033175
8166 6.44142721818756
8168 6.43736194383086
8170 6.43330179754021
8172 6.42924676961866
8174 6.4251968503937
8176 6.42115203021719
8178 6.44856873230576
8180 6.44451430367809
8182 6.44046497015394
8184 6.43642072213501
8186 6.43238155004707
8188 6.45970523675133
8190 6.45565653400188
8192 6.45161290322581
8194 6.44757433489828
8196 6.4435408195183
8198 6.43951234760863
8200 6.43548890971571
8202 6.43147049640962
8204 6.42745709828393
8206 6.42344870595572
8208 6.41944531006544
8210 6.41544690127686
8212 6.411453470277
8214 6.40746500777605
8216 6.4034815045073
8218 6.39950295122709
8220 6.39552933871468
8222 6.39156065777226
8224 6.38759689922481
8226 6.38363805392005
8228 6.3796841127284
8230 6.37573506654287
8232 6.371790906279
8234 6.36785162287481
8236 6.39481000926784
8238 6.42173510342698
8240 6.41777229250231
8242 6.41381436941104
8244 6.40986132511556
8246 6.40591315060055
8248 6.40196983687288
8250 6.39803137496155
8252 6.39409775591761
8254 6.39016897081413
8256 6.41694811175929
8258 6.41301012580546
8260 6.40907697025452
8262 6.40514863622433
8264 6.40122511485452
8266 6.3973063973064
8268 6.39339247476292
8270 6.38948333842862
8272 6.38557897952948
8274 6.38167938931298
8276 6.37778455904791
8278 6.3738944800244
8280 6.37000914355379
8282 6.36612854096863
8284 6.36225266362253
8286 6.35838150289017
8288 6.35451505016722
8290 6.35065329687025
8292 6.37716368053447
8294 6.40364188163885
8296 6.43008795875038
8298 6.42618975447105
8300 6.42229627385641
8302 6.44868301544051
8304 6.44478063540091
8306 6.4408829755065
8308 6.43699002719855
8310 6.43310178193899
8312 6.42921823121038
8314 6.42533936651584
8316 6.42146517937896
8318 6.44772521843929
8320 6.44384221619994
8322 6.43996388805296
8324 6.43609022556391
8326 6.43222122031861
8328 6.4283568639231
8330 6.4244971480036
8332 6.42064206420642
8334 6.4167916041979
8336 6.41294575966437
8338 6.40910452231207
8340 6.43519904220293
8342 6.43134908764583
8344 6.42750373692078
8346 6.45354048401554
8348 6.4496864735742
8350 6.44583706356312
8352 6.44199224575007
8354 6.4381520119225
8356 6.4343163538874
8358 6.43048526347127
8360 6.42665873252008
8362 6.4228367528992
8364 6.41901931649331
8366 6.41520641520642
8368 6.41139804096171
8370 6.40759418570157
8372 6.40379484138749
8374 6.4
8376 6.39620965353864
8378 6.3924237940219
8380 6.38864241348713
8382 6.38486550399054
8384 6.38109305760709
8386 6.37732506643047
8388 6.37356152257303
8390 6.36980241816573
8392 6.36604774535809
8394 6.36229749631811
8396 6.35855166323226
8398 6.35481023830538
8400 6.35107321376066
8402 6.34734058183955
8404 6.34361233480176
8406 6.33988846492515
8408 6.36550308008214
8410 6.36177074171797
8412 6.358042777615
8414 6.35431918008785
8416 6.35059994146912
8418 6.34688505410939
8420 6.34317451037708
8422 6.33946830265849
8424 6.33576642335766
8426 6.33206886489641
8428 6.35753864100321
8430 6.3538327018362
8432 6.35013108068745
8434 6.34643377001456
8436 6.37183590340413
8438 6.36813027042745
8440 6.36442894507411
8442 6.36073191983735
8444 6.38606676342525
8446 6.38236147374529
8448 6.37866048129893
8450 6.37496377861489
8452 6.40023168259485
8454 6.39652677279305
8456 6.3928261498409
8458 6.3891298063024
8460 6.38543773475874
8462 6.38174992780826
8464 6.37806637806638
8466 6.37438707816556
8468 6.37071202075526
8470 6.39585133967156
8472 6.39216815433343
8474 6.38848920863309
8476 6.38481449525453
8478 6.38114400689853
8480 6.37747773628268
8482 6.37381567614126
8484 6.37015781922525
8486 6.36650415830227
8488 6.36285468615649
8490 6.35920939558866
8492 6.35556827941597
8494 6.3519313304721
8496 6.34829854160709
8498 6.34466990568734
8500 6.34104541559554
8502 6.33742506423066
8504 6.33380884450785
8506 6.33019674935843
8508 6.32658877172984
8510 6.32298490458559
8512 6.31938514090521
8514 6.31578947368421
8516 6.31219789593403
8518 6.30861040068201
8520 6.30502698097131
8522 6.30144762986091
8524 6.29787234042553
8526 6.2943011057556
8528 6.29073391895721
8530 6.28717077315208
8532 6.2836116614775
8534 6.28005657708628
8536 6.27650551314673
8538 6.27295846284261
8540 6.26941541937306
8542 6.26587637595258
8544 6.262341325811
8546 6.2588102621934
8548 6.2552831783601
8550 6.25176006758659
8552 6.24824092316352
8554 6.24472573839662
8556 6.24121450660669
8558 6.23770722112953
8560 6.23420387531592
8562 6.23070446253157
8564 6.22720897615708
8566 6.22371740958789
8568 6.22022975623424
8570 6.21674600952114
8572 6.21326616288833
8574 6.20979020979021
8576 6.20631814369583
8578 6.20284995808885
8580 6.19938564646747
8582 6.1959252023444
8584 6.19246861924686
8586 6.21689434067466
8588 6.21342992477013
8590 6.2099693678641
8592 6.20651266351239
8594 6.20305980528512
8596 6.19961078676675
8598 6.19616560155599
8600 6.19272424326576
8602 6.18928670552318
8604 6.18585298196949
8606 6.18242306626005
8608 6.17899695206428
8610 6.17557463306563
8612 6.17215610296153
8614 6.16874135546335
8616 6.16533038429638
8618 6.16192318319978
8620 6.15851974592654
8622 6.15512006624344
8624 6.15172413793103
8626 6.14833195478357
8628 6.14494351060898
8630 6.14155879922886
8632 6.13817781447839
8634 6.13480055020633
8636 6.13142700027495
8638 6.12805715856004
8640 6.12469101895084
8642 6.12132857534999
8644 6.11796982167353
8646 6.11461475185084
8648 6.11126335982461
8650 6.10791563955081
8652 6.10457158499863
8654 6.10123119015048
8656 6.09789444900191
8658 6.09456135556163
8660 6.09123190385141
8662 6.08790608790609
8664 6.08458390177353
8666 6.10853558767385
8668 6.10520577814118
8670 6.1018795968401
8672 6.09855703784372
8674 6.09523809523809
8676 6.09192276312211
8678 6.0886110356075
8680 6.0853029068188
8682 6.08199837089329
8684 6.078697421981
8686 6.07540005424464
8688 6.07210626185958
8690 6.06881603901382
8692 6.06552937990793
8694 6.0893098782138
8696 6.086015688396
8698 6.08272506082725
8700 6.0794379897325
8702 6.07615446934918
8704 6.07287449392713
8706 6.06959805772862
8708 6.06632515502831
8710 6.06305578011318
8712 6.05978992728252
8714 6.05652759084791
8716 6.05326876513317
8718 6.05001344447432
8720 6.04676162321956
8722 6.04351329572925
8724 6.04026845637584
8726 6.03702709954387
8728 6.03378921962993
8730 6.03055481104262
8732 6.02732386820252
8734 6.02409638554217
8736 6.02087235750602
8738 6.01765177855041
8740 6.01443464314354
8742 6.01122094576543
8744 6.00801068090788
8746 6.03149186015479
8748 6.02827420645505
8750 6.02505998400427
8752 6.02184918731681
8754 6.01864181091878
8756 6.01543784934788
8758 6.0122372971535
8760 6.00904014889657
8762 6.00584639914961
8764 6.00265604249668
8766 5.99946907353332
8768 6.02281772353409
8770 6.01962344205781
8772 6.01643254704479
8774 6.01324503311258
8776 6.01006089489012
8778 6.00688012701773
8780 6.00370272414705
8782 6.00052868094105
8784 5.99735799207398
8786 5.99419065223132
8788 5.99102665610979
8790 6.01424426272751
8792 6.01107302926443
8794 6.00790513833992
8796 6.00474058467211
8798 6.00157936299026
8800 5.99842146803473
8802 5.99526689455693
8804 6.01839684625493
8806 6.01523509324928
8808 6.01207666054082
8810 6.00892154290212
8812 6.00576973511671
8814 6.00262123197903
8816 5.99947602829447
8818 5.99633411887929
8820 5.99319549856059
8822 5.9900601621763
8824 5.98692810457516
8826 5.98379932061667
8828 5.98067380517106
8830 5.97755155311929
8832 5.97443255935299
8834 5.97131681877445
8836 5.96820432629659
8838 5.96509507684293
8840 5.96198906534757
8842 5.95888628675514
8844 5.95578673602081
8846 5.95269040811022
8848 5.97557807222655
8850 5.99844196312646
8852 5.99532831559824
8854 5.99221789883268
8856 5.98911070780399
8858 5.98600673749676
8860 5.98290598290598
8862 5.97980843903702
8864 5.97671410090556
8866 5.97362296353763
8868 5.9705350219695
8870 5.96745027124774
8872 5.96436870642912
8874 5.96129032258064
8876 5.95821511477947
8878 5.95514307811292
8880 5.95207420767843
8882 5.94900849858357
8884 5.94594594594595
8886 5.94288654489323
8888 5.93983029056313
8890 5.93677717810332
8892 5.93372720267146
8894 5.93068035943517
8896 5.95329740826277
8898 5.97589125416774
8900 5.9728274801333
8902 5.96976684601588
8904 5.96670934699104
8906 5.96365497824418
8908 5.96060373497058
8910 5.95755561237535
8912 5.9545106056734
8914 5.9514687100894
8916 5.9484299208578
8918 5.94539423322276
8920 5.94236164243815
8922 5.96482283966352
8924 5.96178343949045
8926 5.95874713521772
8928 5.95571392211759
8930 5.95268379547189
8932 5.94965675057208
8934 5.94663278271919
8936 5.94361188722377
8938 5.94059405940594
8940 5.93757929459528
8942 5.93456758813087
8944 5.93155893536122
8946 5.92855333164429
8948 5.92555077234743
8950 5.92255125284738
8952 5.91955476853023
8954 5.9165613147914
8956 5.93884255749305
8958 5.93584238444052
8960 5.93284524110073
8962 5.9298511228867
8964 5.92686002522068
8966 5.92387194353416
8968 5.92088687326783
8970 5.91790480987157
8972 5.91492574880443
8974 5.91194968553459
8976 5.90897661553935
8978 5.9060065343051
8980 5.9030394373273
8982 5.90007532011047
8984 5.89711417816813
8986 5.91923752194633
8988 5.91626974178992
8990 5.93836131295415
8992 5.93538692712246
8994 5.98247809762203
8996 5.9794846134601
8998 5.97649412353088
9000 5.99850037490627
9002 5.99550337247065
9004 5.99250936329588
9006 6.01447466932868
9008 6.01147418308805
9010 6.00847668910496
9012 6.00548218290556
9014 6.00249066002491
9016 5.99950211600697
9018 5.99651654640458
9020 5.99353394677941
9022 5.99055431270196
9024 5.98757763975155
9026 5.98460392351627
9028 5.98163315959295
9030 5.9786653435872
9032 5.97570047111332
9034 5.99752168525403
9036 5.99455040871935
9038 5.99158207477098
9040 5.98861667903984
9042 5.98565421716547
9044 5.98269468479604
9046 5.97973807758834
9048 5.97678439120771
9050 5.97383362132807
9052 5.97088576363188
9054 5.96794081381011
9056 5.96499876756224
9058 5.96205962059621
9060 5.95912336862842
9062 5.95619000738371
9064 5.95325953259533
9066 5.95033194000492
9068 5.9474072253625
9070 5.94448538442643
9072 5.94156641296342
9074 5.93865030674847
9076 5.93573706156488
9078 5.93282667320422
9080 5.92991913746631
9082 5.9270144501592
9084 5.92411260709914
9086 5.92121360411059
9088 5.91831743702617
9090 5.91542410168663
9092 5.91253359394087
9094 5.90964590964591
9096 5.90676104466683
9098 5.9038789948768
9100 5.90099975615703
9102 5.89812332439678
9104 5.8952496954933
9106 5.89237886535184
9108 5.88951082988562
9110 5.88664558501581
9112 5.88378312667153
9114 5.9052247873633
9116 5.90235608452757
9118 5.89949016751639
9120 5.89662703227372
9122 5.89376667475139
9124 5.89090909090909
9126 5.91228495275018
9128 5.90942116735287
9130 5.90656015492617
9132 5.90370191144447
9134 5.90084643288996
9136 5.8979937152526
9138 5.89514375453008
9140 5.89229654672784
9142 5.88945208785904
9144 5.88661037394451
9146 5.88377140101278
9148 5.88093516510002
9150 5.87810166225006
9152 5.87527088851433
9154 5.87244283995186
9156 5.8696175126293
9158 5.86679490262082
9160 5.86397500600817
9162 5.86115781888062
9164 5.85834333733493
9166 5.8555315574754
9168 5.85272247541377
9170 5.84991608726924
9172 5.84711238916846
9174 5.84431137724551
9176 5.84151304764185
9178 5.86264656616415
9180 5.85984214302798
9182 5.85704040162563
9184 5.85424133811231
9186 5.85144494865059
9188 5.84865122941036
9190 5.84586017656884
9192 5.84307178631052
9194 5.84028605482718
9196 5.83750297831785
9198 5.83472255298881
9200 5.83194477505356
9202 5.82916964073281
9204 5.82639714625446
9206 5.82362728785358
9208 5.82086006177239
9210 5.81809546426027
9212 5.8153334915737
9214 5.81257413997628
9216 5.80981740573868
9218 5.80706328513866
9220 5.80431177446103
9222 5.80156286999763
9224 5.79881656804734
9226 5.79607286491602
9228 5.79333175691653
9230 5.79059324036871
9232 5.78785731159934
9234 5.78512396694215
9236 5.78239320273779
9238 5.7796650153338
9240 5.77693940108465
9242 5.79778458637756
9244 5.81861012956419
9246 5.81587002590064
9248 5.81313250176512
9250 5.81039755351682
9252 5.80766517752175
9254 5.82843713278496
9256 5.82569884895466
9258 5.82296313688659
9260 5.8202299929594
9262 5.81749941355853
9264 5.8147713950762
9266 5.81204593391141
9268 5.8093230264699
9270 5.80660266916413
9272 5.80388485841329
9274 5.80116959064327
9276 5.79845686228665
9278 5.79574666978266
9280 5.7930390095772
9282 5.79033387812281
9284 5.78763127187865
9286 5.78493118731047
9288 5.78223362089065
9290 5.77953856909811
9292 5.77684602841836
9294 5.77415599534342
9296 5.77146846637189
9298 5.76878343800884
9300 5.76610090676587
9302 5.76342086916105
9304 5.76074332171893
9306 5.75806826097051
9308 5.75539568345324
9310 5.75272558571097
9312 5.75005796429399
9314 5.74739281575898
9316 5.74473013666898
9318 5.74206992359342
9320 5.73941217310808
9322 5.73675688179505
9324 5.73410404624277
9326 5.73145366304599
9328 5.72880572880573
9330 5.7261602401293
9332 5.74659589199169
9334 5.76701268742791
9336 5.76435323956652
9338 5.76169624337405
9340 5.75904169546188
9342 5.75638959244762
9344 5.75373993095512
9346 5.75109270761445
9348 5.74844791906185
9350 5.74580556193978
9352 5.74316563289685
9354 5.74052812858783
9356 5.73789304567363
9358 5.73526038082129
9360 5.73263013070397
9362 5.73000229200092
9364 5.72737686139748
9366 5.72475383558507
9368 5.72213321126116
9370 5.71951498512926
9372 5.71689915389893
9374 5.71428571428571
9376 5.73452136166324
9378 5.73190226079014
9380 5.72928555124401
9382 5.72667122975131
9384 5.72405929304447
9386 5.72144973786186
9388 5.71884256094782
9390 5.71623775905261
9392 5.71363532893239
9394 5.71103526734926
9396 5.70843757107118
9398 5.72857467606274
9400 5.72597137014315
9402 5.72337042925278
9404 5.72077185017026
9406 5.74086680281371
9408 5.73826264459061
9410 5.7356608478803
9412 5.73306140947201
9414 5.73046432616082
9416 5.72786959474757
9418 5.72527721203892
9420 5.72268717484732
9422 5.72009947999096
9424 5.71751412429379
9426 5.7149311045855
9428 5.71235041770151
9430 5.70977206048296
9432 5.70719602977668
9434 5.70462232243518
9436 5.70205093531666
9438 5.69948186528497
9440 5.69691510920964
9442 5.69435066396579
9444 5.6917885264342
9446 5.68922869350124
9448 5.68667116205889
9450 5.68411592900472
9452 5.68156299124186
9454 5.67901234567901
9456 5.67646398923042
9458 5.67391791881588
9460 5.67137413136068
9462 5.66883262379565
9464 5.68868980963046
9466 5.6861428251623
9468 5.68359812038487
9470 5.68105569223887
9472 5.67851553767047
9474 5.69832402234637
9476 5.69577842305115
9478 5.69323509711989
9480 5.69069404150859
9482 5.68815525317868
9484 5.68561872909699
9486 5.68308446623579
9488 5.68055246157273
9490 5.67802271209085
9492 5.67549521477854
9494 5.67296996662959
9496 5.6704469646431
9498 5.66792620582352
9500 5.66540768718063
9502 5.66289140572951
9504 5.66037735849057
9506 5.65786554248946
9508 5.65535595475715
9510 5.67501662602527
9512 5.67250166186572
9514 5.66998892580288
9516 5.66747841487713
9518 5.68709891568931
9520 5.68458305684583
9522 5.68206942294937
9524 5.67955801104972
9526 5.6770488182019
9528 5.67454184146611
9530 5.67203707790775
9532 5.6695345245974
9534 5.6670341786108
9536 5.66453603702887
9538 5.66204009693765
9540 5.65954635542832
9542 5.65705480959718
9544 5.65456545654565
9546 5.65207829338025
9548 5.64959331721257
9550 5.64711052515931
9552 5.64462991434219
9554 5.64215148188804
9556 5.63967522492868
9558 5.63720114060101
9560 5.63472922604692
9562 5.63225947841332
9564 5.62979189485214
9566 5.62732647252025
9568 5.62486320857956
9570 5.62240210019689
9572 5.61994314454406
9574 5.61748633879781
9576 5.61503168013983
9578 5.61257916575672
9580 5.61012879283999
9582 5.60768055858608
9584 5.60523446019629
9586 5.60279049487683
9588 5.60034865983874
9590 5.59790895229797
9592 5.59547136947529
9594 5.61479869423286
9596 5.61235588427235
9598 5.60991519895629
9600 5.60747663551402
9602 5.60504019117967
9604 5.60260586319218
9606 5.60017364879531
9608 5.59774354523758
9610 5.59531554977228
9612 5.59288965965749
9614 5.59046587215601
9616 5.58804418453541
9618 5.58562459406798
9620 5.58320709803073
9622 5.58079169370539
9624 5.57837837837838
9626 5.57596714934083
9628 5.57355800388853
9630 5.59274454761391
9632 5.59033023958558
9634 5.60949298813376
9636 5.60707353892603
9638 5.60465617589998
9640 5.60224089635854
9642 5.5998276976093
9644 5.59741657696448
9646 5.59500753174091
9648 5.59260055926006
9650 5.59019565684799
9652 5.58779282183538
9654 5.58539205155746
9656 5.58299334335409
9658 5.58059669456965
9660 5.5782021025531
9662 5.57580956465795
9664 5.57341907824223
9666 5.57103064066852
9668 5.56864424930392
9670 5.56625990152002
9672 5.56387759469292
9674 5.56149732620321
9676 5.55911909343596
9678 5.55674289378072
9680 5.55436872463149
9682 5.55199658338672
9684 5.54962646744931
9686 5.54725837422658
9688 5.5448923011303
9690 5.54252824557664
9692 5.54016620498615
9694 5.53780617678381
9696 5.53544815839898
9698 5.53309214726538
9700 5.5307381408211
9702 5.52838613650861
9704 5.52603613177471
9706 5.54493307839388
9708 5.54257804204714
9710 5.54022500530673
9712 5.53787396562699
9714 5.5355249204666
9716 5.53317786728853
9718 5.53083280356008
9720 5.54967167972887
9722 5.54732161761592
9724 5.54497354497355
9726 5.5426274592765
9728 5.54028335800381
9730 5.53794123863877
9732 5.53560109866892
9734 5.53326293558606
9736 5.53092674688622
9738 5.52859253006964
9740 5.52626028264079
9742 5.52393000210837
9744 5.52160168598525
9746 5.5192753317885
9748 5.51695093703938
9750 5.51462849926331
9752 5.5123080159899
9754 5.50998948475289
9756 5.50767290309018
9758 5.50535826854381
9760 5.50304557865995
9762 5.50073483098887
9764 5.49842602308499
9766 5.49611915250682
9768 5.49381421681694
9770 5.51247118004611
9772 5.51016132411481
9774 5.50785340314136
9776 5.50554741469542
9778 5.5032433563507
9780 5.500941225685
9782 5.49864102028016
9784 5.49634273772205
9786 5.49404637560059
9788 5.49175193150971
9790 5.48945940304738
9792 5.48716878781556
9794 5.48488008342023
9796 5.48259328747134
9798 5.48030839758283
9800 5.47802541137263
9802 5.47574432646263
9804 5.47346514047867
9806 5.47118785105055
9808 5.46891245581202
9810 5.46663895240075
9812 5.46436733845834
9814 5.46209761163032
9816 5.45982976956612
9818 5.45756380991907
9820 5.4552997303464
9822 5.45303752850923
9824 5.45077720207254
9826 5.4485187487052
9828 5.44626216607993
9830 5.44400745187332
9832 5.44175460376578
9834 5.43950361944157
9836 5.45792846805871
9838 5.45567265964042
9840 5.4534187151415
9842 5.45116663225274
9844 5.44891640866873
9846 5.44666804208789
9848 5.44442153021241
9850 5.4421768707483
9852 5.43993406140532
9854 5.43769309989701
9856 5.4354539839407
9858 5.43321671125746
9860 5.4309812795721
9862 5.4287476866132
9864 5.42651593011305
9866 5.42428600780768
9868 5.42205791743685
9870 5.419831656744
9872 5.4176072234763
9874 5.41538461538462
9876 5.4131638302235
9878 5.41094486575118
9880 5.40872771972956
9882 5.40651238992423
9884 5.4042988741044
9886 5.40208717004297
9888 5.39987727551647
9890 5.39766918830505
9892 5.39546290619252
9894 5.39325842696629
9896 5.3910557484174
9898 5.38885486834048
9900 5.38665578453377
9902 5.3844584947991
9904 5.3822629969419
9906 5.38006928877114
9908 5.37787736809941
9910 5.37568723274282
9912 5.37349888052107
9914 5.37131230925738
9916 5.36912751677852
9918 5.36694450091482
9920 5.3647632595001
9922 5.36258379037172
9924 5.36040609137056
9926 5.35823016034098
9928 5.35605599513086
9930 5.35388359359156
9932 5.37198459355362
9934 5.36980749746707
9936 5.36763216528256
9938 5.36545859485726
9940 5.36328678405181
9942 5.36111673073033
9944 5.35894843276036
9946 5.35678188801294
9948 5.37482319660537
9950 5.37265198949707
9952 5.37048253583687
9954 5.36831483350151
9956 5.36614888037119
9958 5.3639846743295
9960 5.36182221326345
9962 5.35966149506347
9964 5.35750251762336
9966 5.35534527884035
9968 5.35318977661501
9970 5.37115268557634
9972 5.36899255982304
9974 5.36683417085427
9976 5.36467751657625
9978 5.36252259489857
9980 5.36036940373419
9982 5.3582179409994
9984 5.37612838515547
9986 5.37397232805294
9988 5.37181799959912
9990 5.36966539771589
9992 5.36751452032846
9994 5.36536536536537
9996 5.36321793075845
9998 5.36107221444289
10000 5.35892821435713
10002 5.35678592844293
10004 5.35464535464535
10006 5.35250649091272
10008 5.35036933519665
10010 5.34823388545201
10012 5.34610013963694
10014 5.34396809571286
10016 5.34183775164441
10018 5.33970910539948
10020 5.33758215494921
10022 5.33545689826797
10024 5.33333333333333
10026 5.33121145812612
10028 5.32909127063034
10030 5.32697276883323
10032 5.32485595072521
10034 5.3227408142999
10036 5.3206273575541
10038 5.33836078587021
10040 5.3560801428288
10042 5.35395597858418
10044 5.35183349851338
10046 5.34971270061423
10048 5.3475935828877
10050 5.34547614333795
10052 5.34336037997229
10054 5.34124629080119
10056 5.33913387383824
10058 5.33702312710022
10060 5.33491404860699
10062 5.33280663638159
10064 5.33070088845015
10066 5.32859680284192
10068 5.32649437758927
10070 5.32439361072767
10072 5.34200670214863
10074 5.33990147783251
10076 5.33779791215285
10078 5.33569600315023
10080 5.33359574886833
10082 5.33149714735393
10084 5.32940019665683
10086 5.32730489482996
10088 5.32521123992926
10090 5.32311923001375
10092 5.32102886314549
10094 5.3189401373896
10096 5.3168530508142
10098 5.31476760149049
10100 5.31268378749265
10102 5.3106016068979
10104 5.30852105778648
10106 5.30644213824163
10108 5.30436484634958
10110 5.30228918019957
10112 5.30021513788383
10114 5.29814271749756
10116 5.29607191713895
10118 5.29400273490916
10120 5.29193516891232
10122 5.28986921725551
10124 5.28780487804878
10126 5.28574214940511
10128 5.28368102944044
10130 5.28162151627363
10132 5.2795636080265
10134 5.27750730282376
10136 5.27545259879307
10138 5.27339949406499
10140 5.271347986773
10142 5.26929807505347
10144 5.26724975704568
10146 5.28463182436371
10148 5.28257914158089
10150 5.28052805280528
10152 5.27847855618087
10154 5.27643064985451
10156 5.27438433197595
10158 5.27233960069781
10160 5.27029645417555
10162 5.2682548905675
10164 5.26621490803485
10166 5.26417650474163
10168 5.26213967885471
10170 5.2601044285438
10172 5.25807075198144
10174 5.256038647343
10176 5.25400811280664
10178 5.25197914655339
10180 5.24995174676703
10182 5.24792591163419
10184 5.24590163934426
10186 5.24387892808945
10188 5.24185777606475
10190 5.23983818146792
10192 5.23782014249952
10194 5.23580365736285
10196 5.233788724264
10198 5.23177534141181
10200 5.22976350701788
10202 5.22775321929656
10204 5.22574447646494
10206 5.22373727674285
10208 5.22173161835285
10210 5.21972749952025
10212 5.21772491847305
10214 5.21572387344199
10216 5.21372436266053
10218 5.21172638436482
10220 5.20972993679372
10222 5.20773501818878
10224 5.20574162679426
10226 5.20374976085709
10228 5.20175941862689
10230 5.19977059835596
10232 5.19778329829925
10234 5.19579751671442
10236 5.19381325186175
10238 5.1918305020042
10240 5.18984926540737
10242 5.1878695403395
10244 5.1858913250715
10246 5.20297312750143
10248 5.20099066488855
10250 5.19900971243573
10252 5.19703026841805
10254 5.19505233111323
10256 5.1930758988016
10258 5.19110096976612
10260 5.18912754229234
10262 5.18715561466844
10264 5.18518518518519
10266 5.18321625213594
10268 5.18124881381666
10270 5.1792828685259
10272 5.17731841456476
10274 5.17535545023697
10276 5.17339397384878
10278 5.17143398370904
10280 5.16947547812914
10282 5.18644709445391
10284 5.1844843897824
10286 5.18252317003972
10288 5.18056343354131
10290 5.17860517860518
10292 5.17664840355186
10294 5.17469310670444
10296 5.19161789692279
10298 5.18965842611814
10300 5.1877004338804
10302 5.18574391853668
10304 5.18378887841659
10306 5.18183531185227
10308 5.17988321717838
10310 5.17793259273207
10312 5.175983436853
10314 5.17403574788335
10316 5.17208952416776
10318 5.17014476405339
10320 5.16820146588987
10322 5.16625962802931
10324 5.16431924882629
10326 5.16238032663788
10328 5.16044285982361
10330 5.15850684674545
10332 5.17532345771611
10334 5.17338331771321
10336 5.17144463181563
10338 5.16950739838921
10340 5.16757161580228
10342 5.1656372824256
10344 5.16370439663237
10346 5.1617729567982
10348 5.15984296130118
10350 5.15791440852177
10352 5.15598729684289
10354 5.15406162464986
10356 5.15213739033041
10358 5.15021459227468
10360 5.14829322887521
10362 5.14637329852694
10364 5.14445479962721
10366 5.14253773057574
10368 5.14062208977463
10370 5.13870787562837
10372 5.13679508654383
10374 5.13488372093023
10376 5.13297377719918
10378 5.13106525376464
10380 5.12915814904293
10382 5.12725246145272
10384 5.12534818941504
10386 5.12344533135326
10388 5.12154388569308
10390 5.11964385086255
10392 5.11774522529205
10394 5.11584800741427
10396 5.11395219566426
10398 5.11205778847935
10400 5.1101647842992
10402 5.1082731815658
10404 5.1063829787234
10406 5.10449417421861
10408 5.10260676650028
10410 5.10072075401959
10412 5.11731017919823
10414 5.11542012927054
10416 5.11353147498615
10418 5.11164421479978
10420 5.10975834716842
10422 5.10787387055136
10424 5.10599078341014
10426 5.10410908420859
10428 5.10222877141278
10430 5.10034984349107
10432 5.09847229891404
10434 5.09659613615455
10436 5.0947213536877
10438 5.09284794999081
10440 5.09097592354347
10442 5.10747749402903
10444 5.10560146923783
10446 5.10372682210391
10448 5.1018535511103
10450 5.09998165474225
10452 5.09811113148726
10454 5.09624197983501
10456 5.09437419827744
10458 5.09250778530866
10460 5.09064273942501
10462 5.08877905912502
10464 5.08691674290942
10466 5.08505578928114
10468 5.08319619674529
10470 5.08133796380918
10472 5.07948108898228
10474 5.07762557077626
10476 5.07577140770495
10478 5.07391859828436
10480 5.07206714103266
10482 5.07021703447018
10484 5.06836827711942
10486 5.06652086750501
10488 5.06467480415376
10490 5.06283008559461
10492 5.06098671035864
10494 5.05914467697907
10496 5.05730398399127
10498 5.05546462993271
10500 5.07180512634067
10502 5.06996183899691
10504 5.06811989100817
10506 5.0662792809152
10508 5.06444000726085
10510 5.08074759571766
10512 5.07890440776347
10514 5.07706255666364
10516 5.07522204096429
10518 5.09150208371082
10520 5.08965767071183
10522 5.08781459351802
10524 5.08597285067873
10526 5.08413244074543
10528 5.08229336227166
10530 5.08045561381305
10532 5.07861919392735
10534 5.07678410117435
10536 5.07495033411595
10538 5.07311789131612
10540 5.07128677134091
10542 5.06945697275843
10544 5.06762849413886
10546 5.06580133405444
10548 5.06397549107947
10550 5.06215096379031
10552 5.06032775076535
10554 5.05850585058506
10556 5.05668526183192
10558 5.05486598309048
10560 5.07103039021759
10562 5.06920726226856
10564 5.06738544474394
10566 5.06556493623136
10568 5.06374573532052
10570 5.06192784060312
10572 5.06011125067289
10574 5.05829596412556
10576 5.0564819795589
10578 5.05466929557268
10580 5.05285791076868
10582 5.05104782375067
10584 5.06714413607878
10586 5.08322892428853
10588 5.08140991232779
10590 5.09747808978716
10592 5.09565528338995
10594 5.09383378016086
10596 5.09201357870288
10598 5.090194677621
10600 5.08837707552223
10602 5.08656077101553
10604 5.08474576271186
10606 5.08293204922418
10608 5.08111962916741
10610 5.07930850115844
10612 5.07749866381614
10614 5.07569011576135
10616 5.07388285561688
10618 5.07207688200747
10620 5.07027219355987
10622 5.06846878890272
10624 5.06666666666667
10626 5.06486582548427
10628 5.06306626399005
10630 5.06126798082046
10632 5.05947097461388
10634 5.075421472937
10636 5.07362072024126
10638 5.07182124490158
10640 5.0700230455593
10642 5.0682261208577
10644 5.06643046944198
10646 5.06463608995927
10648 5.06284298105859
10650 5.0610511413909
10652 5.05926056960906
10654 5.05747126436782
10656 5.05568322432385
10658 5.05389644813571
10660 5.05211093446388
10662 5.05032668197069
10664 5.04854368932039
10666 5.04676195517911
10668 5.04498147821485
10670 5.04320225709751
10672 5.04142429049885
10674 5.03964757709251
10676 5.03787211555399
10678 5.03609790456066
10680 5.03432494279176
10682 5.03255322892838
10684 5.04837291116974
10686 5.04659750307719
10688 5.04482334329408
10690 5.04305043050431
10692 5.04127876339364
10694 5.03950834064969
10696 5.03773916096191
10698 5.03597122302158
10700 5.03420452552184
10702 5.03243906715764
10704 5.03067484662577
10706 5.02891186262485
10708 5.02715011385532
10710 5.02538959901944
10712 5.02363031682128
10714 5.02187226596675
10716 5.02011544516355
10718 5.03584542752229
10720 5.03408495018353
10722 5.03232570330246
10724 5.03056768558952
10726 5.02881089575694
10728 5.02705533251876
10730 5.02530099459082
10732 5.02354788069074
10734 5.02179598953793
10736 5.02004531985358
10738 5.01829587036069
10740 5.01654763978401
10742 5.01480062685008
10744 5.01305483028721
10746 5.01131024882547
10748 5.00956688119673
10750 5.00782472613459
10752 5.00608378237441
10754 5.00434404865335
10756 5.00260552371027
10758 5.00086820628581
10760 4.99913209512237
10762 4.99739718896408
10764 4.99566348655681
10766 5.01127102479625
10768 5.00953371468192
10770 5.00779760873332
10772 5.00606270569894
10774 5.004329004329
10776 5.00259650337545
10778 5.00086520159197
10780 5.01643314305483
10782 5.01469825350164
10784 5.01296456352636
10786 5.01123207188526
10788 5.00950077733633
10790 5.00777067863927
10792 5.0060417745555
10794 5.00431406384815
10796 5.00258754528204
10798 5.00086221762373
10800 4.99913807964144
10802 4.99741513010512
10804 4.99569336778639
10806 4.99397279145858
10808 4.99225339989671
10810 4.99053519187747
10812 5.00602098744194
10814 5.0042992261393
10816 5.00257864878804
10818 5.00085925416738
10820 4.99914104105824
10822 4.99742400824317
10824 4.99570815450644
10826 4.99399347863395
10828 4.99227997941328
10830 4.99056765563368
10832 4.98885650608606
10834 4.98714652956298
10836 4.98543772485866
10838 4.98373009076897
10840 4.98202362609142
10842 4.98031832962519
10844 4.97861420017109
10846 4.97691123653155
10848 4.97520943751069
10850 4.9735088019142
10852 4.97180932854946
10854 4.97011101622545
10856 4.96841386375277
10858 4.96671786994368
10860 4.96502303361201
10862 4.96332935357326
10864 4.9616368286445
10866 4.95994545764445
10868 4.95825523939342
10870 4.95656617271334
10872 4.95487825642772
10874 4.9531914893617
10876 4.95150587034201
10878 4.96683109372342
10880 4.96514198265601
10882 4.96345402005779
10884 4.96176720475786
10886 4.96008153558689
10888 4.95839701137714
10890 4.95671363096249
10892 4.95503139317835
10894 4.95335029686175
10896 4.95167034085128
10898 4.94999152398712
10900 4.948313845111
10902 4.94663730306624
10904 4.94496189669771
10906 4.94328762485187
10908 4.94161448637671
10910 4.93994248012181
10912 4.93827160493827
10914 4.93660185967878
10916 4.93493324319757
10918 4.9332657543504
10920 4.9315993919946
10922 4.92993415498903
10924 4.92827004219409
10926 4.92660705247174
10928 4.92494518468544
10930 4.92328443770022
10932 4.92162481038261
10934 4.91996630160067
10936 4.91830891022402
10938 4.91665263512376
10940 4.91499747517253
10942 4.91334342924449
10944 4.91169049621531
10946 4.91003867496217
10948 4.90838796436376
10950 4.90673836330029
10952 4.90508987065345
10954 4.90344248530647
10956 4.90179620614403
10958 4.90015103205236
10960 4.89850696191914
10962 4.89686399463357
10964 4.89522212908634
10966 4.8935813641696
10968 4.89194169877702
10970 4.89030313180372
10972 4.88866566214632
10974 4.88702928870293
10976 4.8853940103731
10978 4.88375982605787
10980 4.88212673465976
10982 4.88049473508273
10984 4.89557226399332
10986 4.89393686320361
10988 4.89230255468359
10990 4.89066933733934
10992 4.88903721007842
10994 4.88740617180984
10996 4.88577622144405
10998 4.88414735789298
11000 4.88251958006999
11002 4.89755122438781
11004 4.89592006661116
11006 4.89428999500583
11008 4.90930271259777
11010 4.9076692729995
11012 4.90603692000665
11014 4.90440565253533
11016 4.90277546950307
11018 4.90114636982887
11020 4.89951835243315
11022 4.89789141623775
11024 4.89626556016598
11026 4.89464078314252
11028 4.89301708409355
11030 4.89139446194661
11032 4.8897729156307
11034 4.88815244407622
11036 4.88653304621501
11038 4.88491472098029
11040 4.88329746730674
11042 4.8816812841304
11044 4.88006617038875
11046 4.87845212502067
11048 4.87683914696644
11050 4.87522723516774
11052 4.87361638856765
11054 4.87200660611065
11056 4.87039788674261
11058 4.86879022941079
11060 4.88368256063356
11062 4.88207158172522
11064 4.88046166529266
11066 4.87885281028515
11068 4.87724501565332
11070 4.8756382803492
11072 4.89049892968879
11074 4.88888888888889
11076 4.88727990784927
11078 4.88567198552393
11080 4.88406512086828
11082 4.88245931283906
11084 4.88085456039441
11086 4.87925086249384
11088 4.87764821809821
11090 4.87604662616976
11092 4.87444608567208
11094 4.87284659557014
11096 4.87124815483024
11098 4.86965076242007
11100 4.86805441730864
11102 4.86645911846633
11104 4.86486486486486
11106 4.86327165547732
11108 4.86167948927811
11110 4.87645229913271
11112 4.87485686242434
11114 4.87326246933769
11116 4.87166911884911
11118 4.87007680993626
11120 4.86848554157817
11122 4.86689531275519
11124 4.86530612244898
11126 4.86371796964257
11128 4.86213085332028
11130 4.86054477246779
11132 4.85895972607207
11134 4.85737571312143
11136 4.85579273260551
11138 4.85421078351523
11140 4.85262986484286
11142 4.85104997558196
11144 4.84947111472742
11146 4.84789328127542
11148 4.84631647422345
11150 4.84474069257031
11152 4.84316593531611
11154 4.84159220146223
11156 4.84001949001137
11158 4.83844779996753
11160 4.83687713033598
11162 4.83530748012332
11164 4.83373884833739
11166 4.83217123398735
11168 4.83060463608364
11170 4.82903905363798
11172 4.82747448566337
11174 4.84210526315789
11176 4.84053747774
11178 4.83897070723418
11180 4.83740495065523
11182 4.83584020701925
11184 4.83427647534357
11186 4.84887667690318
11188 4.84730974309258
11190 4.84574382167663
11192 4.84417891167447
11194 4.84261501210654
11196 4.84105212199451
11198 4.85562187449589
11200 4.85405579745202
11202 4.85249073029179
11204 4.85092667203868
11206 4.84936362171742
11208 4.847801578354
11210 4.84624054097569
11212 4.84468050861098
11214 4.84312148028962
11216 4.84156345504262
11218 4.84000643190223
11220 4.83845040990195
11222 4.83689538807649
11224 4.83534136546185
11226 4.83378834109523
11228 4.84829025525767
11230 4.8467340715776
11232 4.84517888657147
11234 4.84362469927827
11236 4.85810485810486
11238 4.85654752364161
11240 4.85499118730973
11242 4.85343584814993
11244 4.85188150520416
11246 4.85032815751561
11248 4.84877580412866
11250 4.84722444408895
11252 4.84567407644331
11254 4.84412470023981
11256 4.84257631452773
11258 4.84102891835756
11260 4.83948251078103
11262 4.83793709085103
11264 4.83639265762171
11266 4.8348492101484
11268 4.83330674748764
11270 4.83176526869718
11272 4.83022477283596
11274 4.82868525896414
11276 4.82714672614306
11278 4.82560917343526
11280 4.82407259990447
11282 4.82253700461563
11284 4.82100238663485
11286 4.81946874502943
11288 4.81793607886786
11290 4.81640438721984
11292 4.81487366915621
11294 4.81334392374901
11296 4.81181515007146
11298 4.81028734719797
11300 4.82463101095064
11302 4.82310011105823
11304 4.82157018239492
11306 4.82004122403678
11308 4.81851323506102
11310 4.81698621454603
11312 4.81546016157136
11314 4.81393507521774
11316 4.81241095456704
11318 4.81088779870233
11320 4.8093656067078
11322 4.80784437766883
11324 4.80632411067194
11326 4.8048048048048
11328 4.80328645915626
11330 4.81756436581899
11332 4.81604294962893
11334 4.8145224940805
11336 4.81300299826416
11338 4.81148446127149
11340 4.80996688219524
11342 4.80845026012928
11344 4.80693459416864
11346 4.80541988340948
11348 4.80390612694913
11350 4.802393323886
11352 4.80088147331969
11354 4.79937057435091
11356 4.79786062608149
11358 4.7963516276144
11360 4.79484357805377
11362 4.79333647650479
11364 4.79183032207384
11366 4.79032511386838
11368 4.78882085099702
11370 4.78731753256946
11372 4.78581515769653
11374 4.7843137254902
11376 4.78281323506351
11378 4.78131368553065
11380 4.7798150760069
11382 4.77831740560865
11384 4.77682067345341
11386 4.77532487865978
11388 4.77383002034747
11390 4.7723360976373
11392 4.77084310965118
11394 4.76935105551212
11396 4.76785993434422
11398 4.7663697452727
11400 4.76488048742384
11402 4.76339215992504
11404 4.76190476190476
11406 4.76041829249259
11408 4.75893275081916
11410 4.75744813601622
11412 4.75596444721659
11414 4.75448168355417
11416 4.75299984416394
11418 4.75151892818196
11420 4.75003893474537
11422 4.74855986299237
11424 4.74708171206226
11426 4.74560448109538
11428 4.74412816923316
11430 4.7426527756181
11432 4.74117829939375
11434 4.73970473970474
11436 4.73823209569675
11438 4.73676036651654
11440 4.73528955131191
11442 4.73381964923172
11444 4.73235065942591
11446 4.73088258104545
11448 4.72941541324236
11450 4.72794915516974
11452 4.72648380598171
11454 4.72501936483346
11456 4.72355583088121
11458 4.72209320328224
11460 4.72063148119486
11462 4.71917066377843
11464 4.71771075019335
11466 4.71625173960105
11468 4.71479363116401
11470 4.71333642404574
11472 4.72732890468098
11474 4.74131274131274
11476 4.73984869538367
11478 4.73838555332613
11480 4.73692331430335
11482 4.73546197747956
11484 4.73400154202005
11486 4.73254200709111
11488 4.73108337186007
11490 4.74503158219073
11492 4.74356999845988
11494 4.74210931485758
11496 4.74064953055256
11498 4.73919064471457
11500 4.73773265651438
11502 4.73627556512379
11504 4.7348193697156
11506 4.73336406946365
11508 4.73190966354279
11510 4.73045615112886
11512 4.72900353139874
11514 4.72755180353031
11516 4.72610096670247
11518 4.72465102009511
11520 4.72320196288913
11522 4.72175379426644
11524 4.72030651340996
11526 4.7188601195036
11528 4.71741461173227
11530 4.71596998928189
11532 4.71452625133935
11534 4.71308339709258
11536 4.71164142573046
11538 4.71020033644288
11540 4.70876012842073
11542 4.70732080085588
11544 4.70588235294118
11546 4.70444478387047
11548 4.7030080928386
11550 4.70157227904137
11552 4.70013734167557
11554 4.69870327993898
11556 4.69727009303035
11558 4.69583778014941
11560 4.69440634049688
11562 4.69297577327442
11564 4.69154607768469
11566 4.69011725293132
11568 4.68868929821891
11570 4.68726221275301
11572 4.68583599574015
11574 4.68441064638783
11576 4.69819066443667
11578 4.69676242590059
11580 4.71053031454186
11582 4.70909919489594
11584 4.70766894457099
11586 4.70623956277516
11588 4.70481104871756
11590 4.70338340160825
11592 4.70195662065827
11594 4.70053070507961
11596 4.69910565408519
11598 4.69768146688892
11600 4.69625814270565
11602 4.69483568075117
11604 4.69341408024224
11606 4.69199334039655
11608 4.69057346043274
11610 4.68915443957041
11612 4.68773627703009
11614 4.68631897203326
11616 4.68490252380233
11618 4.68348693156066
11620 4.69717565322459
11622 4.69575720972369
11624 4.69433962264151
11626 4.69292289120266
11628 4.69150701463267
11630 4.69009199215805
11632 4.68867782300618
11634 4.68726450640543
11636 4.68585204158505
11638 4.68444042777527
11640 4.6830296642072
11642 4.6816197501129
11644 4.68021068472536
11646 4.67880246727847
11648 4.67739509700707
11650 4.6759885731469
11652 4.67458289493462
11654 4.67317806160781
11656 4.67177407240499
11658 4.67037092656555
11660 4.66896862332983
11662 4.66756716193907
11664 4.66616654163541
11666 4.67976601169941
11668 4.67836257309941
11670 4.67695997601559
11672 4.67555821969129
11674 4.67415730337079
11676 4.67275722629924
11678 4.67135798772271
11680 4.66995958688819
11682 4.68352536286099
11684 4.68212415856395
11686 4.68072379243308
11688 4.67932426371655
11690 4.67792557166343
11692 4.67652771552368
11694 4.67513069454817
11696 4.67373450798865
11698 4.67233915509778
11700 4.67094463512908
11702 4.66955094733701
11704 4.66815809097688
11706 4.66676606530491
11708 4.66537486957818
11710 4.66398450305469
11712 4.6625949649933
11714 4.66120625465376
11716 4.65981837129671
11718 4.65843131418366
11720 4.657045082577
11722 4.65565967574
11724 4.6542750929368
11726 4.65289133343244
11728 4.65150839649279
11730 4.65012628138464
11732 4.64874498737561
11734 4.64736451373422
11736 4.64598485972985
11738 4.64460602463273
11740 4.65806260198784
11742 4.65668100252113
11744 4.65530022238695
11746 4.65392026085668
11748 4.65254111720255
11750 4.65116279069767
11752 4.64978528061602
11754 4.64840858623242
11756 4.64703270682255
11758 4.64565764166297
11760 4.64428339003106
11762 4.64290995120509
11764 4.64153732446415
11766 4.64016550908822
11768 4.6387945043581
11770 4.63742430955546
11772 4.63605492396279
11774 4.63468634686347
11776 4.63331857754168
11778 4.63195161528249
11780 4.63058545937177
11782 4.62922010909627
11784 4.62785556374355
11786 4.62649182260203
11788 4.62512888496097
11790 4.62376675011044
11792 4.62240541734138
11794 4.62104488594555
11796 4.61968515521554
11798 4.63303426974555
11800 4.63167181296868
11802 4.63031015728355
11804 4.62894930198384
11806 4.62758924636404
11808 4.62622998971949
11810 4.62487153134635
11812 4.62351387054161
11814 4.62215700660308
11816 4.6208009388294
11818 4.61944566652002
11820 4.61809118897522
11822 4.61673750549612
11824 4.61538461538461
11826 4.61403251794346
11828 4.6126812124762
11830 4.61133069828722
11832 4.62461583491878
11834 4.62326261887345
11836 4.62191019452976
11838 4.62055856119316
11840 4.61920771816986
11842 4.61785766476692
11844 4.61650840029218
11846 4.61515992405433
11848 4.61381223536283
11850 4.61246533352795
11852 4.61111921786079
11854 4.60977388767323
11856 4.60842934227796
11858 4.60708558098848
11860 4.60574260311908
11862 4.60440040798485
11864 4.60305899490168
11866 4.60171836318625
11868 4.60037851215606
11870 4.59903944112938
11872 4.59770114942529
11874 4.59636363636364
11876 4.59502690126509
11878 4.59369094345108
11880 4.59235576224386
11882 4.59102135696644
11884 4.58968772694263
11886 4.58835487149702
11888 4.587022789955
11890 4.58569148164272
11892 4.58436094588713
11894 4.58303118201595
11896 4.58170218935769
11898 4.58037396724163
11900 4.57904651499783
11902 4.57771983195712
11904 4.57639391745112
11906 4.57506877081222
11908 4.57374439137357
11910 4.57242077846911
11912 4.57109793143353
11914 4.56977584960231
11916 4.58291166690762
11918 4.58158693452811
11920 4.58026296777922
11922 4.5789397659974
11924 4.57761732851986
11926 4.57629565468457
11928 4.57497474383028
11930 4.57365459529649
11932 4.57233520842348
11934 4.58543619322278
11936 4.58411417039066
11938 4.58279290964116
11940 4.58147241031552
11942 4.58015267175572
11944 4.57883369330454
11946 4.57751547430546
11948 4.57619801410275
11950 4.57488131204143
11952 4.57356536746728
11954 4.57225017972682
11956 4.57093574816731
11958 4.5696220721368
11960 4.56830915098405
11962 4.5669969840586
11964 4.5656855707107
11966 4.56437491029137
11968 4.56306500215239
11970 4.56175584564625
11972 4.5604474401262
11974 4.55913978494624
11976 4.55783287946109
11978 4.55652672302622
11980 4.55522131499785
11982 4.55391665473292
11984 4.55261274158912
11986 4.56562186918563
11988 4.5643153526971
11990 4.56300958375054
11992 4.56170456170456
11994 4.56040028591851
11996 4.55909675575247
11998 4.55779397056722
12000 4.55649192972433
12002 4.55519063258603
12004 4.55389007851535
12006 4.55259026687598
12008 4.565558567556
12010 4.56425616887748
12012 4.5629545130472
12014 4.56165359942979
12016 4.56035342739062
12018 4.55905399629577
12020 4.55775530551204
12022 4.55645735440695
12024 4.55516014234875
12026 4.55386366870642
12028 4.55256793284962
12030 4.55127293414877
12032 4.54997867197498
12034 4.54868514570007
12036 4.56160295580503
12038 4.56030686177014
12040 4.55901150404772
12042 4.55771688201051
12044 4.55642299503194
12046 4.55512984248616
12048 4.55383742374805
12050 4.55254573819316
12052 4.5654331490146
12054 4.56413890857548
12056 4.56284540172878
12058 4.56155262785097
12060 4.56026058631922
12062 4.5589692765114
12064 4.55767869780609
12066 4.55638884958257
12068 4.55509973122082
12070 4.55381134210154
12072 4.55252368160611
12074 4.55123674911661
12076 4.54995054401583
12078 4.54866506568724
12080 4.56150261262534
12082 4.56021459833404
12084 4.55892731122089
12086 4.55764075067024
12088 4.55635491606715
12090 4.55506980679735
12092 4.55378542224729
12094 4.55250176180409
12096 4.55121882485557
12098 4.54993661079025
12100 4.54865511899732
12102 4.54737434886668
12104 4.54609429978888
12106 4.5448149711552
12108 4.54353636235757
12110 4.54225847278864
12112 4.5409813018417
12114 4.53970484891075
12116 4.55247997751862
12118 4.551201011378
12120 4.54992276365679
12122 4.54864523374982
12124 4.54736842105263
12126 4.54609232496141
12128 4.54481694487305
12130 4.54354228018511
12132 4.54226833029581
12134 4.54099509460406
12136 4.53972257250946
12138 4.53845076341224
12140 4.53717966671335
12142 4.53590928181436
12144 4.53463960811756
12146 4.53337064502588
12148 4.53210239194293
12150 4.53083484827297
12152 4.52956801342094
12154 4.52830188679245
12156 4.52703646779377
12158 4.52577175583182
12160 4.5245077503142
12162 4.52324445064917
12164 4.52198185624564
12166 4.52071996651319
12168 4.51945878086204
12170 4.51819829870311
12172 4.51693851944793
12174 4.51567944250871
12176 4.51442106729831
12178 4.51316339323026
12180 4.5119064197187
12182 4.51065014617848
12184 4.50939457202505
12186 4.50813969667455
12188 4.50688551954375
12190 4.51953831177861
12192 4.51828166272765
12194 4.51702571230021
12196 4.51577045991385
12198 4.5145159049868
12200 4.51326204693793
12202 4.51200888518673
12204 4.51075641915337
12206 4.50950464825864
12208 4.50825357192398
12210 4.50700318957149
12212 4.50575350062387
12214 4.5045045045045
12216 4.50325620063738
12218 4.50200858844715
12220 4.50076166735909
12222 4.49951543679911
12224 4.49826989619377
12226 4.51086204510862
12228 4.5096140545027
12230 4.50836675425252
12232 4.52094566569888
12234 4.51969592259848
12236 4.5184468702501
12238 4.51719850808123
12240 4.51595083551996
12242 4.51470385199503
12244 4.51345755693582
12246 4.51221194977232
12248 4.51096702993516
12250 4.50972279685561
12252 4.50847924996553
12254 4.50723638869745
12256 4.5059942124845
12258 4.50475272076044
12260 4.50351191295965
12262 4.51604020377255
12264 4.51479697178252
12266 4.51355442410899
12268 4.5123125601871
12270 4.51107137945262
12272 4.50983088134195
12274 4.5085910652921
12276 4.50735193074069
12278 4.50611347712598
12280 4.50487570388683
12282 4.50363861046272
12284 4.51612903225806
12286 4.51488952929875
12288 4.51365070654411
12290 4.51241256343437
12292 4.51117509941039
12294 4.50993831391364
12296 4.50870220638619
12298 4.50746677627072
12300 4.50623202301055
12302 4.50499794604957
12304 4.50376454483231
12306 4.50253181880389
12308 4.50129976741004
12310 4.50006839009711
12312 4.49883768631205
12314 4.49760765550239
12316 4.4963782971163
12318 4.49514961060254
12320 4.49392159541046
12322 4.49269425099003
12324 4.49146757679181
12326 4.49024157226696
12328 4.48901623686724
12330 4.48779157004501
12332 4.48656757125324
12334 4.48534423994547
12336 4.48412157557585
12338 4.48289957759913
12340 4.4953003677973
12342 4.49407599073948
12344 4.4928522804629
12346 4.49162923642303
12348 4.49040685807593
12350 4.48918514487825
12352 4.48796409628723
12354 4.48674371176071
12356 4.4855239907571
12358 4.4978937355619
12360 4.49667164787393
12362 4.49545022409344
12364 4.49422946367957
12366 4.49300936609203
12368 4.49178993079115
12370 4.49057115723782
12372 4.48935304489353
12374 4.48813559322034
12376 4.4869188016809
12378 4.48570266973845
12380 4.48448719685679
12382 4.48327238250034
12384 4.48205822613406
12386 4.4808447272235
12388 4.47963188523481
12390 4.47841969963469
12392 4.47720816989044
12394 4.47599729546991
12396 4.47478707584156
12398 4.47357751047439
12400 4.48588028644778
12402 4.48466837768472
12404 4.48345712356516
12406 4.4822465235588
12408 4.48103657713592
12410 4.47982728376737
12412 4.47861864292459
12414 4.47741065407957
12416 4.47620331670487
12418 4.47499663027362
12420 4.47379059425953
12422 4.47258520813687
12424 4.47138047138047
12426 4.47017638346573
12428 4.46897294386862
12430 4.46777015206567
12432 4.46656800753397
12434 4.46536650975118
12436 4.46416565819551
12438 4.46296545234575
12440 4.46176589168123
12442 4.46056697568185
12444 4.45936870382807
12446 4.45817107560091
12448 4.45697409048194
12450 4.4557777479533
12452 4.45458204749765
12454 4.45338698859826
12456 4.4521925707389
12458 4.45099879340394
12460 4.44980565607827
12462 4.44861315824735
12464 4.44742129939719
12466 4.44623007901433
12468 4.44503949658589
12470 4.44384955159952
12472 4.44266024354342
12474 4.44147157190635
12476 4.44028353617761
12478 4.43909613584704
12480 4.43790937040503
12482 4.43672323934251
12484 4.43553774215097
12486 4.43435287832243
12488 4.43316864734945
12490 4.43198504872514
12492 4.43080208194315
12494 4.42961974649767
12496 4.42843804188342
12498 4.42725696759568
12500 4.42607652313025
12502 4.42489670798347
12504 4.42371752165223
12506 4.42253896363394
12508 4.42136103342655
12510 4.42018373052856
12512 4.41900705443897
12514 4.4311377245509
12516 4.42995876014367
12518 4.42878042292858
12520 4.42760271240526
12522 4.42642562807391
12524 4.42524916943522
12526 4.42407333599043
12528 4.42289812724133
12530 4.42172354269021
12532 4.4205495818399
12534 4.41937624419376
12536 4.41820352925567
12538 4.41703143653004
12540 4.41585996552181
12542 4.41468911573644
12544 4.41351888667992
12546 4.41234927785875
12548 4.41118028877997
12550 4.41001191895113
12552 4.40884416788031
12554 4.40767703507611
12556 4.40651052004764
12558 4.40534462230454
12560 4.40417934135696
12562 4.40301467671559
12564 4.40185062789161
12566 4.40068719439672
12568 4.39952437574316
12570 4.39836217144367
12572 4.39720058101149
12574 4.3960396039604
12576 4.39487923980467
12578 4.39371948805911
12580 4.40575122015565
12582 4.40458921271265
12584 4.40342781806196
12586 4.4154474759457
12588 4.41428383186191
12590 4.41312080094849
12592 4.41195838272093
12594 4.41079657669519
12596 4.40963538238778
12598 4.4084747993157
12600 4.40731482699645
12602 4.40615546494805
12604 4.40499671268902
12606 4.41698435651374
12608 4.41582336706532
12610 4.41466298778084
12612 4.41350321817943
12614 4.4123440577807
12616 4.41118550610477
12618 4.41002756267227
12620 4.40887022700433
12622 4.40771349862259
12624 4.40655737704918
12626 4.41851317687164
12628 4.41735483025298
12630 4.41619709081379
12632 4.41503995807677
12634 4.41388343156516
12636 4.41272751080267
12638 4.41157219531352
12640 4.41041748462243
12642 4.42234724584587
12644 4.4211903204709
12646 4.42003400026154
12648 4.4188782847431
12650 4.41772317344138
12652 4.41656866588266
12654 4.41541476159373
12656 4.41426146010187
12658 4.41310876093485
12660 4.41195666362094
12662 4.41080516768889
12664 4.40965427266797
12666 4.40850397808791
12668 4.40735428347894
12670 4.40620518837179
12672 4.40505669229767
12674 4.40390879478827
12676 4.4027614953758
12678 4.40161479359292
12680 4.40046868897279
12682 4.39932318104907
12684 4.39817826935589
12686 4.39703395342787
12688 4.3958902328001
12690 4.39474710700819
12692 4.3936045755882
12694 4.39246263807667
12696 4.39132129401065
12698 4.39018054292765
12700 4.38904038436567
12702 4.38790081786317
12704 4.38676184295912
12706 4.38562345919294
12708 4.38448566610455
12710 4.38334846323434
12712 4.38221185012317
12714 4.38107582631238
12716 4.37994039134379
12718 4.37880554475968
12720 4.37767128610284
12722 4.37653761491648
12724 4.37540453074434
12726 4.3872136663647
12728 4.38607840600336
12730 4.38494373302289
12732 4.38380964696754
12734 4.38267614738203
12736 4.38154323381155
12738 4.38041090580178
12740 4.37927916289885
12742 4.37814800464936
12744 4.37701743060039
12746 4.37588744029947
12748 4.37475803329462
12750 4.37362920913431
12752 4.37250096736747
12754 4.37137330754352
12756 4.37024622921232
12758 4.36911973192422
12760 4.36799381523
12762 4.36686847868092
12764 4.36574372182872
12766 4.36461954422557
12768 4.37636761487965
12770 4.37524128168833
12772 4.37411552811013
12774 4.38585209003215
12776 4.38472418670438
12778 4.38359686335004
12780 4.38247011952191
