501 100
502 50
503 33.3333333333333
504 25
505 20
506 16.6666666666667
507 14.2857142857143
508 12.5
509 11.1111111111111
510 10
511 9.09090909090909
512 8.33333333333333
513 7.69230769230769
514 7.14285714285714
515 6.66666666666667
516 6.25
517 5.88235294117647
518 5.55555555555556
519 5.26315789473684
520 5
521 4.76190476190476
522 4.54545454545455
523 4.34782608695652
524 4.16666666666667
525 4
526 7.69230769230769
527 7.40740740740741
528 7.14285714285714
529 6.89655172413793
530 10
531 12.9032258064516
532 12.5
533 15.1515151515152
534 14.7058823529412
535 14.2857142857143
536 16.6666666666667
537 16.2162162162162
538 15.7894736842105
539 15.3846153846154
540 15
541 14.6341463414634
542 14.2857142857143
543 13.953488372093
544 13.6363636363636
545 13.3333333333333
546 13.0434782608696
547 14.8936170212766
548 16.6666666666667
549 16.3265306122449
550 16
551 15.6862745098039
552 15.3846153846154
553 15.0943396226415
554 16.6666666666667
555 16.3636363636364
556 16.0714285714286
557 15.7894736842105
558 15.5172413793103
559 15.2542372881356
560 16.6666666666667
561 16.3934426229508
562 16.1290322580645
563 15.8730158730159
564 15.625
565 15.3846153846154
566 15.1515151515152
567 14.9253731343284
568 14.7058823529412
569 14.4927536231884
570 14.2857142857143
571 14.0845070422535
572 15.2777777777778
573 15.0684931506849
574 14.8648648648649
575 14.6666666666667
576 14.4736842105263
577 14.2857142857143
578 15.3846153846154
579 15.1898734177215
580 15
581 14.8148148148148
582 14.6341463414634
583 15.6626506024096
584 15.4761904761905
585 15.2941176470588
586 15.1162790697674
587 14.9425287356322
588 14.7727272727273
589 14.6067415730337
590 15.5555555555556
591 16.4835164835165
592 16.304347826087
593 16.1290322580645
594 15.9574468085106
595 15.7894736842105
596 15.625
597 16.4948453608247
598 16.3265306122449
599 16.1616161616162
600 16
601 15.8415841584158
602 16.6666666666667
603 16.504854368932
604 16.3461538461538
605 17.1428571428571
606 17.9245283018868
607 17.7570093457944
608 17.5925925925926
609 17.4311926605505
610 18.1818181818182
611 18.018018018018
612 17.8571428571429
613 18.5840707964602
614 18.4210526315789
615 18.2608695652174
616 18.1034482758621
617 18.8034188034188
618 18.6440677966102
619 18.4873949579832
620 19.1666666666667
621 19.0082644628099
622 18.8524590163934
623 18.6991869918699
624 18.5483870967742
625 18.4
626 18.2539682539683
627 18.1102362204724
628 18.75
629 18.6046511627907
630 18.4615384615385
631 18.3206106870229
632 18.1818181818182
633 18.796992481203
634 18.6567164179104
635 18.5185185185185
636 18.3823529411765
637 18.2481751824818
638 18.1159420289855
639 17.9856115107914
640 17.8571428571429
641 17.7304964539007
642 17.6056338028169
643 17.4825174825175
644 17.3611111111111
645 17.2413793103448
646 17.8082191780822
647 17.687074829932
648 17.5675675675676
649 17.4496644295302
650 18
651 17.8807947019868
652 17.7631578947368
653 17.6470588235294
654 17.5324675324675
655 17.4193548387097
656 17.3076923076923
657 17.1974522292994
658 17.0886075949367
659 16.9811320754717
660 17.5
661 17.3913043478261
662 17.2839506172839
663 17.1779141104294
664 17.0731707317073
665 16.969696969697
666 16.8674698795181
667 16.7664670658683
668 16.6666666666667
669 17.1597633136095
670 17.0588235294118
671 16.9590643274854
672 17.4418604651163
673 17.3410404624277
674 17.816091954023
675 17.7142857142857
676 17.6136363636364
677 17.5141242937853
678 17.9775280898876
679 17.877094972067
680 17.7777777777778
681 17.6795580110497
682 18.1318681318681
683 18.0327868852459
684 17.9347826086957
685 17.8378378378378
686 17.741935483871
687 17.6470588235294
688 17.5531914893617
689 17.4603174603175
690 17.3684210526316
691 17.2774869109948
692 17.1875
693 17.6165803108808
694 17.5257731958763
695 17.9487179487179
696 17.8571428571429
697 17.7664974619289
698 17.6767676767677
699 17.5879396984925
700 17.5
701 17.4129353233831
702 17.3267326732673
703 17.2413793103448
704 17.156862745098
705 17.0731707317073
706 16.9902912621359
707 16.9082125603865
708 16.8269230769231
709 16.7464114832536
710 17.1428571428571
711 17.0616113744076
712 16.9811320754717
713 16.9014084507042
714 16.8224299065421
715 16.7441860465116
716 16.6666666666667
717 16.5898617511521
718 16.5137614678899
719 16.4383561643836
720 16.3636363636364
721 16.7420814479638
722 17.1171171171171
723 17.0403587443946
724 17.4107142857143
725 17.7777777777778
726 17.6991150442478
727 17.6211453744493
728 17.5438596491228
729 17.4672489082969
730 17.3913043478261
731 17.3160173160173
732 17.2413793103448
733 17.1673819742489
734 17.0940170940171
735 17.0212765957447
736 16.9491525423729
737 16.8776371308017
738 16.8067226890756
739 16.7364016736402
740 16.6666666666667
741 16.597510373444
742 16.5289256198347
743 16.4609053497942
744 16.3934426229508
745 16.3265306122449
746 16.6666666666667
747 16.5991902834008
748 16.5322580645161
749 16.4658634538153
750 16.4
751 16.3346613545817
752 16.2698412698413
753 16.2055335968379
754 16.1417322834646
755 16.078431372549
756 16.015625
757 15.9533073929961
758 15.8914728682171
759 15.8301158301158
760 15.7692307692308
761 15.7088122605364
762 15.6488549618321
763 15.5893536121673
764 15.9090909090909
765 15.8490566037736
766 15.7894736842105
767 15.7303370786517
768 15.6716417910448
769 15.6133828996283
770 15.5555555555556
771 15.4981549815498
772 15.4411764705882
773 15.3846153846154
774 15.3284671532847
775 15.2727272727273
776 15.2173913043478
777 15.1624548736462
778 15.1079136690647
779 15.0537634408602
780 15.3571428571429
781 15.3024911032028
782 15.2482269503546
783 15.1943462897526
784 15.1408450704225
785 15.0877192982456
786 15.034965034965
787 14.9825783972125
788 14.9305555555556
789 15.2249134948097
790 15.1724137931034
791 15.1202749140893
792 15.0684931506849
793 15.0170648464164
794 14.9659863945578
795 14.9152542372881
796 14.8648648648649
797 14.8148148148148
798 14.7651006711409
799 14.7157190635452
800 14.6666666666667
801 14.6179401993355
802 14.5695364238411
803 14.5214521452145
804 14.4736842105263
805 14.4262295081967
806 14.3790849673203
807 14.3322475570033
808 14.2857142857143
809 14.2394822006472
810 14.1935483870968
811 14.1479099678457
812 14.1025641025641
813 14.0575079872204
814 14.0127388535032
815 13.968253968254
816 13.9240506329114
817 13.8801261829653
818 13.8364779874214
819 14.1065830721003
820 14.0625
821 14.018691588785
822 13.9751552795031
823 13.9318885448916
824 13.8888888888889
825 13.8461538461538
826 13.8036809815951
827 13.7614678899083
828 13.719512195122
829 13.677811550152
830 13.6363636363636
831 13.595166163142
832 13.5542168674699
833 13.5135135135135
834 13.7724550898204
835 13.7313432835821
836 13.6904761904762
837 13.6498516320475
838 13.6094674556213
839 13.5693215339233
840 13.5294117647059
841 13.4897360703812
842 13.4502923976608
843 13.4110787172012
844 13.3720930232558
845 13.3333333333333
846 13.2947976878613
847 13.2564841498559
848 13.2183908045977
849 13.1805157593123
850 13.1428571428571
851 13.1054131054131
852 13.0681818181818
853 13.0311614730878
854 12.9943502824859
855 12.9577464788732
856 12.9213483146067
857 13.1652661064426
858 13.1284916201117
859 13.091922005571
860 13.0555555555556
861 13.0193905817175
862 12.9834254143646
863 12.9476584022039
864 12.9120879120879
865 12.8767123287671
866 12.8415300546448
867 12.8065395095368
868 12.7717391304348
869 12.7371273712737
870 12.7027027027027
871 12.6684636118598
872 12.6344086021505
873 12.6005361930295
874 12.5668449197861
875 12.5333333333333
876 12.5
877 12.7320954907162
878 12.6984126984127
879 12.664907651715
880 12.6315789473684
881 12.5984251968504
882 12.565445026178
883 12.532637075718
884 12.5
885 12.4675324675325
886 12.4352331606218
887 12.6614987080103
888 12.6288659793814
889 12.5964010282776
890 12.8205128205128
891 12.7877237851662
892 12.7551020408163
893 12.7226463104326
894 12.6903553299492
895 12.6582278481013
896 12.6262626262626
897 12.5944584382872
898 12.5628140703518
899 12.531328320802
900 12.5
901 12.4688279301746
902 12.4378109452736
903 12.4069478908189
904 12.3762376237624
905 12.3456790123457
906 12.3152709359606
907 12.2850122850123
908 12.2549019607843
909 12.2249388753056
910 12.1951219512195
911 12.1654501216545
912 12.1359223300971
913 12.1065375302663
914 12.0772946859903
915 12.0481927710843
916 12.0192307692308
917 11.9904076738609
918 11.9617224880383
919 11.9331742243437
920 11.9047619047619
921 11.8764845605701
922 11.8483412322275
923 11.8203309692671
924 11.7924528301887
925 11.7647058823529
926 11.9718309859155
927 12.1779859484778
928 12.1495327102804
929 12.1212121212121
930 12.093023255814
931 12.0649651972158
932 12.037037037037
933 12.0092378752887
934 11.9815668202765
935 11.9540229885057
936 11.9266055045872
937 11.8993135011442
938 11.8721461187215
939 11.8451025056948
940 11.8181818181818
941 11.7913832199546
942 11.9909502262443
943 11.9638826185102
944 11.9369369369369
945 11.9101123595506
946 11.8834080717489
947 12.0805369127517
948 12.0535714285714
949 12.0267260579065
950 12
951 11.9733924611973
952 11.9469026548673
953 11.9205298013245
954 11.8942731277533
955 11.8681318681319
956 11.8421052631579
957 11.8161925601751
958 11.7903930131004
959 11.7647058823529
960 11.7391304347826
961 11.7136659436009
962 11.9047619047619
963 11.8790496760259
964 11.8534482758621
965 11.8279569892473
966 11.8025751072961
967 11.7773019271949
968 11.965811965812
969 11.9402985074627
970 11.9148936170213
971 11.8895966029724
972 11.864406779661
973 11.8393234672304
974 11.8143459915612
975 12
976 11.9747899159664
977 11.9496855345912
978 12.1338912133891
979 12.1085594989562
980 12.0833333333333
981 12.0582120582121
982 12.0331950207469
983 12.2153209109731
984 12.396694214876
985 12.3711340206186
986 12.3456790123457
987 12.5256673511294
988 12.5
989 12.4744376278119
990 12.4489795918367
991 12.4236252545825
992 12.3983739837398
993 12.3732251521298
994 12.3481781376518
995 12.3232323232323
996 12.2983870967742
997 12.2736418511066
998 12.2489959839357
999 12.2244488977956
1000 12.4
1001 12.375249500998
1002 12.3505976095618
1003 12.3260437375746
1004 12.3015873015873
1005 12.4752475247525
1006 12.4505928853755
1007 12.4260355029586
1008 12.4015748031496
1009 12.37721021611
1010 12.3529411764706
1011 12.3287671232877
1012 12.3046875
1013 12.280701754386
1014 12.4513618677043
1015 12.621359223301
1016 12.5968992248062
1017 12.5725338491296
1018 12.5482625482625
1019 12.52408477842
1020 12.5
1021 12.4760076775432
1022 12.4521072796935
1023 12.4282982791587
1024 12.4045801526718
1025 12.3809523809524
1026 12.3574144486692
1027 12.3339658444023
1028 12.3106060606061
1029 12.2873345935728
1030 12.2641509433962
1031 12.241054613936
1032 12.218045112782
1033 12.3827392120075
1034 12.3595505617978
1035 12.3364485981308
1036 12.3134328358209
1037 12.2905027932961
1038 12.2676579925651
1039 12.2448979591837
1040 12.2222222222222
1041 12.1996303142329
1042 12.1771217712177
1043 12.1546961325967
1044 12.1323529411765
1045 12.1100917431193
1046 12.0879120879121
1047 12.0658135283364
1048 12.043795620438
1049 12.0218579234973
1050 12
1051 11.978221415608
1052 11.9565217391304
1053 11.9349005424955
1054 11.913357400722
1055 11.8918918918919
1056 11.8705035971223
1057 11.8491921005386
1058 11.8279569892473
1059 11.8067978533095
1060 11.7857142857143
1061 11.7647058823529
1062 11.7437722419929
1063 11.7229129662522
1064 11.7021276595745
1065 11.6814159292035
1066 11.660777385159
1067 11.6402116402116
1068 11.6197183098592
1069 11.5992970123023
1070 11.5789473684211
1071 11.5586690017513
1072 11.5384615384615
1073 11.6928446771379
1074 11.6724738675958
1075 11.6521739130435
1076 11.6319444444444
1077 11.6117850953206
1078 11.5916955017301
1079 11.5716753022453
1080 11.551724137931
1081 11.7039586919105
1082 11.6838487972509
1083 11.663807890223
1084 11.6438356164384
1085 11.6239316239316
1086 11.6040955631399
1087 11.5843270868825
1088 11.5646258503401
1089 11.5449915110357
1090 11.5254237288136
1091 11.5059221658206
1092 11.4864864864865
1093 11.4671163575042
1094 11.4478114478114
1095 11.4285714285714
1096 11.4093959731544
1097 11.3902847571189
1098 11.371237458194
1099 11.3522537562604
1100 11.3333333333333
1101 11.3144758735441
1102 11.2956810631229
1103 11.2769485903814
1104 11.2582781456954
1105 11.2396694214876
1106 11.2211221122112
1107 11.2026359143328
1108 11.1842105263158
1109 11.1658456486043
1110 11.1475409836066
1111 11.1292962356792
1112 11.1111111111111
1113 11.0929853181077
1114 11.0749185667752
1115 11.0569105691057
1116 11.038961038961
1117 11.0210696920583
1118 11.1650485436893
1119 11.1470113085622
1120 11.1290322580645
1121 11.1111111111111
1122 11.0932475884244
1123 11.0754414125201
1124 11.0576923076923
1125 11.04
1126 11.0223642172524
1127 11.0047846889952
1128 10.9872611464968
1129 10.9697933227345
1130 10.952380952381
1131 10.9350237717908
1132 10.9177215189873
1133 11.0584518167457
1134 11.0410094637224
1135 11.0236220472441
1136 11.0062893081761
1137 10.989010989011
1138 10.9717868338558
1139 10.9546165884194
1140 10.9375
1141 10.9204368174727
1142 10.9034267912773
1143 10.8864696734059
1144 10.8695652173913
1145 10.8527131782946
1146 10.8359133126935
1147 10.8191653786708
1148 10.8024691358025
1149 10.7858243451464
1150 10.7692307692308
1151 10.752688172043
1152 10.7361963190184
1153 10.7197549770291
1154 10.7033639143731
1155 10.6870229007634
1156 10.8231707317073
1157 10.806697108067
1158 10.790273556231
1159 10.7738998482549
1160 10.7575757575758
1161 10.7413010590015
1162 10.7250755287009
1163 10.7088989441931
1164 10.6927710843374
1165 10.6766917293233
1166 10.6606606606607
1167 10.6446776611694
1168 10.6287425149701
1169 10.6128550074738
1170 10.5970149253731
1171 10.5812220566319
1172 10.5654761904762
1173 10.5497771173848
1174 10.5341246290801
1175 10.6666666666667
1176 10.6508875739645
1177 10.6351550960118
1178 10.6194690265487
1179 10.6038291605302
1180 10.5882352941176
1181 10.5726872246696
1182 10.5571847507331
1183 10.5417276720351
1184 10.5263157894737
1185 10.5109489051095
1186 10.4956268221574
1187 10.4803493449782
1188 10.4651162790698
1189 10.4499274310595
1190 10.5797101449275
1191 10.7091172214182
1192 10.6936416184971
1193 10.6782106782107
1194 10.6628242074928
1195 10.6474820143885
1196 10.632183908046
1197 10.6169296987088
1198 10.6017191977077
1199 10.5865522174535
1200 10.5714285714286
1201 10.5563480741797
1202 10.5413105413105
1203 10.5263157894737
1204 10.5113636363636
1205 10.4964539007092
1206 10.4815864022663
1207 10.4667609618105
1208 10.4519774011299
1209 10.4372355430183
1210 10.4225352112676
1211 10.407876230661
1212 10.3932584269663
1213 10.3786816269285
1214 10.5042016806723
1215 10.4895104895105
1216 10.4748603351955
1217 10.4602510460251
1218 10.4456824512535
1219 10.4311543810848
1220 10.5555555555556
1221 10.5409153952843
1222 10.5263157894737
1223 10.5117565698479
1224 10.4972375690608
1225 10.4827586206897
1226 10.6060606060606
1227 10.5914718019257
1228 10.5769230769231
1229 10.562414266118
1230 10.5479452054795
1231 10.5335157318741
1232 10.5191256830601
1233 10.5047748976808
1234 10.4904632152589
1235 10.4761904761905
1236 10.4619565217391
1237 10.4477611940299
1238 10.4336043360434
1239 10.4194857916103
1240 10.4054054054054
1241 10.391363022942
1242 10.377358490566
1243 10.3633916554509
1244 10.3494623655914
1245 10.3355704697987
1246 10.3217158176944
1247 10.3078982597055
1248 10.2941176470588
1249 10.2803738317757
1250 10.2666666666667
1251 10.2529960053262
1252 10.2393617021277
1253 10.2257636122178
1254 10.2122015915119
1255 10.1986754966887
1256 10.1851851851852
1257 10.1717305151915
1258 10.1583113456464
1259 10.1449275362319
1260 10.1315789473684
1261 10.1182654402102
1262 10.1049868766404
1263 10.0917431192661
1264 10.0785340314136
1265 10.0653594771242
1266 10.0522193211488
1267 10.0391134289439
1268 10.0260416666667
1269 10.0130039011704
1270 10
1271 9.98702983138781
1272 9.9740932642487
1273 9.96119016817594
1274 9.94832041343669
1275 9.93548387096774
1276 9.92268041237113
1277 9.90990990990991
1278 9.89717223650386
1279 9.88446726572529
1280 9.87179487179487
1281 9.85915492957746
1282 9.84654731457801
1283 9.83397190293742
1284 9.82142857142857
1285 9.80891719745223
1286 9.79643765903308
1287 9.78398983481576
1288 9.77157360406091
1289 9.75918884664132
1290 9.74683544303798
1291 9.73451327433628
1292 9.72222222222222
1293 9.70996216897856
1294 9.69773299748111
1295 9.68553459119497
1296 9.79899497487437
1297 9.78670012547051
1298 9.77443609022556
1299 9.7622027534418
1300 9.75
1301 9.73782771535581
1302 9.72568578553616
1303 9.71357409713574
1304 9.70149253731343
1305 9.68944099378882
1306 9.67741935483871
1307 9.66542750929368
1308 9.65346534653465
1309 9.64153275648949
1310 9.62962962962963
1311 9.61775585696671
1312 9.60591133004926
1313 9.71709717097171
1314 9.7051597051597
1315 9.69325153374233
1316 9.68137254901961
1317 9.66952264381885
1318 9.65770171149144
1319 9.64590964590965
1320 9.63414634146342
1321 9.62241169305725
1322 9.61070559610706
1323 9.59902794653706
1324 9.5873786407767
1325 9.57575757575758
1326 9.56416464891041
1327 9.55259975816203
1328 9.54106280193237
1329 9.52955367913148
1330 9.51807228915663
1331 9.50661853188929
1332 9.49519230769231
1333 9.48379351740696
1334 9.47242206235012
1335 9.46107784431138
1336 9.44976076555024
1337 9.43847072879331
1338 9.4272076372315
1339 9.41597139451728
1340 9.40476190476191
1341 9.3935790725327
1342 9.38242280285036
1343 9.37129300118624
1344 9.36018957345972
1345 9.3491124260355
1346 9.33806146572104
1347 9.32703659976387
1348 9.43396226415094
1349 9.4228504122497
1350 9.41176470588235
1351 9.40070505287897
1352 9.38967136150235
1353 9.37866354044549
1354 9.36768149882904
1355 9.35672514619883
1356 9.34579439252336
1357 9.33488914819137
1358 9.32400932400932
1359 9.31315483119907
1360 9.30232558139535
1361 9.29152148664344
1362 9.28074245939675
1363 9.26998841251448
1364 9.25925925925926
1365 9.2485549132948
1366 9.2378752886836
1367 9.22722029988466
1368 9.21658986175115
1369 9.20598388952819
1370 9.19540229885057
1371 9.18484500574053
1372 9.1743119266055
1373 9.16380297823597
1374 9.1533180778032
1375 9.14285714285714
1376 9.24657534246575
1377 9.23603192702395
1378 9.2255125284738
1379 9.21501706484642
1380 9.20454545454546
1381 9.19409761634506
1382 9.18367346938776
1383 9.17327293318233
1384 9.27601809954751
1385 9.26553672316384
1386 9.25507900677201
1387 9.24464487034949
1388 9.23423423423423
1389 9.22384701912261
1390 9.21348314606742
1391 9.20314253647587
1392 9.19282511210762
1393 9.18253079507279
1394 9.17225950782998
1395 9.16201117318436
1396 9.15178571428571
1397 9.14158305462653
1398 9.13140311804009
1399 9.12124582869855
1400 9.11111111111111
1401 9.10099889012209
1402 9.09090909090909
1403 9.08084163898117
1404 9.07079646017699
1405 9.06077348066298
1406 9.05077262693157
1407 9.04079382579934
1408 9.03083700440529
1409 9.02090209020902
1410 9.01098901098901
1411 9.00109769484083
1412 8.99122807017544
1413 8.98138006571742
1414 8.97155361050328
1415 8.96174863387978
1416 8.95196506550218
1417 8.94220283533261
1418 9.04139433551198
1419 9.03155603917301
1420 9.02173913043478
1421 9.01194353963084
1422 9.00216919739696
1423 8.99241603466956
1424 8.98268398268398
1425 8.97297297297297
1426 8.96328293736501
1427 8.95361380798274
1428 9.05172413793103
1429 9.04198062432723
1430 9.03225806451613
1431 9.02255639097744
1432 9.01287553648069
1433 9.0032154340836
1434 8.99357601713062
1435 8.98395721925134
1436 8.97435897435897
1437 8.96478121664888
1438 8.95522388059701
1439 8.94568690095847
1440 8.93617021276596
1441 8.92667375132837
1442 8.9171974522293
1443 8.90774125132556
1444 8.89830508474576
1445 8.88888888888889
1446 8.87949260042283
1447 8.870116156283
1448 8.86075949367089
1449 8.85142255005269
1450 8.8421052631579
1451 8.83280757097792
1452 8.82352941176471
1453 8.81427072402938
1454 8.80503144654088
1455 8.79581151832461
1456 8.78661087866109
1457 8.77742946708464
1458 8.76826722338205
1459 8.75912408759124
1460 8.75
1461 8.74089490114464
1462 8.73180873180873
1463 8.72274143302181
1464 8.71369294605809
1465 8.70466321243523
1466 8.69565217391304
1467 8.68665977249224
1468 8.67768595041322
1469 8.6687306501548
1470 8.65979381443299
1471 8.65087538619979
1472 8.64197530864197
1473 8.63309352517986
1474 8.62422997946612
1475 8.71794871794872
1476 8.70901639344262
1477 8.70010235414534
1478 8.69120654396728
1479 8.68232890704801
1480 8.6734693877551
1481 8.66462793068298
1482 8.65580448065173
1483 8.646998982706
1484 8.63821138211382
1485 8.62944162436548
1486 8.62068965517241
1487 8.61195542046606
1488 8.60323886639676
1489 8.59453993933266
1490 8.58585858585859
1491 8.57719475277498
1492 8.56854838709677
1493 8.55991943605237
1494 8.55130784708249
1495 8.5427135678392
1496 8.53413654618474
1497 8.52557673019057
1498 8.51703406813627
1499 8.50850850850851
1500 8.5
1501 8.49150849150849
1502 8.58283433133733
1503 8.67397806580259
1504 8.66533864541833
1505 8.65671641791045
1506 8.64811133200795
1507 8.6395233366435
1508 8.63095238095238
1509 8.62239841427156
1510 8.61386138613861
1511 8.6053412462908
1512 8.59683794466403
1513 8.5883514313919
1514 8.57988165680473
1515 8.57142857142857
1516 8.56299212598425
1517 8.55457227138643
1518 8.54616895874263
1519 8.53778213935231
1520 8.62745098039216
1521 8.61900097943193
1522 8.6105675146771
1523 8.69990224828934
1524 8.69140625
1525 8.68292682926829
1526 8.67446393762183
1527 8.66601752677702
1528 8.65758754863813
1529 8.6491739552964
1530 8.64077669902913
1531 8.63239573229874
1532 8.62403100775194
1533 8.61568247821878
1534 8.6073500967118
1535 8.59903381642512
1536 8.59073359073359
1537 8.67888138862102
1538 8.67052023121387
1539 8.66217516843118
1540 8.65384615384615
1541 8.64553314121038
1542 8.63723608445298
1543 8.62895493767977
1544 8.71647509578544
1545 8.70813397129187
1546 8.69980879541109
1547 8.69149952244508
1548 8.68320610687023
1549 8.67492850333651
1550 8.66666666666667
1551 8.65842055185538
1552 8.65019011406844
1553 8.64197530864197
1554 8.63377609108159
1555 8.62559241706161
1556 8.61742424242424
1557 8.60927152317881
1558 8.60113421550095
1559 8.59301227573182
1560 8.58490566037736
1561 8.57681432610745
1562 8.56873822975518
1563 8.56067732831609
1564 8.55263157894737
1565 8.54460093896714
1566 8.53658536585366
1567 8.52858481724461
1568 8.52059925093633
1569 8.51262862488307
1570 8.50467289719626
1571 8.49673202614379
1572 8.48880597014925
1573 8.48089468779124
1574 8.47299813780261
1575 8.46511627906977
1576 8.45724907063197
1577 8.44939647168059
1578 8.44155844155844
1579 8.43373493975904
1580 8.42592592592593
1581 8.41813135985199
1582 8.41035120147874
1583 8.40258541089566
1584 8.39483394833948
1585 8.38709677419355
1586 8.37937384898711
1587 8.37166513339466
1588 8.36397058823529
1589 8.35629017447199
1590 8.34862385321101
1591 8.34097158570119
1592 8.33333333333333
1593 8.32570905763952
1594 8.3180987202925
1595 8.31050228310502
1596 8.3029197080292
1597 8.29535095715588
1598 8.28779599271403
1599 8.3712465878071
1600 8.36363636363636
1601 8.35603996366939
1602 8.34845735027223
1603 8.34088848594742
1604 8.33333333333333
1605 8.32579185520362
1606 8.31826401446655
1607 8.31074977416441
1608 8.30324909747292
1609 8.29576194770063
1610 8.28828828828829
1611 8.28082808280828
1612 8.27338129496403
1613 8.2659478885894
1614 8.34829443447038
1615 8.34080717488789
1616 8.33333333333333
1617 8.32587287376902
1618 8.31842576028622
1619 8.31099195710456
1620 8.30357142857143
1621 8.29616413916146
1622 8.28877005347594
1623 8.28138913624221
1624 8.27402135231317
1625 8.26666666666667
1626 8.25932504440497
1627 8.25199645075421
1628 8.24468085106383
1629 8.23737821080602
1630 8.23008849557522
1631 8.22281167108753
1632 8.21554770318021
1633 8.20829655781112
1634 8.28924162257496
1635 8.37004405286344
1636 8.36267605633803
1637 8.35532102022867
1638 8.34797891036907
1639 8.34064969271291
1640 8.33333333333333
1641 8.32602979842244
1642 8.40630472854641
1643 8.3989501312336
1644 8.39160839160839
1645 8.38427947598253
1646 8.37696335078534
1647 8.36965998256321
1648 8.36236933797909
1649 8.35509138381201
1650 8.34782608695652
1651 8.34057341442224
1652 8.33333333333333
1653 8.32610581092801
1654 8.31889081455806
1655 8.31168831168831
1656 8.30449826989619
1657 8.29732065687122
1658 8.29015544041451
1659 8.28300258843831
1660 8.27586206896552
1661 8.2687338501292
1662 8.26161790017212
1663 8.25451418744626
1664 8.24742268041237
1665 8.24034334763948
1666 8.23327615780446
1667 8.22622107969152
1668 8.21917808219178
1669 8.21214713430282
1670 8.2051282051282
1671 8.19812126387703
1672 8.19112627986348
1673 8.18414322250639
1674 8.17717206132879
1675 8.17021276595745
1676 8.16326530612245
1677 8.15632965165675
1678 8.14940577249576
1679 8.14249363867684
1680 8.13559322033898
1681 8.12870448772227
1682 8.12182741116751
1683 8.11496196111581
1684 8.10810810810811
1685 8.10126582278481
1686 8.09443507588533
1687 8.08761583824768
1688 8.08080808080808
1689 8.07401177460051
1690 8.0672268907563
1691 8.06045340050378
1692 8.05369127516779
1693 8.04694048616932
1694 8.04020100502512
1695 8.03347280334728
1696 8.02675585284281
1697 8.02005012531328
1698 8.01335559265442
1699 8.00667222685571
1700 8
1701 7.99333888426311
1702 7.98668885191348
1703 7.98004987531172
1704 7.9734219269103
1705 7.96680497925311
1706 7.96019900497512
1707 7.95360397680199
1708 7.94701986754967
1709 7.94044665012407
1710 7.93388429752066
1711 8.00990916597853
1712 8.003300330033
1713 7.99670239076669
1714 7.99011532125206
1715 7.98353909465021
1716 7.97697368421053
1717 7.97041906327034
1718 7.96387520525452
1719 7.95734208367514
1720 7.95081967213115
1721 8.02620802620803
1722 8.01963993453355
1723 8.0130825838103
1724 8.00653594771242
1725 8
1726 7.99347471451876
1727 7.98696006519967
1728 7.98045602605863
1729 7.97396257119609
1730 7.96747967479675
1731 8.04224207961007
1732 8.03571428571429
1733 8.02919708029197
1734 8.0226904376013
1735 8.01619433198381
1736 8.00970873786408
1737 8.00323362974939
1738 7.9967689822294
1739 7.99031476997579
1740 7.98387096774194
1741 7.97743755036261
1742 7.97101449275362
1743 7.9646017699115
1744 7.95819935691318
1745 8.03212851405623
1746 8.02568218298555
1747 8.01924619085806
1748 8.01282051282051
1749 8.00640512409928
1750 8
1751 7.99360511590727
1752 7.98722044728435
1753 7.98084596967279
1754 7.97448165869219
1755 7.96812749003984
1756 7.96178343949045
1757 7.95544948289578
1758 7.94912559618442
1759 7.9428117553614
1760 7.93650793650794
1761 7.93021411578113
1762 7.92393026941363
1763 7.91765637371338
1764 7.91139240506329
1765 7.90513833992095
1766 7.89889415481833
1767 7.89265982636148
1768 7.96529968454259
1769 7.95902285263987
1770 7.95275590551181
1771 7.94649881982691
1772 7.94025157232704
1773 7.93401413982718
1774 7.92778649921507
1775 7.92156862745098
1776 7.9153605015674
1777 7.90916209866876
1778 7.90297339593114
1779 7.89679437060203
1780 7.890625
1781 7.88446526151444
1782 7.95631825273011
1783 7.95011691348402
1784 7.94392523364486
1785 7.93774319066148
1786 7.93157076205288
1787 7.92540792540793
1788 7.91925465838509
1789 7.91311093871218
1790 7.90697674418605
1791 7.90085205267235
1792 7.89473684210526
1793 7.88863109048724
1794 7.88253477588872
1795 7.87644787644788
1796 7.87037037037037
1797 7.86430223592907
1798 7.85824345146379
1799 7.85219399538106
1800 7.84615384615385
1801 7.84012298232129
1802 7.83410138248848
1803 7.82808902532617
1804 7.82208588957055
1805 7.81609195402299
1806 7.88667687595712
1807 7.88064269319051
1808 7.87461773700306
1809 7.86860198624905
1810 7.86259541984733
1811 7.85659801678108
1812 7.85060975609756
1813 7.84463061690784
1814 7.83866057838661
1815 7.83269961977186
1816 7.82674772036474
1817 7.82080485952923
1818 7.81487101669196
1819 7.80894617134193
1820 7.8030303030303
1821 7.79712339137017
1822 7.79122541603631
1823 7.78533635676493
1824 7.77945619335347
1825 7.77358490566038
1826 7.76772247360483
1827 7.76186887716654
1828 7.75602409638554
1829 7.75018811136193
1830 7.74436090225564
1831 7.73854244928625
1832 7.73273273273273
1833 7.72693173293323
1834 7.72113943028486
1835 7.71535580524345
1836 7.70958083832335
1837 7.70381451009723
1838 7.69805680119581
1839 7.69230769230769
1840 7.6865671641791
1841 7.68083519761372
1842 7.67511177347243
1843 7.66939687267312
1844 7.66369047619048
1845 7.65799256505576
1846 7.65230312035661
1847 7.64662212323682
1848 7.64094955489614
1849 7.70941438102298
1850 7.7037037037037
1851 7.6980014803849
1852 7.69230769230769
1853 7.68662232076866
1854 7.68094534711965
1855 7.67527675276753
1856 7.66961651917404
1857 7.66396462785556
1858 7.65832106038292
1859 7.65268579838116
1860 7.64705882352941
1861 7.64144011756062
1862 7.63582966226138
1863 7.63022743947175
1864 7.62463343108504
1865 7.61904761904762
1866 7.61346998535871
1867 7.60790051207023
1868 7.60233918128655
1869 7.59678597516435
1870 7.59124087591241
1871 7.58570386579139
1872 7.5801749271137
1873 7.57465404224326
1874 7.56914119359534
1875 7.56363636363636
1876 7.55813953488372
1877 7.55265068990559
1878 7.54716981132075
1879 7.5416968817984
1880 7.53623188405797
1881 7.53077480086894
1882 7.52532561505065
1883 7.51988430947216
1884 7.51445086705202
1885 7.50902527075812
1886 7.5036075036075
1887 7.49819754866619
1888 7.49279538904899
1889 7.48740100791937
1890 7.48201438848921
1891 7.47663551401869
1892 7.47126436781609
1893 7.46590093323762
1894 7.46054519368723
1895 7.45519713261649
1896 7.44985673352436
1897 7.44452397995705
1898 7.43919885550787
1899 7.43388134381701
1900 7.42857142857143
1901 7.42326909350464
1902 7.41797432239658
1903 7.41268709907341
1904 7.40740740740741
1905 7.47330960854093
1906 7.46799431009957
1907 7.46268656716418
1908 7.45738636363636
1909 7.45209368346345
1910 7.4468085106383
1911 7.44153082919915
1912 7.43626062322946
1913 7.43099787685775
1914 7.42574257425743
1915 7.42049469964664
1916 7.41525423728814
1917 7.41002117148906
1918 7.40479548660085
1919 7.39957716701903
1920 7.3943661971831
1921 7.38916256157635
1922 7.38396624472574
1923 7.37877723120169
1924 7.37359550561798
1925 7.36842105263158
1926 7.3632538569425
1927 7.35809390329362
1928 7.35294117647059
1929 7.34779566130161
1930 7.34265734265734
1931 7.33752620545073
1932 7.33240223463687
1933 7.32728541521284
1934 7.32217573221757
1935 7.31707317073171
1936 7.31197771587744
1937 7.30688935281837
1938 7.30180806675939
1939 7.29673384294649
1940 7.29166666666667
1941 7.28660652324774
1942 7.28155339805825
1943 7.27650727650728
1944 7.27146814404432
1945 7.26643598615917
1946 7.26141078838174
1947 7.25639253628196
1948 7.25138121546961
1949 7.2463768115942
1950 7.24137931034483
1951 7.23638869745003
1952 7.23140495867769
1953 7.22642807983482
1954 7.22145804676754
1955 7.21649484536082
1956 7.21153846153846
1957 7.20658888126287
1958 7.20164609053498
1959 7.19671007539411
1960 7.19178082191781
1961 7.18685831622177
1962 7.18194254445964
1963 7.17703349282297
1964 7.17213114754098
1965 7.16723549488055
1966 7.16234652114598
1967 7.15746421267894
1968 7.15258855585831
1969 7.14771953710007
1970 7.14285714285714
1971 7.13800135961931
1972 7.13315217391304
1973 7.12830957230143
1974 7.12347354138399
1975 7.11864406779661
1976 7.11382113821138
1977 7.10900473933649
1978 7.1041948579161
1979 7.09939148073022
1980 7.09459459459459
1981 7.08980418636057
1982 7.08502024291498
1983 7.08024275118004
1984 7.07547169811321
1985 7.07070707070707
1986 7.06594885598923
1987 7.06119704102219
1988 7.05645161290323
1989 7.05171255876427
1990 7.04697986577181
1991 7.04225352112676
1992 7.03753351206434
1993 7.03281982585399
1994 7.0281124497992
1995 7.02341137123746
1996 7.01871657754011
1997 7.01402805611222
1998 7.00934579439252
1999 7.00466977985324
2000 7
2001 6.99533644237175
2002 6.99067909454061
2003 6.98602794411178
2004 6.9813829787234
2005 6.97674418604651
2006 6.97211155378486
2007 6.96748506967485
2008 6.96286472148541
2009 6.95825049701789
2010 6.95364238410596
2011 7.01522170747849
2012 7.01058201058201
2013 7.00594844679445
2014 7.00132100396301
2015 6.996699669967
2016 6.99208443271768
2017 6.98747528015821
2018 6.9828722002635
2019 6.97827518104016
2020 6.97368421052632
2021 6.96909927679158
2022 6.96452036793692
2023 6.95994747209455
2024 6.95538057742782
2025 6.95081967213115
2026 6.94626474442988
2027 6.94171578258022
2028 6.93717277486911
2029 6.93263570961413
2030 6.9281045751634
2031 6.92357935989549
2032 6.91906005221932
2033 6.91454664057404
2034 6.91003911342894
2035 6.90553745928339
2036 6.90104166666667
2037 6.89655172413793
2038 6.89206762028609
2039 6.88758934372969
2040 6.88311688311688
2041 6.87865022712524
2042 6.87418936446174
2043 6.86973428386261
2044 6.86528497409326
2045 6.86084142394822
2046 6.85640362225097
2047 6.85197155785391
2048 6.84754521963824
2049 6.84312459651388
2050 6.83870967741935
2051 6.83430045132173
2052 6.82989690721649
2053 6.8254990341275
2054 6.82110682110682
2055 6.81672025723473
2056 6.81233933161954
2057 6.80796403339756
2058 6.80359435173299
2059 6.79923027581783
2060 6.79487179487179
2061 6.85458039718129
2062 6.85019206145967
2063 6.84580934101088
2064 6.84143222506394
2065 6.8370607028754
2066 6.83269476372925
2067 6.82833439693682
2068 6.82397959183673
2069 6.81963033779477
2070 6.81528662420382
2071 6.81094844048377
2072 6.80661577608142
2073 6.80228862047044
2074 6.79796696315121
2075 6.79365079365079
2076 6.78934010152284
2077 6.7850348763475
2078 6.78073510773131
2079 6.77644078530716
2080 6.77215189873418
2081 6.76786843769766
2082 6.76359039190898
2083 6.7593177511055
2084 6.75505050505051
2085 6.75078864353312
2086 6.74653215636822
2087 6.80529300567108
2088 6.80100755667506
2089 6.79672750157332
2090 6.79245283018868
2091 6.78818353236958
2092 6.78391959798995
2093 6.77966101694915
2094 6.77540777917189
2095 6.77115987460815
2096 6.76691729323308
2097 6.76268002504696
2098 6.75844806007509
2099 6.75422138836773
2100 6.75
2101 6.74578388507183
2102 6.74157303370786
2103 6.73736743605739
2104 6.73316708229426
2105 6.72897196261682
2106 6.72478206724782
2107 6.72059738643435
2108 6.71641791044776
2109 6.71224362958359
2110 6.70807453416149
2111 6.70391061452514
2112 6.69975186104218
2113 6.69559826410415
2114 6.69144981412639
2115 6.68730650154799
2116 6.68316831683168
2117 6.67903525046382
2118 6.67490729295426
2119 6.67078443483632
2120 6.66666666666667
2121 6.66255397902529
2122 6.65844636251541
2123 6.6543438077634
2124 6.65024630541872
2125 6.64615384615385
2126 6.64206642066421
2127 6.6379840196681
2128 6.63390663390663
2129 6.62983425414365
2130 6.62576687116564
2131 6.62170447578173
2132 6.61764705882353
2133 6.61359461114513
2134 6.60954712362301
2135 6.60550458715596
2136 6.60146699266504
2137 6.59743433109346
2138 6.59340659340659
2139 6.58938377059182
2140 6.58536585365854
2141 6.58135283363803
2142 6.57734470158343
2143 6.57334144856969
2144 6.6301703163017
2145 6.62613981762918
2146 6.6221142162819
2147 6.67880995749848
2148 6.6747572815534
2149 6.67070952092177
2150 6.66666666666667
2151 6.6626287098728
2152 6.65859564164649
2153 6.65456745311555
2154 6.65054413542926
2155 6.64652567975831
2156 6.64251207729469
2157 6.63850331925166
2158 6.63449939686369
2159 6.63050030138638
2160 6.62650602409639
2161 6.62251655629139
2162 6.61853188929001
2163 6.61455201443175
2164 6.61057692307692
2165 6.60660660660661
2166 6.60264105642257
2167 6.59868026394721
2168 6.5947242206235
2169 6.59077291791492
2170 6.58682634730539
2171 6.58288450029922
2172 6.57894736842105
2173 6.57501494321578
2174 6.57108721624851
2175 6.56716417910448
2176 6.56324582338902
2177 6.61896243291592
2178 6.6150178784267
2179 6.61107802263252
2180 6.60714285714286
2181 6.60321237358715
2182 6.59928656361474
2183 6.59536541889483
2184 6.59144893111639
2185 6.58753709198813
2186 6.58362989323843
2187 6.57972732661529
2188 6.57582938388626
2189 6.57193605683837
2190 6.56804733727811
2191 6.62329982259018
2192 6.6193853427896
2193 6.61547548730065
2194 6.61157024793388
2195 6.60766961651917
2196 6.60377358490566
2197 6.65880966411314
2198 6.65488810365135
2199 6.65097115950559
2200 6.64705882352941
2201 6.64315108759553
2202 6.63924794359577
2203 6.63534938344099
2204 6.63145539906103
2205 6.62756598240469
2206 6.62368112543963
2207 6.61980082015231
2208 6.61592505854801
2209 6.61205383265067
2210 6.60818713450292
2211 6.60432495616598
2212 6.6588785046729
2213 6.65499124343257
2214 6.65110851808635
2215 6.70553935860058
2216 6.7016317016317
2217 6.69772859638905
2218 6.69383003492433
2219 6.68993600930774
2220 6.68604651162791
2221 6.68216153399187
2222 6.67828106852497
2223 6.67440510737086
2224 6.67053364269142
2225 6.66666666666667
2226 6.66280417149479
2227 6.65894614939201
2228 6.65509259259259
2229 6.70908039329092
2230 6.70520231213873
2231 6.70132871172733
2232 6.69745958429561
2233 6.6935949221004
2234 6.68973471741638
2235 6.68587896253602
2236 6.68202764976959
2237 6.67818077144502
2238 6.67433831990794
2239 6.67050028752156
2240 6.66666666666667
2241 6.66283744974153
2242 6.65901262916188
2243 6.65519219736087
2244 6.65137614678899
2245 6.64756446991404
2246 6.64375715922108
2247 6.63995420721236
2248 6.63615560640732
2249 6.63236134934248
2250 6.62857142857143
2251 6.62478583666476
2252 6.62100456621005
2253 6.61722760981175
2254 6.61345496009122
2255 6.60968660968661
2256 6.60592255125285
2257 6.60216277746158
2258 6.59840728100114
2259 6.59465605457646
2260 6.59090909090909
2261 6.58716638273708
2262 6.58342792281498
2263 6.57969370391378
2264 6.57596371882086
2265 6.57223796033994
2266 6.56851642129105
2267 6.56479909451047
2268 6.56108597285068
2269 6.55737704918033
2270 6.55367231638418
2271 6.54997176736307
2272 6.54627539503386
2273 6.54258319232938
2274 6.53889515219842
2275 6.53521126760563
2276 6.53153153153153
2277 6.52785593697243
2278 6.52418447694038
2279 6.52051714446318
2280 6.51685393258427
2281 6.51319483436272
2282 6.50953984287318
2283 6.50588895120583
2284 6.50224215246637
2285 6.49859943977591
2286 6.494960806271
2287 6.49132624510353
2288 6.48769574944072
2289 6.48406931246506
2290 6.4804469273743
2291 6.47682858738135
2292 6.47321428571429
2293 6.46960401561629
2294 6.4659977703456
2295 6.46239554317549
2296 6.45879732739421
2297 6.45520311630495
2298 6.45161290322581
2299 6.44802668148972
2300 6.44444444444444
2301 6.44086618545253
2302 6.43729189789123
2303 6.43372157515252
2304 6.43015521064302
2305 6.4819944598338
2306 6.47840531561462
2307 6.47482014388489
2308 6.4712389380531
2309 6.46766169154229
2310 6.46408839779006
2311 6.46051905024848
2312 6.45695364238411
2313 6.45339216767788
2314 6.44983461962514
2315 6.44628099173554
2316 6.44273127753304
2317 6.43918547055586
2318 6.49064906490649
2319 6.48708081363386
2320 6.48351648351648
2321 6.47995606809445
2322 6.47639956092206
2323 6.47284695556775
2324 6.46929824561404
2325 6.46575342465753
2326 6.46221248630887
2327 6.45867542419267
2328 6.45514223194748
2329 6.45161290322581
2330 6.44808743169399
2331 6.44456581103222
2332 6.4410480349345
2333 6.43753409710857
2334 6.4340239912759
2335 6.43051771117166
2336 6.42701525054466
2337 6.42351660315732
2338 6.42002176278564
2339 6.41653072321914
2340 6.41304347826087
2341 6.40956002172732
2342 6.40608034744843
2343 6.4026044492675
2344 6.39913232104121
2345 6.39566395663957
2346 6.39219934994583
2347 6.38873849485652
2348 6.38528138528139
2349 6.38182801514332
2350 6.37837837837838
2351 6.37493246893571
2352 6.37149028077754
2353 6.36805180787912
2354 6.36461704422869
2355 6.36118598382749
2356 6.35775862068965
2357 6.35433494884222
2358 6.35091496232508
2359 6.34749865519096
2360 6.34408602150538
2361 6.34067705534659
2362 6.33727175080559
2363 6.33387010198604
2364 6.33047210300429
2365 6.32707774798928
2366 6.32368703108253
2367 6.32029994643814
2368 6.3169164882227
2369 6.3135366506153
2370 6.31016042780749
2371 6.30678781400321
2372 6.3034188034188
2373 6.30005339028297
2374 6.29669156883671
2375 6.29333333333333
2376 6.28997867803838
2377 6.28662759722962
2378 6.28328008519702
2379 6.27993613624268
2380 6.32978723404255
2381 6.3264221158958
2382 6.3230605738576
2383 6.31970260223048
2384 6.31634819532909
2385 6.31299734748011
2386 6.30965005302227
2387 6.30630630630631
2388 6.30296610169492
2389 6.29962943356273
2390 6.2962962962963
2391 6.29296668429402
2392 6.28964059196617
2393 6.28631801373481
2394 6.28299894403379
2395 6.27968337730871
2396 6.27637130801688
2397 6.27306273062731
2398 6.26975763962065
2399 6.2664560294892
2400 6.26315789473684
2401 6.25986322987901
2402 6.25657202944269
2403 6.25328428796637
2404 6.25
2405 6.24671916010499
2406 6.24344176285414
2407 6.24016780283167
2408 6.23689727463312
2409 6.23363017286537
2410 6.2303664921466
2411 6.22710622710623
2412 6.22384937238494
2413 6.22059592263461
2414 6.21734587251829
2415 6.21409921671018
2416 6.21085594989562
2417 6.207616066771
2418 6.2043795620438
2419 6.20114643043252
2420 6.19791666666667
2421 6.19469026548673
2422 6.19146722164412
2423 6.1882475299012
2424 6.18503118503119
2425 6.18181818181818
2426 6.17860851505711
2427 6.17540217955371
2428 6.17219917012448
2429 6.16899948159668
2430 6.16580310880829
2431 6.16261004660798
2432 6.15942028985507
2433 6.15623383341955
2434 6.15305067218201
2435 6.14987080103359
2436 6.14669421487603
2437 6.14352090862158
2438 6.14035087719298
2439 6.13718411552347
2440 6.1340206185567
2441 6.13086038124678
2442 6.12770339855819
2443 6.12454966546577
2444 6.12139917695473
2445 6.11825192802057
2446 6.11510791366906
2447 6.11196712891628
2448 6.1088295687885
2449 6.10569522832222
2450 6.1025641025641
2451 6.09943618657099
2452 6.09631147540984
2453 6.09318996415771
2454 6.09007164790174
2455 6.08695652173913
2456 6.0838445807771
2457 6.08073582013286
2458 6.07763023493361
2459 6.07452782031649
2460 6.07142857142857
2461 6.06833248342682
2462 6.06523955147808
2463 6.06214977075904
2464 6.05906313645621
2465 6.0559796437659
2466 6.0528992878942
2467 6.04982206405694
2468 6.04674796747967
2469 6.04367699339766
2470 6.04060913705584
2471 6.03754439370878
2472 6.03448275862069
2473 6.03142422706538
2474 6.02836879432624
2475 6.0253164556962
2476 6.02226720647773
2477 6.0192210419828
2478 6.06673407482305
2479 6.06366851945427
2480 6.06060606060606
2481 6.0575466935891
2482 6.05449041372351
2483 6.05143721633888
2484 6.04838709677419
2485 6.04534005037783
2486 6.04229607250755
2487 6.03925515853045
2488 6.03621730382294
2489 6.08345902463549
2490 6.13065326633166
2491 6.12757408337519
2492 6.12449799196787
2493 6.1214249874561
2494 6.11835506519559
2495 6.11528822055138
2496 6.1122244488978
2497 6.10916374561843
2498 6.10610610610611
2499 6.10305152576288
2500 6.1
2501 6.09695152423788
2502 6.09390609390609
2503 6.09086370444334
2504 6.0878243512974
2505 6.08478802992519
2506 6.08175473579262
2507 6.07872446437469
2508 6.07569721115538
2509 6.07267297162768
2510 6.06965174129353
2511 6.06663351566385
2512 6.06361829025845
2513 6.06060606060606
2514 6.05759682224429
2515 6.0545905707196
2516 6.10119047619048
2517 6.09816559246406
2518 6.09514370664024
2519 6.09212481426449
2520 6.08910891089109
2521 6.08609599208313
2522 6.08308605341246
2523 6.08007909045971
2524 6.07707509881423
2525 6.07407407407407
2526 6.071076011846
2527 6.06808090774544
2528 6.06508875739645
2529 6.06209955643174
2530 6.05911330049261
2531 6.05612998522895
2532 6.05314960629921
2533 6.05017215937039
2534 6.04719764011799
2535 6.04422604422604
2536 6.04125736738703
2537 6.03829160530191
2538 6.03532875368008
2539 6.03236880823933
2540 6.02941176470588
2541 6.02645761881431
2542 6.02350636630754
2543 6.02055800293686
2544 6.01761252446184
2545 6.01466992665037
2546 6.01173020527859
2547 6.00879335613092
2548 6.005859375
2549 6.00292825768668
2550 6
2551 5.99707459775719
2552 5.99415204678363
2553 5.99123234291281
2554 5.98831548198637
2555 5.98540145985401
2556 5.98249027237354
2557 5.97958191541079
2558 5.97667638483965
2559 5.97377367654201
2560 5.97087378640777
2561 5.96797671033479
2562 5.9650824442289
2563 5.96219098400388
2564 5.9593023255814
2565 5.95641646489104
2566 5.95353339787028
2567 5.95065312046444
2568 5.94777562862669
2569 5.94490091831803
2570 5.94202898550725
2571 5.93915982617093
2572 5.93629343629344
2573 5.93342981186686
2574 5.93056894889103
2575 5.92771084337349
2576 5.92485549132948
2577 5.9220028887819
2578 5.91915303176131
2579 5.91630591630592
2580 5.91346153846154
2581 5.9106198942816
2582 5.90778097982709
2583 5.90494479116659
2584 5.9021113243762
2585 5.89928057553957
2586 5.89645254074784
2587 5.89362721609966
2588 5.89080459770115
2589 5.88798468166587
2590 5.88516746411483
2591 5.88235294117647
2592 5.87954110898662
2593 5.87673196368849
2594 5.87392550143267
2595 5.87112171837709
2596 5.86832061068702
2597 5.86552217453505
2598 5.86272640610105
2599 5.85993330157218
2600 5.85714285714286
2601 5.85435506901475
2602 5.85156993339676
2603 5.84878744650499
2604 5.84600760456274
2605 5.84323040380047
2606 5.84045584045584
2607 5.83768391077361
2608 5.83491461100569
2609 5.8321479374111
2610 5.82938388625592
2611 5.82662245381336
2612 5.82386363636364
2613 5.82110743019404
2614 5.81835383159886
2615 5.81560283687943
2616 5.81285444234405
2617 5.81010864430798
2618 5.80736543909348
2619 5.80462482302973
2620 5.84905660377358
2621 5.84629891560585
2622 5.8435438265787
2623 5.84079133301931
2624 5.83804143126177
2625 5.83529411764706
2626 5.87958607714017
2627 5.87682181476258
2628 5.87406015037594
2629 5.8713010803194
2630 5.86854460093897
2631 5.86579070858752
2632 5.86303939962477
2633 5.86029067041725
2634 5.85754451733833
2635 5.85480093676815
2636 5.85205992509363
2637 5.84932147870847
2638 5.8465855940131
2639 5.84385226741468
2640 5.8411214953271
2641 5.83839327417095
2642 5.83566760037348
2643 5.83294447036864
2644 5.83022388059702
2645 5.82750582750583
2646 5.82479030754893
2647 5.86865393572427
2648 5.8659217877095
2649 5.86319218241042
2650 5.86046511627907
2651 5.85774058577406
2652 5.8550185873606
2653 5.85229911751045
2654 5.84958217270195
2655 5.84686774941995
2656 5.84415584415584
2657 5.84144645340751
2658 5.83873957367933
2659 5.83603520148217
2660 5.83333333333333
2661 5.83063396575659
2662 5.82793709528215
2663 5.8252427184466
2664 5.82255083179298
2665 5.81986143187067
2666 5.81717451523546
2667 5.81449007844947
2668 5.85793357933579
2669 5.85523282618718
2670 5.85253456221198
2671 5.84983878397052
2672 5.84714548802947
2673 5.8444546709618
2674 5.88776448942042
2675 5.88505747126437
2676 5.88235294117647
2677 5.87965089572807
2678 5.87695133149679
2679 5.87425424506654
2680 5.87155963302752
2681 5.86886749197616
2682 5.86617781851512
2683 5.86349060925332
2684 5.86080586080586
2685 5.85812356979405
2686 5.85544373284538
2687 5.85276634659351
2688 5.85009140767824
2689 5.84741891274555
2690 5.84474885844749
2691 5.84208124144226
2692 5.83941605839416
2693 5.83675330597355
2694 5.83409298085688
2695 5.83143507972665
2696 5.8287795992714
2697 5.82612653618571
2698 5.82347588717015
2699 5.82082764893133
2700 5.81818181818182
2701 5.81553839164016
2702 5.81289736603088
2703 5.81025873808443
2704 5.80762250453721
2705 5.80498866213152
2706 5.80235720761559
2707 5.79972813774354
2708 5.79710144927536
2709 5.79447713897691
2710 5.79185520361991
2711 5.78923563998191
2712 5.78661844484629
2713 5.78400361500226
2714 5.78139114724481
2715 5.77878103837472
2716 5.77617328519856
2717 5.77356788452864
2718 5.77096483318305
2719 5.76836412798558
2720 5.76576576576577
2721 5.76316974335885
2722 5.76057605760576
2723 5.75798470535313
2724 5.75539568345324
2725 5.75280898876404
2726 5.75022461814915
2727 5.74764256847777
2728 5.74506283662478
2729 5.74248541947061
2730 5.73991031390134
2731 5.78216046615867
2732 5.77956989247312
2733 5.7769816390506
2734 5.77439570277529
2735 5.77181208053691
2736 5.76923076923077
2737 5.76665176575771
2738 5.76407506702413
2739 5.76150066994194
2740 5.75892857142857
2741 5.75635876840696
2742 5.75379125780553
2743 5.75122603655818
2744 5.74866310160428
2745 5.74610244988864
2746 5.74354407836153
2747 5.74098798397864
2748 5.73843416370107
2749 5.73588261449533
2750 5.73333333333333
2751 5.73078631719236
2752 5.72824156305506
2753 5.72569906790945
2754 5.72315882874889
2755 5.72062084257206
2756 5.71808510638298
2757 5.71555161719096
2758 5.71302037201063
2759 5.71049136786189
2760 5.70796460176991
2761 5.70544007076515
2762 5.70291777188329
2763 5.70039770216527
2764 5.69787985865724
2765 5.6953642384106
2766 5.69285083848191
2767 5.69033965593295
2768 5.68783068783069
2769 5.68532393124725
2770 5.68281938325991
2771 5.68031704095112
2772 5.67781690140845
2773 5.67531896172459
2774 5.67282321899736
2775 5.67032967032967
2776 5.66783831282953
2777 5.66534914361001
2778 5.66286215978929
2779 5.66037735849057
2780 5.65789473684211
2781 5.6554142919772
2782 5.65293602103418
2783 5.65045992115637
2784 5.64798598949212
2785 5.64551422319475
2786 5.64304461942257
2787 5.64057717533887
2788 5.63811188811189
2789 5.63564875491481
2790 5.63318777292576
2791 5.67437800087298
2792 5.67190226876091
2793 5.6694286960314
2794 5.66695727986051
2795 5.70806100217865
2796 5.70557491289199
2797 5.70309098824554
2798 5.7006092254134
2799 5.6981296215746
2800 5.69565217391304
2801 5.69317687961756
2802 5.69070373588184
2803 5.68823273990447
2804 5.68576388888889
2805 5.68329718004338
2806 5.68083261058109
2807 5.67837017771998
2808 5.67590987868284
2809 5.67345171069727
2810 5.67099567099567
2811 5.66854175681523
2812 5.66608996539792
2813 5.66364029399049
2814 5.66119273984443
2815 5.65874730021598
2816 5.65630397236615
2817 5.65386275356064
2818 5.65142364106989
2819 5.64898663216904
2820 5.64655172413793
2821 5.64411891426109
2822 5.64168819982774
2823 5.63925957813173
2824 5.6368330464716
2825 5.63440860215054
2826 5.63198624247635
2827 5.6295659647615
2828 5.62714776632302
2829 5.62473164448261
2830 5.62231759656652
2831 5.61990561990562
2832 5.61749571183533
2833 5.61508786969567
2834 5.61268209083119
2835 5.61027837259101
2836 5.60787671232877
2837 5.60547710740265
2838 5.60307955517536
2839 5.60068405301411
2840 5.5982905982906
2841 5.59589918838103
2842 5.5935098206661
2843 5.59112249253094
2844 5.58873720136519
2845 5.5863539445629
2846 5.58397271952259
2847 5.58159352364721
2848 5.57921635434412
2849 5.57684120902512
2850 5.57446808510638
2851 5.57209698000851
2852 5.56972789115646
2853 5.5673608159796
2854 5.56499575191164
2855 5.56263269639066
2856 5.56027164685908
2857 5.55791260076368
2858 5.55555555555556
2859 5.55320050869012
2860 5.55084745762712
2861 5.54849639983058
2862 5.54614733276884
2863 5.54380025391452
2864 5.5414551607445
2865 5.53911205073996
2866 5.53677092138631
2867 5.53443177017321
2868 5.53209459459459
2869 5.52975939214859
2870 5.52742616033755
2871 5.52509489666807
2872 5.52276559865093
2873 5.5204382638011
2874 5.51811288963774
2875 5.51578947368421
2876 5.51346801346801
2877 5.51114850652082
2878 5.50883095037847
2879 5.50651534258092
2880 5.50420168067227
2881 5.50188996220076
2882 5.49958018471872
2883 5.49727234578263
2884 5.49496644295302
2885 5.49266247379455
2886 5.49036043587594
2887 5.48806032677
2888 5.4857621440536
2889 5.52532440351612
2890 5.52301255230125
2891 5.5207026348808
2892 5.51839464882943
2893 5.51608859172587
2894 5.55555555555556
2895 5.55323590814196
2896 5.55091819699499
2897 5.54860241969128
2898 5.54628857381151
2899 5.54397665694039
2900 5.54166666666667
2901 5.53935860058309
2902 5.53705245628643
2903 5.53474823137744
2904 5.5324459234609
2905 5.53014553014553
2906 5.52784704904406
2907 5.52555047777316
2908 5.52325581395349
2909 5.52096305520963
2910 5.51867219917012
2911 5.51638324346744
2912 5.51409618573798
2913 5.51181102362205
2914 5.50952775476388
2915 5.50724637681159
2916 5.50496688741722
2917 5.50268928423666
2918 5.50041356492969
2919 5.49813972715998
2920 5.49586776859504
2921 5.49359768690624
2922 5.49132947976879
2923 5.48906314486174
2924 5.48679867986799
2925 5.48453608247423
2926 5.48227535037098
2927 5.48001648125258
2928 5.47775947281713
2929 5.47550432276657
2930 5.47325102880658
2931 5.47099958864665
2932 5.46875
2933 5.46650226058364
2934 5.46425636811832
2935 5.46201232032854
2936 5.45977011494253
2937 5.45752974969224
2938 5.45529122231337
2939 5.45305453054531
2940 5.45081967213115
2941 5.4485866448177
2942 5.44635544635545
2943 5.44412607449857
2944 5.44189852700491
2945 5.43967280163599
2946 5.47833197056419
2947 5.47609317531671
2948 5.47385620915033
2949 5.47162106982442
2950 5.46938775510204
2951 5.4671562627499
2952 5.46492659053834
2953 5.46269873624134
2954 5.50122249388753
2955 5.4989816700611
2956 5.49674267100977
2957 5.49450549450549
2958 5.49227013832384
2959 5.490036600244
2960 5.48780487804878
2961 5.48557496952458
2962 5.48334687246141
2963 5.48112058465286
2964 5.4788961038961
2965 5.47667342799189
2966 5.47445255474453
2967 5.4722334819619
2968 5.47001620745543
2969 5.4678007290401
2970 5.46558704453441
2971 5.46337515176042
2972 5.46116504854369
2973 5.4589567327133
2974 5.45675020210186
2975 5.45454545454545
2976 5.45234248788368
2977 5.45014129995963
2978 5.44794188861985
2979 5.4457442517144
2980 5.44354838709677
2981 5.44135429262394
2982 5.43916196615633
2983 5.43697140555779
2984 5.43478260869565
2985 5.43259557344064
2986 5.43041029766693
2987 5.42822677925211
2988 5.42604501607717
2989 5.42386500602652
2990 5.42168674698795
2991 5.41951023685267
2992 5.41733547351525
2993 5.41516245487365
2994 5.41299117882919
2995 5.41082164328657
2996 5.40865384615385
2997 5.40648778534241
2998 5.40432345876701
2999 5.40216086434574
3000 5.4
3001 5.39784086365454
3002 5.39568345323741
3003 5.43347982421095
3004 5.43130990415335
3005 5.42914171656687
3006 5.42697525937749
3007 5.42481053051456
3008 5.42264752791069
3009 5.42048624950179
3010 5.41832669322709
3011 5.41616885702907
3012 5.4140127388535
3013 5.41185833664942
3014 5.40970564836913
3015 5.40755467196819
3016 5.40540540540541
3017 5.40325784664283
3018 5.40111199364575
3019 5.39896784438269
3020 5.3968253968254
3021 5.39468464894883
3022 5.39254559873117
3023 5.39040824415379
3024 5.38827258320127
3025 5.38613861386139
3026 5.3840063341251
3027 5.38187574198655
3028 5.37974683544304
3029 5.37761961249506
3030 5.37549407114625
3031 5.3733702094034
3032 5.37124802527646
3033 5.36912751677852
3034 5.36700868192581
3035 5.36489151873767
3036 5.36277602523659
3037 5.36066219944817
3038 5.3585500394011
3039 5.35643954312722
3040 5.35433070866142
3041 5.35222353404172
3042 5.35011801730921
3043 5.34801415650806
3044 5.34591194968553
3045 5.34381139489194
3046 5.34171249018068
3047 5.33961523360817
3048 5.33751962323391
3049 5.33542565712044
3050 5.33333333333333
3051 5.3312426499412
3052 5.32915360501567
3053 5.32706619663141
3054 5.32498042286609
3055 5.32289628180039
3056 5.320813771518
3057 5.31873289010559
3058 5.31665363565285
3059 5.3536537710043
3060 5.3515625
3061 5.34947286216322
3062 5.34738485558158
3063 5.34529847834569
3064 5.34321372854914
3065 5.3411306042885
3066 5.33904910366329
3067 5.336969224776
3068 5.33489096573209
3069 5.33281432463994
3070 5.33073929961089
3071 5.32866588875924
3072 5.32659409020218
3073 5.32452390205985
3074 5.32245532245532
3075 5.32038834951456
3076 5.31832298136646
3077 5.3162592161428
3078 5.31419705197828
3079 5.31213648701047
3080 5.31007751937984
3081 5.30802014722976
3082 5.30596436870643
3083 5.30391018195896
3084 5.30185758513932
3085 5.29980657640232
3086 5.29775715390565
3087 5.29570931580982
3088 5.29366306027821
3089 5.29161838547702
3090 5.28957528957529
3091 5.28753377074489
3092 5.28549382716049
3093 5.28345545699961
3094 5.28141865844256
3095 5.27938342967245
3096 5.27734976887519
3097 5.27531767423951
3098 5.27328714395689
3099 5.27125817622162
3100 5.26923076923077
3101 5.26720492118416
3102 5.2651806302844
3103 5.26315789473684
3104 5.26113671274962
3105 5.25911708253359
3106 5.25709900230238
3107 5.29344073647871
3108 5.29141104294479
3109 5.28938290532771
3110 5.28735632183908
3111 5.28533129069322
3112 5.2833078101072
3113 5.2812858783008
3114 5.27926549349656
3115 5.27724665391969
3116 5.27522935779816
3117 5.27321360336263
3118 5.27119938884645
3119 5.26918671248568
3120 5.26717557251908
3121 5.2651659671881
3122 5.26315789473684
3123 5.26115135341212
3124 5.25914634146341
3125 5.25714285714286
3126 5.25514089870526
3127 5.25314046440807
3128 5.25114155251142
3129 5.24914416127805
3130 5.24714828897338
3131 5.24515393386545
3132 5.24316109422492
3133 5.2411697683251
3134 5.23917995444191
3135 5.23719165085389
3136 5.23520485584219
3137 5.23321956769056
3138 5.23123578468537
3139 5.22925350511557
3140 5.22727272727273
3141 5.22529344945097
3142 5.22331566994701
3143 5.22133938706016
3144 5.21936459909228
3145 5.21739130434783
3146 5.21541950113379
3147 5.21344918775973
3148 5.21148036253776
3149 5.20951302378256
3150 5.20754716981132
3151 5.20558279894379
3152 5.20361990950226
3153 5.20165849981153
3154 5.19969856819895
3155 5.19774011299435
3156 5.19578313253012
3157 5.19382762514114
3158 5.19187358916479
3159 5.18992102294095
3160 5.18796992481203
3161 5.18602029312289
3162 5.18407212622089
3163 5.18212542245588
3164 5.18018018018018
3165 5.17823639774859
3166 5.17629407351838
3167 5.17435320584927
3168 5.17241379310345
3169 5.17047583364556
3170 5.1685393258427
3171 5.1666042680644
3172 5.16467065868263
3173 5.16273849607183
3174 5.16080777860883
3175 5.1588785046729
3176 5.15695067264574
3177 5.15502428091147
3178 5.15309932785661
3179 5.1511758118701
3180 5.14925373134328
3181 5.1473330846699
3182 5.14541387024609
3183 5.14349608647037
3184 5.14157973174367
3185 5.13966480446927
3186 5.13775130305287
3187 5.13583922590249
3188 5.13392857142857
3189 5.13201933804388
3190 5.13011152416357
3191 5.12820512820513
3192 5.12630014858841
3193 5.12439658373561
3194 5.12249443207127
3195 5.12059369202226
3196 5.1186943620178
3197 5.11679644048943
3198 5.11489992587102
3199 5.11300481659874
3200 5.11111111111111
3201 5.10921880784894
3202 5.10732790525537
3203 5.1054384017758
3204 5.10355029585799
3205 5.10166358595194
3206 5.09977827050998
3207 5.0978943479867
3208 5.096011816839
3209 5.09413067552602
3210 5.09225092250923
3211 5.09037255625231
3212 5.08849557522124
3213 5.08661997788426
3214 5.08474576271186
3215 5.0828729281768
3216 5.08100147275405
3217 5.07913139492087
3218 5.07726269315673
3219 5.07539536594336
3220 5.07352941176471
3221 5.07166482910695
3222 5.06980161645849
3223 5.06793977230995
3224 5.06607929515418
3225 5.06422018348624
3226 5.06236243580337
3227 5.06050605060506
3228 5.05865102639296
3229 5.05679736167094
3230 5.05494505494505
3231 5.05309410472354
3232 5.05124450951684
3233 5.04939626783754
3234 5.04754937820044
3235 5.04570383912249
3236 5.04385964912281
3237 5.04201680672269
3238 5.04017531044558
3239 5.03833515881709
3240 5.03649635036496
3241 5.03465888361912
3242 5.0328227571116
3243 5.03098796937659
3244 5.02915451895044
3245 5.02732240437158
3246 5.02549162418063
3247 5.02366217692028
3248 5.02183406113537
3249 5.02000727537286
3250 5.01818181818182
3251 5.01635768811341
3252 5.01453488372093
3253 5.01271340355975
3254 5.01089324618736
3255 5.00907441016334
3256 5.00725689404935
3257 5.00544069640914
3258 5.00362581580856
3259 5.00181225081551
3260 5
3261 4.99818906193408
3262 4.99637943519189
3263 4.99457111834962
3264 4.99276410998553
3265 4.99095840867993
3266 4.98915401301518
3267 4.98735092157571
3268 4.98554913294798
3269 4.98374864572048
3270 4.98194945848375
3271 4.98015156983039
3272 4.97835497835498
3273 4.97655968265417
3274 4.9747656813266
3275 4.97297297297297
3276 4.97118155619597
3277 4.96939142960029
3278 4.96760259179266
3279 4.96581504138179
3280 4.96402877697842
3281 4.96224379719525
3282 4.96046010064702
3283 4.99461013295005
3284 4.99281609195402
3285 4.99102333931777
3286 4.98923187365398
3287 4.98744169357732
3288 4.98565279770445
3289 4.983865184654
3290 4.98207885304659
3291 4.98029380150484
3292 4.97851002865329
3293 4.97672753311851
3294 4.97494631352899
3295 4.97316636851521
3296 4.97138769670959
3297 4.96961029674651
3298 4.96783416726233
3299 4.96605930689532
3300 4.96428571428571
3301 4.96251338807569
3302 4.96074232690935
3303 4.95897252943275
3304 4.95720399429387
3305 4.9554367201426
3306 4.95367070563079
3307 4.95190594941218
3308 4.95014245014245
3309 4.94838020647917
3310 4.94661921708185
3311 4.94485948061188
3312 4.94310099573257
3313 4.94134376110914
3314 4.93958777540867
3315 4.93783303730018
3316 4.93607954545455
3317 4.93432729854455
3318 4.93257629524485
3319 4.930826534232
3320 4.9290780141844
3321 4.92733073378235
3322 4.92558469170801
3323 4.92383988664541
3324 4.92209631728045
3325 4.92035398230088
3326 4.91861288039632
3327 4.91687301025822
3328 4.91513437057992
3329 4.91339696005656
3330 4.91166077738516
3331 4.90992582126457
3332 4.90819209039548
3333 4.90645958348041
3334 4.90472829922371
3335 4.90299823633157
3336 4.90126939351199
3337 4.8995417694748
3338 4.89781536293164
3339 4.89609017259598
3340 4.8943661971831
3341 4.89264343541007
3342 4.89092188599578
3343 4.88920154766092
3344 4.88748241912799
3345 4.88576449912127
3346 4.88404778636683
3347 4.91745697225149
3348 4.91573033707865
3349 4.91400491400491
3350 4.91228070175439
3351 4.91055769905296
3352 4.94389901823282
3353 4.97721696459867
3354 4.97547302032235
3355 4.97373029772329
3356 4.97198879551821
3357 4.97024851242562
3358 4.96850944716585
3359 4.966771598461
3360 4.96503496503496
3361 4.96329954561342
3362 4.96156533892383
3363 4.95983234369542
3364 4.95810055865922
3365 4.95636998254799
3366 4.9546406140963
3367 4.95291245204046
3368 4.95118549511855
3369 4.94945974207041
3370 4.94773519163763
3371 4.94601184256357
3372 4.94428969359331
3373 4.94256874347372
3374 4.97564370215727
3375 4.97391304347826
3376 4.97218358831711
3377 4.97045533541884
3378 4.96872828353023
3379 4.96700243139979
3380 4.96527777777778
3381 4.96355432141617
3382 4.9618320610687
3383 4.96011099549081
3384 4.95839112343967
3385 4.95667244367418
3386 4.95495495495495
3387 4.95323865604434
3388 4.95152354570637
3389 4.94980962270682
3390 4.94809688581315
3391 4.94638533379453
3392 4.94467496542185
3393 4.94296577946768
3394 4.94125777470629
3395 4.93955094991364
3396 4.9378453038674
3397 4.93614083534691
3398 4.9344375431332
3399 4.93273542600897
3400 4.93103448275862
3401 4.92933471216822
3402 4.9276361130255
3403 4.92593868411988
3404 4.92424242424242
3405 4.92254733218589
3406 4.92085340674467
3407 4.91916064671483
3408 4.91746905089409
3409 4.91577861808182
3410 4.91408934707904
3411 4.91240123668842
3412 4.91071428571429
3413 4.90902849296258
3414 4.90734385724091
3415 4.90566037735849
3416 4.93827160493827
3417 4.93657867672266
3418 4.93488690884167
3419 4.93319630010278
3420 4.93150684931507
3421 4.92981855528928
3422 4.92813141683778
3423 4.92644543277455
3424 4.92476060191518
3425 4.92307692307692
3426 4.92139439507861
3427 4.91971301674069
3428 4.91803278688525
3429 4.91635370433595
3430 4.91467576791809
3431 4.91299897645855
3432 4.91132332878581
3433 4.90964882372997
3434 4.9079754601227
3435 4.90630323679727
3436 4.90463215258856
3437 4.90296220633299
3438 4.90129339686862
3439 4.89962572303505
3440 4.89795918367347
3441 4.89629377762666
3442 4.89462950373895
3443 4.89296636085627
3444 4.89130434782609
3445 4.88964346349745
3446 4.88798370672098
3447 4.88632507634883
3448 4.88466757123474
3449 4.88301119023398
3450 4.88135593220339
3451 4.87970179600136
3452 4.8780487804878
3453 4.87639688452421
3454 4.8747461069736
3455 4.87309644670051
3456 4.87144790257104
3457 4.86980047345282
3458 4.86815415821501
3459 4.86650895572829
3460 4.86486486486486
3461 4.86322188449848
3462 4.86158001350439
3463 4.85993925075937
3464 4.8582995951417
3465 4.8566610455312
3466 4.85502360080917
3467 4.85338725985844
3468 4.85175202156334
3469 4.8501178848097
3470 4.84848484848485
3471 4.84685291147762
3472 4.84522207267833
3473 4.84359233097881
3474 4.84196368527236
3475 4.84033613445378
3476 4.83870967741935
3477 4.83708431306685
3478 4.8354600402955
3479 4.83383685800604
3480 4.83221476510067
3481 4.83059376048306
3482 4.82897384305835
3483 4.82735501173315
3484 4.82573726541555
3485 4.82412060301507
3486 4.82250502344273
3487 4.82089052561098
3488 4.81927710843374
3489 4.81766477082636
3490 4.81605351170569
3491 4.81444332998997
3492 4.81283422459893
3493 4.81122619445373
3494 4.80961923847695
3495 4.80801335559265
3496 4.8064085447263
3497 4.8048048048048
3498 4.8032021347565
3499 4.80160053351117
3500 4.8
3501 4.79840053315561
3502 4.79680213191206
3503 4.7952047952048
3504 4.79360852197071
3505 4.79201331114809
3506 4.79041916167665
3507 4.78882607249751
3508 4.78723404255319
3509 4.78564307078764
3510 4.78405315614618
3511 4.78246429757556
3512 4.7808764940239
3513 4.77928974444076
3514 4.77770404777704
3515 4.77611940298507
3516 4.77453580901857
3517 4.77295326483262
3518 4.7713717693837
3519 4.76979132162968
3520 4.7682119205298
3521 4.76663356504469
3522 4.76505625413633
3523 4.76347998676811
3524 4.76190476190476
3525 4.7603305785124
3526 4.75875743555849
3527 4.75718533201189
3528 4.7556142668428
3529 4.75404423902278
3530 4.78547854785479
3531 4.78389970306829
3532 4.78232189973615
3533 4.78074513682822
3534 4.77916941331575
3535 4.77759472817133
3536 4.77602108036891
3537 4.77444846888377
3538 4.77287689269256
3539 4.77130635077328
3540 4.76973684210526
3541 4.76816836566919
3542 4.76660092044707
3543 4.76503450542228
3544 4.7634691195795
3545 4.76190476190476
3546 4.76034143138542
3547 4.75877912701017
3548 4.75721784776903
3549 4.75565759265333
3550 4.75409836065574
3551 4.75254015077024
3552 4.75098296199214
3553 4.74942679331805
3554 4.74787164374591
3555 4.74631751227496
3556 4.74476439790576
3557 4.74321229964017
3558 4.74166121648136
3559 4.7401111474338
3560 4.73856209150327
3561 4.73701404769683
3562 4.73546701502286
3563 4.73392099249102
3564 4.73237597911227
3565 4.73083197389886
3566 4.72928897586432
3567 4.72774698402348
3568 4.72620599739244
3569 4.7246660149886
3570 4.72312703583062
3571 4.72158905893846
3572 4.72005208333333
3573 4.71851610803775
3574 4.71698113207547
3575 4.71544715447155
3576 4.71391417425228
3577 4.71238219044524
3578 4.71085120207927
3579 4.70932120818448
3580 4.70779220779221
3581 4.70626419993509
3582 4.70473718364698
3583 4.70321115796302
3584 4.70168612191959
3585 4.70016207455429
3586 4.69863901490603
3587 4.6971169420149
3588 4.69559585492228
3589 4.69407575267077
3590 4.69255663430421
3591 4.69103849886768
3592 4.6895213454075
3593 4.68800517297123
3594 4.68648998060763
3595 4.68497576736672
3596 4.68346253229974
3597 4.68195027445915
3598 4.68043899289864
3599 4.71119716037431
3600 4.70967741935484
3601 4.70815865849726
3602 4.70664087685364
3603 4.70512407347728
3604 4.70360824742268
3605 4.70209339774557
3606 4.7005795235029
3607 4.69906662375282
3608 4.6975546975547
3609 4.69604374396912
3610 4.69453376205788
3611 4.69302475088396
3612 4.69151670951157
3613 4.6900096370061
3614 4.68850353243417
3615 4.68699839486356
3616 4.68549422336329
3617 4.68399101700353
3618 4.68248877485568
3619 4.68098749599231
3620 4.67948717948718
3621 4.67798782441525
3622 4.67648942985266
3623 4.67499199487672
3624 4.67349551856594
3625 4.672
3626 4.67050543825976
3627 4.66901183242725
3628 4.66751918158568
3629 4.66602748481943
3630 4.66453674121406
3631 4.66304694985628
3632 4.66155810983397
3633 4.6600702202362
3634 4.65858328015316
3635 4.65709728867624
3636 4.65561224489796
3637 4.65412814791202
3638 4.65264499681326
3639 4.65116279069767
3640 4.64968152866242
3641 4.64820120980579
3642 4.64672183322724
3643 4.64524339802736
3644 4.64376590330789
3645 4.6422893481717
3646 4.64081373172282
3647 4.63933905306641
3648 4.63786531130877
3649 4.63639250555732
3650 4.63492063492064
3651 4.63344969850841
3652 4.63197969543147
3653 4.63051062480178
3654 4.6290424857324
3655 4.62757527733756
3656 4.62610899873257
3657 4.62464364903389
3658 4.62317922735909
3659 4.62171573282684
3660 4.62025316455696
3661 4.61879152167036
3662 4.61733080328906
3663 4.6158710085362
3664 4.61441213653603
3665 4.6129541864139
3666 4.61149715729627
3667 4.64161667192927
3668 4.64015151515152
3669 4.63868728305459
3670 4.63722397476341
3671 4.63576158940397
3672 4.6343001261034
3673 4.63283958398991
3674 4.63137996219282
3675 4.62992125984252
3676 4.62846347607053
3677 4.62700661000944
3678 4.62555066079295
3679 4.62409562755584
3680 4.62264150943396
3681 4.62118830556429
3682 4.61973601508485
3683 4.61828463713478
3684 4.61683417085427
3685 4.61538461538461
3686 4.61393596986817
3687 4.61248823344838
3688 4.61104140526976
3689 4.60959548447789
3690 4.60815047021944
3691 4.60670636164212
3692 4.60526315789474
3693 4.60382085812715
3694 4.60237946149029
3695 4.60093896713615
3696 4.59949937421777
3697 4.59806068188927
3698 4.59662288930582
3699 4.59518599562363
3700 4.59375
3701 4.59231490159325
3702 4.59088069956277
3703 4.589447393069
3704 4.58801498127341
3705 4.58658346333853
3706 4.58515283842795
3707 4.58372310570627
3708 4.58229426433915
3709 4.5808663134933
3710 4.57943925233645
3711 4.57801308003737
3712 4.57658779576588
3713 4.57516339869281
3714 4.57373988799004
3715 4.57231726283048
3716 4.57089552238806
3717 4.56947466583774
3718 4.5680546923555
3719 4.56663560111836
3720 4.56521739130435
3721 4.56380006209252
3722 4.56238361266294
3723 4.56096804219671
3724 4.55955334987593
3725 4.55813953488372
3726 4.55672659640422
3727 4.55531453362256
3728 4.55390334572491
3729 4.55249303189842
3730 4.55108359133127
3731 4.54967502321263
3732 4.54826732673267
3733 4.54686050108259
3734 4.54545454545455
3735 4.54404945904173
3736 4.54264524103832
3737 4.54124189063948
3738 4.53983940704138
3739 4.53843778944119
3740 4.53703703703704
3741 4.53563714902808
3742 4.53423812461444
3743 4.53283996299723
3744 4.53144266337855
3745 4.53004622496148
3746 4.52865064695009
3747 4.52725592854943
3748 4.52586206896552
3749 4.52446906740536
3750 4.52307692307692
3751 4.52168563518917
3752 4.52029520295203
3753 4.51890562557639
3754 4.51751690227412
3755 4.51612903225806
3756 4.51474201474201
3757 4.51335584894074
3758 4.51197053406998
3759 4.51058606934643
3760 4.50920245398773
3761 4.50781968721251
3762 4.50643776824034
3763 4.50505669629176
3764 4.50367647058824
3765 4.50229709035222
3766 4.5009185548071
3767 4.53014998469544
3768 4.52876376988984
3769 4.5273784031814
3770 4.52599388379205
3771 4.52461021094467
3772 4.55378973105134
3773 4.55239841124351
3774 4.55100794135614
3775 4.54961832061069
3776 4.54822954822955
3777 4.54684162343607
3778 4.54545454545455
3779 4.54406831351022
3780 4.54268292682927
3781 4.54129838463883
3782 4.53991468616697
3783 4.5385318306427
3784 4.53714981729598
3785 4.53576864535769
3786 4.53438831405965
3787 4.53300882263462
3788 4.5316301703163
3789 4.53025235633931
3790 4.52887537993921
3791 4.52749924035248
3792 4.52612393681652
3793 4.52474946856969
3794 4.52337583485124
3795 4.52200303490137
3796 4.52063106796117
3797 4.51925993327267
3798 4.51788963007884
3799 4.51652015762352
3800 4.51515151515152
3801 4.51378370190851
3802 4.51241671714113
3803 4.51105056009688
3804 4.50968523002421
3805 4.50832072617247
3806 4.50695704779189
3807 4.50559419413366
3808 4.50423216444982
3809 4.50287095799335
3810 4.50151057401813
3811 4.50015101177892
3812 4.4987922705314
3813 4.49743434953215
3814 4.49607724803862
3815 4.4947209653092
3816 4.49336550060314
3817 4.49201085318058
3818 4.49065702230259
3819 4.48930400723109
3820 4.48795180722892
3821 4.48660042155977
3822 4.48524984948826
3823 4.48390009027987
3824 4.48255114320096
3825 4.4812030075188
3826 4.4798556825015
3827 4.47850916741809
3828 4.47716346153846
3829 4.47581856413337
3830 4.47447447447447
3831 4.47313119183428
3832 4.47178871548619
3833 4.47044704470447
3834 4.46910617876425
3835 4.46776611694153
3836 4.46642685851319
3837 4.46508840275697
3838 4.46375074895147
3839 4.46241389637616
3840 4.46107784431138
3841 4.45974259203831
3842 4.45840813883902
3843 4.45707448399641
3844 4.45574162679426
3845 4.45440956651719
3846 4.45307830245069
3847 4.45174783388109
3848 4.45041816009558
3849 4.4490892803822
3850 4.44776119402985
3851 4.44643390032826
3852 4.44510739856802
3853 4.44378168804056
3854 4.44245676803816
3855 4.44113263785395
3856 4.43980929678188
3857 4.43848674411677
3858 4.43716497915426
3859 4.43584400119083
3860 4.43452380952381
3861 4.43320440345135
3862 4.43188578227246
3863 4.43056794528695
3864 4.42925089179548
3865 4.42793462109955
3866 4.42661913250149
3867 4.42530442530443
3868 4.45368171021378
3869 4.45235975066785
3870 4.45103857566766
3871 4.44971818451498
3872 4.44839857651246
3873 4.44707975096353
3874 4.4457617071725
3875 4.44444444444444
3876 4.44312796208531
3877 4.44181225940184
3878 4.4404973357016
3879 4.43918319029299
3880 4.43786982248521
3881 4.43655723158829
3882 4.46481371969249
3883 4.46349394028968
3884 4.46217494089835
3885 4.46085672082718
3886 4.45953927938571
3887 4.45822261588426
3888 4.456906729634
3889 4.45559161994689
3890 4.45427728613569
3891 4.45296372751401
3892 4.45165094339623
3893 4.45033893309755
3894 4.449027695934
3895 4.44771723122239
3896 4.44640753828033
3897 4.44509861642626
3898 4.4437904649794
3899 4.44248308325978
3900 4.44117647058824
3901 4.43987062628639
3902 4.43856554967666
3903 4.43726124008228
3904 4.43595769682726
3905 4.43465491923642
3906 4.43335290663535
3907 4.43205165835045
3908 4.43075117370892
3909 4.42945145203872
3910 4.42815249266862
3911 4.42685429492817
3912 4.42555685814771
3913 4.42426018165837
3914 4.42296426479203
3915 4.42166910688141
3916 4.42037470725995
3917 4.41908106526193
3918 4.44704505558806
3919 4.44574436969874
3920 4.44444444444444
3921 4.44314527915814
3922 4.44184687317358
3923 4.4405492258253
3924 4.4392523364486
3925 4.43795620437956
3926 4.43666082895505
3927 4.43536620951269
3928 4.4340723453909
3929 4.43277923592884
3930 4.43148688046647
3931 4.43019527834451
3932 4.42890442890443
3933 4.42761433148849
3934 4.45544554455446
3935 4.45414847161572
3936 4.45285215366706
3937 4.45155659004946
3938 4.45026178010471
3939 4.44896772317534
3940 4.44767441860465
3941 4.4463818657367
3942 4.44509006391633
3943 4.44379901248911
3944 4.44250871080139
3945 4.44121915820029
3946 4.43993035403366
3947 4.43864229765013
3948 4.43735498839907
3949 4.43606842563062
3950 4.43478260869565
3951 4.43349753694581
3952 4.43221320973349
3953 4.43092962641182
3954 4.42964678633468
3955 4.42836468885673
3956 4.42708333333333
3957 4.42580271912062
3958 4.42452284557548
3959 4.42324371205551
3960 4.42196531791908
3961 4.42068766252528
3962 4.41941074523397
3963 4.41813456540572
3964 4.44572748267898
3965 4.44444444444444
3966 4.44316214656665
3967 4.44188058840496
3968 4.44059976931949
3969 4.43931968867109
3970 4.43804034582133
3971 4.43676174013253
3972 4.43548387096774
3973 4.43420673769076
3974 4.43293033966609
3975 4.43165467625899
3976 4.43037974683544
3977 4.42910555076215
3978 4.42783208740656
3979 4.42655935613682
3980 4.42528735632184
3981 4.42401608733123
3982 4.42274554853532
3983 4.4214757393052
3984 4.42020665901263
3985 4.41893830703013
3986 4.41767068273092
3987 4.41640378548896
3988 4.4151376146789
3989 4.41387216967613
3990 4.41260744985673
3991 4.41134345459754
3992 4.41008018327606
3993 4.40881763527054
3994 4.40755580995993
3995 4.40629470672389
3996 4.40503432494279
3997 4.40377466399771
3998 4.40251572327044
3999 4.40125750214347
4000 4.4
4001 4.39874321622394
4002 4.39748715019989
4003 4.39623180131316
4004 4.39497716894977
4005 4.39372325249643
4006 4.39247005134056
4007 4.39121756487026
4008 4.38996579247434
4009 4.38871473354232
4010 4.38746438746439
4011 4.38621475363144
4012 4.38496583143508
4013 4.38371762026758
4014 4.38247011952191
4015 4.38122332859175
4016 4.37997724687144
4017 4.37873187375604
4018 4.37748720864127
4019 4.37624325092356
4020 4.375
4021 4.37375745526839
4022 4.3725156161272
4023 4.37127448197559
4024 4.37003405221339
4025 4.39716312056738
4026 4.39591605218378
4027 4.39466969095549
4028 4.39342403628118
4029 4.39217908756022
4030 4.39093484419263
4031 4.38969130557916
4032 4.38844847112118
4033 4.38720634022078
4034 4.3859649122807
4035 4.38472418670438
4036 4.38348416289593
4037 4.38224484026011
4038 4.38100621820237
4039 4.37976829612885
4040 4.37853107344633
4041 4.37729454956227
4042 4.37605872388481
4043 4.37482359582275
4044 4.37358916478555
4045 4.37235543018336
4046 4.37112239142696
4047 4.36989004792783
4048 4.36865839909808
4049 4.36742744435052
4050 4.3943661971831
4051 4.39312869614193
4052 4.39189189189189
4053 4.39065578384464
4054 4.38942037141249
4055 4.38818565400844
4056 4.38695163104612
4057 4.38571830193984
4058 4.38448566610455
4059 4.38325372295589
4060 4.38202247191011
4061 4.38079191238416
4062 4.37956204379562
4063 4.37833286556273
4064 4.37710437710438
4065 4.37587657784011
4066 4.37464946719013
4067 4.37342304457527
4068 4.37219730941704
4069 4.37097226113757
4070 4.36974789915966
4071 4.36852422290675
4072 4.36730123180291
4073 4.36607892527288
4074 4.36485730274203
4075 4.36363636363636
4076 4.36241610738255
4077 4.36119653340788
4078 4.3599776411403
4079 4.35875943000838
4080 4.35754189944134
4081 4.35632504886903
4082 4.35510887772194
4083 4.3538933854312
4084 4.35267857142857
4085 4.35146443514644
4086 4.35025097601785
4087 4.34903819347644
4088 4.34782608695652
4089 4.34661465589301
4090 4.34540389972145
4091 4.34419381787803
4092 4.34298440979955
4093 4.34177567492346
4094 4.34056761268781
4095 4.33936022253129
4096 4.33815350389321
4097 4.33694745621351
4098 4.33574207893274
4099 4.33453737149208
4100 4.33333333333333
4101 4.33212996389892
4102 4.33092726263187
4103 4.32972522897585
4104 4.32852386237514
4105 4.32732316227462
4106 4.3261231281198
4107 4.32492375935681
4108 4.32372505543237
4109 4.32252701579385
4110 4.3213296398892
4111 4.32013292716699
4112 4.31893687707641
4113 4.31774148906726
4114 4.34421693414499
4115 4.34301521438451
4116 4.34181415929203
4117 4.34061376831628
4118 4.33941404090658
4119 4.33821497651285
4120 4.3646408839779
4121 4.36343551505109
4122 4.36223081170624
4123 4.36102677339222
4124 4.3598233995585
4125 4.35862068965517
4126 4.35741864313293
4127 4.35621725944307
4128 4.35501653803749
4129 4.3538164783687
4130 4.35261707988981
4131 4.35141834205453
4132 4.35022026431718
4133 4.34902284613267
4134 4.34782608695652
4135 4.34662998624484
4136 4.34543454345435
4137 4.34423975804234
4138 4.34304562946674
4139 4.34185215718604
4140 4.34065934065934
4141 4.33946717934633
4142 4.3382756727073
4143 4.33708482020313
4144 4.33589462129528
4145 4.33470507544582
4146 4.33351618211739
4147 4.33232794077324
4148 4.33114035087719
4149 4.32995341189367
4150 4.32876712328767
4151 4.32758148452479
4152 4.32639649507119
4153 4.32521215439365
4154 4.3240284619595
4155 4.32284541723666
4156 4.32166301969365
4157 4.32048126879956
4158 4.31930016402406
4159 4.31811970483739
4160 4.31693989071038
4161 4.31576072111445
4162 4.31458219552157
4163 4.31340431340431
4164 4.31222707423581
4165 4.31105047748977
4166 4.30987452264048
4167 4.3086992091628
4168 4.30752453653217
4169 4.30635050422458
4170 4.30517711171662
4171 4.30400435848543
4172 4.30283224400872
4173 4.30166076776477
4174 4.30048992923244
4175 4.29931972789116
4176 4.29815016322089
4177 4.2969812347022
4178 4.2958129418162
4179 4.29464528404458
4180 4.29347826086957
4181 4.29231187177397
4182 4.29114611624117
4183 4.28998099375509
4184 4.28881650380022
4185 4.2876526458616
4186 4.28648941942485
4187 4.28532682397613
4188 4.28416485900217
4189 4.28300352399024
4190 4.28184281842818
4191 4.28068274180439
4192 4.2795232936078
4193 4.27836447332792
4194 4.27720628045479
4195 4.27604871447903
4196 4.27489177489177
4197 4.27373546118474
4198 4.27257977285019
4199 4.27142470938091
4200 4.27027027027027
4201 4.26911645501216
4202 4.26796326310103
4203 4.26681069403187
4204 4.26565874730022
4205 4.26450742240216
4206 4.26335671883432
4207 4.26220663609388
4208 4.26105717367853
4209 4.25990833108655
4210 4.25876010781671
4211 4.25761250336836
4212 4.25646551724138
4213 4.25531914893617
4214 4.25417339795369
4215 4.25302826379542
4216 4.2518837459634
4217 4.25073984396018
4218 4.24959655728887
4219 4.24845388545308
4220 4.24731182795699
4221 4.24617038430529
4222 4.24502955400322
4223 4.24388933655654
4224 4.24274973147154
4225 4.24161073825503
4226 4.24047235641439
4227 4.23933458545747
4228 4.2381974248927
4229 4.23706087422902
4230 4.23592493297587
4231 4.23478960064326
4232 4.23365487674169
4233 4.23252076078221
4234 4.23138725227638
4235 4.23025435073628
4236 4.22912205567452
4237 4.25474979930426
4238 4.25361155698234
4239 4.25247392350896
4240 4.25133689839572
4241 4.25020048115477
4242 4.24906467129877
4243 4.2479294683409
4244 4.24679487179487
4245 4.2456608811749
4246 4.24452749599573
4247 4.24339471577262
4248 4.24226254002134
4249 4.2411309682582
4250 4.24
4251 4.23886963476406
4252 4.23773987206823
4253 4.23661071143086
4254 4.2354821523708
4255 4.23435419440746
4256 4.2332268370607
4257 4.23210007985094
4258 4.2309739222991
4259 4.22984836392658
4260 4.22872340425532
4261 4.22759904280776
4262 4.22647527910686
4263 4.22535211267606
4264 4.22422954303932
4265 4.22310756972112
4266 4.22198619224642
4267 4.2208654101407
4268 4.21974522292994
4269 4.21862563014062
4270 4.21750663129973
4271 4.21638822593477
4272 4.2152704135737
4273 4.21415319374503
4274 4.21303656597774
4275 4.21192052980132
4276 4.21080508474576
4277 4.20969023034154
4278 4.20857596611964
4279 4.20746229161154
4280 4.20634920634921
4281 4.20523670986512
4282 4.20412480169223
4283 4.203013481364
4284 4.20190274841438
4285 4.20079260237781
4286 4.19968304278922
4287 4.19857406918405
4288 4.1974656810982
4289 4.19635787806809
4290 4.19525065963061
4291 4.19414402532313
4292 4.19303797468354
4293 4.1919325072502
4294 4.19082762256194
4295 4.1897233201581
4296 4.1886195995785
4297 4.18751646036344
4298 4.18641390205371
4299 4.18531192419058
4300 4.18421052631579
4301 4.18310970797159
4302 4.18200946870068
4303 4.18090980804628
4304 4.17981072555205
4305 4.17871222076216
4306 4.17761429322123
4307 4.17651694247439
4308 4.17542016806723
4309 4.17432396954581
4310 4.17322834645669
4311 4.17213329834689
4312 4.1710388247639
4313 4.1699449252557
4314 4.16885159937074
4315 4.16775884665793
4316 4.16666666666667
4317 4.16557505894682
4318 4.16448402304872
4319 4.16339355852317
4320 4.16230366492147
4321 4.16121434179534
4322 4.16012558869702
4323 4.15903740517918
4324 4.15794979079498
4325 4.15686274509804
4326 4.15577626764245
4327 4.15469035798275
4328 4.15360501567398
4329 4.15252024027161
4330 4.15143603133159
4331 4.15035238841034
4332 4.14926931106472
4333 4.14818679885207
4334 4.1471048513302
4335 4.14602346805737
4336 4.14494264859228
4337 4.14386239249414
4338 4.14278269932256
4339 4.14170356863767
4340 4.140625
4341 4.13954699297058
4342 4.13846954711088
4343 4.13739266198283
4344 4.1363163371488
4345 4.13524057217165
4346 4.13416536661466
4347 4.13309072004159
4348 4.13201663201663
4349 4.13094310210444
4350 4.12987012987013
4351 4.12879771487925
4352 4.15368639667705
4353 4.15260835712432
4354 4.1515308770109
4355 4.15045395590143
4356 4.149377593361
4357 4.14830178895515
4358 4.14722654224987
4359 4.14615185281161
4360 4.14507772020725
4361 4.14400414400414
4362 4.14293112377007
4363 4.14185865907326
4364 4.1407867494824
4365 4.13971539456662
4366 4.1386445938955
4367 4.13757434703905
4368 4.13650465356774
4369 4.13543551305247
4370 4.1343669250646
4371 4.13329888917592
4372 4.13223140495868
4373 4.13116447198554
4374 4.13009808982963
4375 4.12903225806452
4376 4.12796697626419
4377 4.1269022440031
4378 4.12583806085611
4379 4.12477442639856
4380 4.12371134020619
4381 4.12264880185519
4382 4.1215868109222
4383 4.12052536698429
4384 4.11946446961895
4385 4.11840411840412
4386 4.11734431291817
4387 4.1162850527399
4388 4.11522633744856
4389 4.11416816662381
4390 4.11311053984576
4391 4.11205345669494
4392 4.11099691675231
4393 4.10994091959928
4394 4.10888546481767
4395 4.10783055198973
4396 4.10677618069815
4397 4.10572235052605
4398 4.10466906105695
4399 4.10361631187484
4400 4.1025641025641
4401 4.10151243270956
4402 4.10046130189646
4403 4.09941070971048
4404 4.0983606557377
4405 4.09731113956466
4406 4.09626216077829
4407 4.09521371896596
4408 4.09416581371546
4409 4.09311844461499
4410 4.0920716112532
4411 4.09102531321913
4412 4.08997955010225
4413 4.08893432149246
4414 4.08788962698007
4415 4.08684546615581
4416 4.08580183861083
4417 4.08475874393669
4418 4.08371618172537
4419 4.08267415156928
4420 4.08163265306122
4421 4.08059168579444
4422 4.07955124936257
4423 4.07851134335967
4424 4.07747196738022
4425 4.07643312101911
4426 4.07539480387163
4427 4.07435701553349
4428 4.07331975560081
4429 4.07228302367015
4430 4.07124681933842
4431 4.070211142203
4432 4.06917599186165
4433 4.06814136791253
4434 4.06710726995424
4435 4.06607369758577
4436 4.0650406504065
4437 4.06400812801626
4438 4.08836973082783
4439 4.08733181010409
4440 4.08629441624366
4441 4.08525754884547
4442 4.08422120750888
4443 4.08318539183363
4444 4.08215010141988
4445 4.08111533586819
4446 4.08008109477952
4447 4.07904737775526
4448 4.07801418439716
4449 4.07698151430742
4450 4.07594936708861
4451 4.07491774234371
4452 4.07388663967611
4453 4.0728560586896
4454 4.07182599898837
4455 4.07079646017699
4456 4.06976744186047
4457 4.06873894364417
4458 4.06771096513391
4459 4.09194240969942
4460 4.09090909090909
4461 4.08987629386519
4462 4.08884401817264
4463 4.08781226343679
4464 4.08678102926337
4465 4.08575031525851
4466 4.08472012102874
4467 4.08369044618099
4468 4.08266129032258
4469 4.08163265306122
4470 4.08060453400504
4471 4.07957693276253
4472 4.0785498489426
4473 4.07752328215454
4474 4.1016607951686
4475 4.10062893081761
4476 4.09959758551308
4477 4.12371134020619
4478 4.12267471091
4479 4.12163860266399
4480 4.12060301507538
4481 4.11956794775182
4482 4.11853340030136
4483 4.11749937233241
4484 4.11646586345381
4485 4.11543287327478
4486 4.11440040140492
4487 4.11336844745423
4488 4.1123370110331
4489 4.11130609175232
4490 4.11027568922306
4491 4.10924580305688
4492 4.10821643286573
4493 4.10718757826196
4494 4.10615923885829
4495 4.10513141426784
4496 4.1041041041041
4497 4.10307730798099
4498 4.10205102551276
4499 4.10102525631408
4500 4.1
4501 4.09897525618595
4502 4.09795102448776
4503 4.09692730452161
4504 4.0959040959041
4505 4.09488139825219
4506 4.09385921118322
4507 4.09283753431495
4508 4.09181636726547
4509 4.09079570965328
4510 4.08977556109726
4511 4.08875592121665
4512 4.08773678963111
4513 4.08671816596063
4514 4.08570004982561
4515 4.08468244084682
4516 4.08366533864542
4517 4.08264874284292
4518 4.08163265306122
4519 4.08061706892262
4520 4.07960199004975
4521 4.07858741606566
4522 4.07757334659373
4523 4.07655978125777
4524 4.07554671968191
4525 4.07453416149068
4526 4.07352210630899
4527 4.07251055376211
4528 4.07149950347567
4529 4.0704889550757
4530 4.06947890818859
4531 4.06846936244108
4532 4.06746031746032
4533 4.06645177287379
4534 4.06544372830937
4535 4.06443618339529
4536 4.06342913776016
4537 4.06242259103295
4538 4.06141654284299
4539 4.06041099282
4540 4.05940594059406
4541 4.0584013857956
4542 4.05739732805542
4543 4.0563937670047
4544 4.08011869436202
4545 4.07911001236094
4546 4.07810182896688
4547 4.07709414381023
4548 4.07608695652174
4549 4.07508026673253
4550 4.07407407407407
4551 4.07306837817823
4552 4.0720631786772
4553 4.07105847520355
4554 4.07005426739023
4555 4.06905055487053
4556 4.06804733727811
4557 4.06704461424698
4558 4.06604238541153
4559 4.0650406504065
4560 4.06403940886699
4561 4.06303866042847
4562 4.06203840472674
4563 4.06103864139798
4564 4.06003937007874
4565 4.0590405904059
4566 4.05804230201672
4567 4.05704450454881
4568 4.05604719764012
4569 4.05505038092898
4570 4.05405405405405
4571 4.05305821665438
4572 4.05206286836935
4573 4.05106800883869
4574 4.0500736377025
4575 4.04907975460123
4576 4.04808635917566
4577 4.04709345106696
4578 4.04610102991663
4579 4.04510909536651
4580 4.04411764705882
4581 4.04312668463612
4582 4.0421362077413
4583 4.04114621601763
4584 4.04015670910872
4585 4.03916768665851
4586 4.03817914831131
4587 4.03719109371177
4588 4.03620352250489
4589 4.03521643433602
4590 4.03422982885086
4591 4.03324370569543
4592 4.03225806451613
4593 4.03127290495969
4594 4.03028822667318
4595 4.02930402930403
4596 4.0283203125
4597 4.0273370759092
4598 4.02635431918009
4599 4.02537204196145
4600 4.02439024390244
4601 4.02340892465252
4602 4.02242808386153
4603 4.02144772117962
4604 4.02046783625731
4605 4.01948842874543
4606 4.01850949829518
4607 4.01753104455807
4608 4.01655306718598
4609 4.0155755658311
4610 4.01459854014599
4611 4.01362198978351
4612 4.01264591439689
4613 4.01167031363968
4614 4.03500243072436
4615 4.03402187120292
4616 4.03304178814383
4617 4.0320621811999
4618 4.03108305002428
4619 4.03010439427045
4620 4.02912621359223
4621 4.02814850764378
4622 4.05143134400776
4623 4.05044870240116
4624 4.04946653734239
4625 4.04848484848485
4626 4.04750363548231
4627 4.04652289798885
4628 4.04554263565892
4629 4.04456284814725
4630 4.04358353510896
4631 4.04260469619947
4632 4.04162633107454
4633 4.04064843939027
4634 4.0396710208031
4635 4.03869407496977
4636 4.06189555125725
4637 4.06091370558376
4638 4.05993233446109
4639 4.0589514375453
4640 4.05797101449275
4641 4.05699106496015
4642 4.05601158860454
4643 4.05503258508327
4644 4.05405405405405
4645 4.05307599517491
4646 4.0520984081042
4647 4.0511212925006
4648 4.05014464802314
4649 4.04916847433116
4650 4.04819277108434
4651 4.04721753794266
4652 4.04624277456647
4653 4.04526848061642
4654 4.04429465575349
4655 4.04332129963899
4656 4.04234841193455
4657 4.04137599230214
4658 4.04040404040404
4659 4.03943255590286
4660 4.03846153846154
4661 4.03749098774333
4662 4.03652090341182
4663 4.03555128513092
4664 4.03458213256484
4665 4.03361344537815
4666 4.03264522323572
4667 4.03167746580274
4668 4.03071017274472
4669 4.02974334372751
4670 4.02877697841727
4671 4.02781107648046
4672 4.02684563758389
4673 4.02588066139468
4674 4.02491614758026
4675 4.02395209580838
4676 4.02298850574713
4677 4.02202537706488
4678 4.02106270943035
4679 4.02010050251256
4680 4.01913875598086
4681 4.0181774695049
4682 4.01721664275466
4683 4.01625627540043
4684 4.01529636711281
4685 4.01433691756272
4686 4.0133779264214
4687 4.0363028421304
4688 4.03533906399236
4689 4.03437574600143
4690 4.03341288782816
4691 4.0324504891434
4692 4.03148854961832
4693 4.05437634152158
4694 4.05340963280877
4695 4.05244338498212
4696 4.05147759771211
4697 4.05051227066953
4698 4.04954740352549
4699 4.04858299595142
4700 4.04761904761905
4701 4.04665555820043
4702 4.04569252736792
4703 4.0447299547942
4704 4.04376784015224
4705 4.04280618311534
4706 4.04184498335711
4707 4.04088424055146
4708 4.03992395437262
4709 4.03896412449513
4710 4.03800475059382
4711 4.03704583234386
4712 4.0360873694207
4713 4.03512936150012
4714 4.03417180825819
4715 4.03321470937129
4716 4.03225806451613
4717 4.03130187336969
4718 4.03034613560929
4719 4.02939085091254
4720 4.02843601895735
4721 4.02748163942194
4722 4.02652771198484
4723 4.02557423632489
4724 4.02462121212121
4725 4.02366863905325
4726 4.02271651680076
4727 4.02176484504377
4728 4.02081362346263
4729 4.019862851738
4730 4.01891252955083
4731 4.01796265658237
4732 4.01701323251418
4733 4.0396881644224
4734 4.03873405762872
4735 4.03778040141677
4736 4.03682719546742
4737 4.03587443946188
4738 4.03492213308164
4739 4.03397027600849
4740 4.03301886792453
4741 4.03206790851214
4742 4.03111739745403
4743 4.03016733443318
4744 4.02921771913289
4745 4.02826855123675
4746 4.02731983042864
4747 4.02637155639275
4748 4.02542372881356
4749 4.02447634737585
4750 4.02352941176471
4751 4.02258292166549
4752 4.02163687676388
4753 4.02069127674583
4754 4.0197461212976
4755 4.01880141010576
4756 4.01785714285714
4757 4.0169133192389
4758 4.01596993893847
4759 4.01502700164358
4760 4.01408450704225
4761 4.01314245482281
4762 4.01220084467386
4763 4.01125967628431
4764 4.01031894934334
4765 4.00937866354045
4766 4.0084388185654
4767 4.00749941410827
4768 4.00656044985942
4769 4.00562192550949
4770 4.00468384074941
4771 4.00374619527043
4772 4.00280898876404
4773 4.00187222092207
4774 4.00093589143659
4775 4
4776 3.99906454630496
4777 3.99812953004442
4778 3.99719495091164
4779 3.99626080860014
4780 3.99532710280374
4781 3.99439383321654
4782 3.99346099953293
4783 3.99252860144758
4784 3.99159663865546
4785 3.99066511085181
4786 3.98973401773215
4787 3.9888033589923
4788 3.98787313432836
4789 3.9869433434367
4790 3.98601398601399
4791 3.98508506175717
4792 3.98415657036347
4793 3.9832285115304
4794 3.98230088495575
4795 3.9813736903376
4796 3.9804469273743
4797 3.97952059576449
4798 3.97859469520707
4799 3.97766922540126
4800 3.97674418604651
4801 3.97581957684259
4802 3.97489539748954
4803 3.97397164768766
4804 3.97304832713755
4805 3.97212543554007
4806 3.97120297259638
4807 3.97028093800789
4808 3.96935933147632
4809 3.96843815270364
4810 3.96751740139211
4811 3.96659707724426
4812 3.96567717996289
4813 3.9647577092511
4814 3.96383866481224
4815 3.96292004634994
4816 3.96200185356812
4817 3.96108408617095
4818 3.9601667438629
4819 3.95924982634869
4820 3.95833333333333
4821 3.9574172645221
4822 3.95650161962055
4823 3.95558639833449
4824 3.95467160037003
4825 3.95375722543353
4826 3.95284327323162
4827 3.95192974347123
4828 3.95101663585952
4829 3.95010395010395
4830 3.94919168591224
4831 3.94827984299238
4832 3.94736842105263
4833 3.94645741980152
4834 3.94554683894785
4835 3.9677047289504
4836 3.96678966789668
4837 3.96587502882177
4838 3.96496081143384
4839 3.96404701544135
4840 3.963133640553
4841 3.96222068647777
4842 3.96130815292492
4843 3.96039603960396
4844 3.95948434622468
4845 3.95857307249712
4846 3.95766221813162
4847 3.95675178283874
4848 3.95584176632935
4849 3.95493216831456
4850 3.95402298850575
4851 3.95311422661457
4852 3.95220588235294
4853 3.95129795543303
4854 3.95039044556729
4855 3.94948335246843
4856 3.9485766758494
4857 3.94767041542346
4858 3.96971087654888
4859 3.96880018352833
4860 3.96788990825688
4861 3.96698005044715
4862 3.96607060981201
4863 3.96516158606463
4864 3.96425297891842
4865 3.96334478808706
4866 3.96243701328447
4867 3.96152965422487
4868 3.96062271062271
4869 3.95971618219272
4870 3.95881006864989
4871 3.95790436970945
4872 3.95699908508692
4873 3.95609421449806
4874 3.95518975765889
4875 3.95428571428571
4876 3.95338208409506
4877 3.95247886680375
4878 3.95157606212883
4879 3.95067366978762
4880 3.94977168949772
4881 3.94887012097695
4882 3.94796896394341
4883 3.94706821811545
4884 3.94616788321168
4885 3.94526795895097
4886 3.94436844505244
4887 3.94346934123547
4888 3.94257064721969
4889 3.94167236272499
4890 3.94077448747153
4891 3.93987702117969
4892 3.93897996357013
4893 3.93808331436376
4894 3.93718707328175
4895 3.93629124004551
4896 3.93539581437671
4897 3.93450079599727
4898 3.93360618462938
4899 3.93271197999545
4900 3.93181818181818
4901 3.9309247898205
4902 3.93003180372558
4903 3.92913922325687
4904 3.92824704813806
4905 3.92735527809308
4906 3.92646391284612
4907 3.92557295212162
4908 3.92468239564428
4909 3.92379224313903
4910 3.92290249433107
4911 3.92201314894582
4912 3.92112420670898
4913 3.94289598912305
4914 3.94200271862256
4915 3.94110985277463
4916 3.94021739130435
4917 3.93932533393706
4918 3.93843368039837
4919 3.93754243041412
4920 3.93665158371041
4921 3.93576114001357
4922 3.9348710990502
4923 3.93398146054714
4924 3.93309222423146
4925 3.93220338983051
4926 3.93131495707185
4927 3.93042692568331
4928 3.92953929539295
4929 3.9286520659291
4930 3.92776523702032
4931 3.9268788083954
4932 3.92599277978339
4933 3.9251071509136
4934 3.92422192151556
4935 3.92333709131905
4936 3.9224526600541
4937 3.92156862745098
4938 3.9206849932402
4939 3.91980175715251
4940 3.91891891891892
4941 3.91803647827066
4942 3.91715443493922
4943 3.91627278865631
4944 3.91539153915392
4945 3.91451068616423
4946 3.9136302294197
4947 3.91275016865302
4948 3.91187050359712
4949 3.91099123398517
4950 3.91011235955056
4951 3.90923388002696
4952 3.90835579514825
4953 3.90747810464855
4954 3.90660080826224
4955 3.90572390572391
4956 3.9048473967684
4957 3.90397128113081
4958 3.90309555854643
4959 3.90222022875084
4960 3.90134529147982
4961 3.9004707464694
4962 3.89959659345585
4963 3.89872283217567
4964 3.89784946236559
4965 3.8969764837626
4966 3.8961038961039
4967 3.89523169912693
4968 3.89435989256938
4969 3.89348847616917
4970 3.89261744966443
4971 3.89174681279356
4972 3.89087656529517
4973 3.89000670690812
4974 3.88913723737148
4975 3.88826815642458
4976 3.88739946380697
4977 3.88653115925843
4978 3.88566324251898
4979 3.88479571332887
4980 3.88392857142857
4981 3.8830618165588
4982 3.88219544846051
4983 3.88132946687486
4984 3.88046387154326
4985 3.87959866220736
4986 3.87873383860901
4987 3.87786940049031
4988 3.87700534759358
4989 3.87614167966139
4990 3.87527839643653
4991 3.87441549766199
4992 3.87355298308103
4993 3.87269085243712
4994 3.87182910547397
4995 3.87096774193548
4996 3.87010676156584
4997 3.86924616410941
4998 3.8683859493108
4999 3.86752611691487
5000 3.86666666666667
