501 -1152.8758
502 -1144.2813
503 -1149.947
504 -1123.1447
505 -1141.1888
506 -1151.9041
507 -916.8351
508 -1128.1029
509 -1120.8978
510 -1143.339
511 -1099.9516
512 -913.54593
513 -1007.2023
514 -1122.0829
515 -1136.8581
516 -1101.6886
517 -1137.0472
518 -991.19844
519 -958.13821
520 -1036.2696
521 -1016.3734
522 -1148.056
523 -1146.937
524 -1145.6885
525 -1101.0484
526 -1158.0571
527 -1127.9843
528 -903.48886
529 -1157.8256
530 -1174.6506
531 -1182.3667
532 -1173.1162
533 -1182.7814
534 -1161.5809
535 -1180.7891
536 -1183.499
537 -1182.961
538 -1037.985
539 -1048.1753
540 -1182.4969
541 -1177.1088
542 -1172.5983
543 -1178.4202
544 -1148.6001
545 -1160.3471
546 -1168.942
547 -1186.4215
548 -1189.1692
549 -1127.1635
550 -1164.3413
551 -1143.2745
552 -1120.8248
553 -1186.3623
554 -1192.3265
555 -1186.9654
556 -1003.5985
557 -1171.9211
558 -1043.8557
559 -1038.4277
560 -1196.2264
561 -1148.5902
562 -1194.0181
563 -1131.3094
564 -749.03572
565 -1174.4619
566 -1195.8074
567 -1194.2626
568 -1183.9375
569 -1120.0399
570 -1090.6002
571 -999.08872
572 -1200.2494
573 -1161.8091
574 -1161.1509
575 -1197.8621
576 -1049.0734
577 -1150.4108
578 -1207.9786
579 -1194.7386
580 -1174.7297
581 -1167.5679
582 -1201.336
583 -1218.672
584 -1202.4125
585 -1190.6765
586 -1183.6309
587 -1171.8959
588 -1210.1151
589 -1216.2842
590 -1219.1606
591 -1249.4908
592 -1234.1276
593 -1248.1058
594 -1216.9812
595 -1238.1877
596 -1194.9321
597 -1260.5001
598 -1259.4261
599 -1247.919
600 -962.2029
601 -1208.7136
602 -1260.5908
603 -1257.7111
604 -1126.0734
605 -1263.6126
606 -1264.0785
607 -1258.999
608 -1257.2498
609 -1245.0937
610 -1264.4057
611 -1243.4028
612 -1256.4888
613 -1265.0473
614 -1251.4364
615 -1257.2526
616 -1263.1538
617 -1265.2549
618 -1257.0828
619 -1245.9354
620 -1272.6816
621 -1260.7911
622 -1268.4142
623 -1223.5786
624 -1240.5348
625 -1268.2317
626 -1244.4234
627 -1227.5813
628 -1273.8087
629 -1263.3168
630 -1271.2359
631 -1272.7021
632 -1251.6457
633 -1276.8884
634 -1215.5866
635 -1252.4256
636 -1240.398
637 -1273.8767
638 -1244.7189
639 -1179.3727
640 -1266.792
641 -1231.8595
642 -1177.2801
643 -1221.5924
644 -1269.1757
645 -1258.256
646 -1279.3192
647 -1260.7171
648 -1081.723
649 -1196.9739
650 -1281.7675
651 -1263.35
652 -1255.5003
653 -1278.4386
654 -1275.2347
655 -1003.3991
656 -1278.5038
657 -1214.3337
658 -1249.4355
659 -1268.2719
660 -1282.6574
661 -1257.212
662 -1263.1974
663 -1268.7625
664 -1259.6156
665 -1254.8573
666 -1231.1387
667 -1267.6361
668 -835.74771
669 -1282.8866
670 -1261.4187
671 -1229.0725
672 -1290.8551
673 -1276.2265
674 -1303.9572
675 -1239.357
676 -1293.8739
677 -1296.9408
678 -1315.0176
679 -1314.8603
680 -1254.368
681 -1128.0386
682 -1317.9818
683 -1316.0913
684 -1270.5076
685 -1298.8539
686 -1306.7875
687 -1303.4398
688 -1310.7425
689 -1258.3577
690 -1307.0174
691 -1311.9097
692 -1300.3921
693 -1320.2453
694 -1303.2322
695 -1325.0134
696 -1320.5136
697 -1295.1938
698 -1220.2928
699 -1323.6794
700 -1320.8846
701 -1295.6833
702 -1272.2943
703 -1311.4632
704 -1317.3467
705 -1310.835
706 -1309.0099
707 -1314.3847
708 -1297.5676
709 -1267.8306
710 -1327.327
711 -1309.6583
712 -1225.4006
713 -1323.759
714 -1323.0296
715 -1317.7168
716 -1325.3424
717 -1326.7159
718 -1308.1265
719 -1252.0692
720 -1287.2852
721 -1329.2193
722 -1336.6486
723 -1332.9153
724 -1360.6839
725 -1361.0171
726 -1360.6393
727 -1347.4586
728 -1234.8891
729 -1280.0186
730 -1317.558
731 -1355.9387
732 -1360.214
733 -1347.8713
734 -1287.0605
735 -1358.8284
736 -1338.5504
737 -1351.6994
738 -1270.3865
739 -1328.4026
740 -1356.3368
741 -1322.7917
742 -1359.4508
743 -1342.1577
744 -1333.2279
745 -1342.7299
746 -1362.7554
747 -1354.418
748 -1359.6613
749 -1328.3422
750 -1260.2647
751 -1319.5053
752 -1352.7053
753 -1340.8959
754 -1344.1985
755 -1356.173
756 -1336.2806
757 -1344.0565
758 -1341.2688
759 -1355.8643
760 -1353.3838
761 -1328.3598
762 -1359.0656
763 -1313.2829
764 -1364.0329
765 -1345.1336
766 -1352.6029
767 -1297.4107
768 -1328.1797
769 -1363.0722
770 -1298.0841
771 -1360.2719
772 -1314.792
773 -1329.6893
774 -1299.2025
775 -1325.0044
776 -1351.432
777 -1362.5315
778 -1361.0649
779 -1349.3713
780 -1365.5532
781 -1237.1485
782 -1363.3157
783 -1341.6179
784 -1346.837
785 -1354.2124
786 -1353.8757
787 -1364.9546
788 -1301.006
789 -1366.2462
790 -1351.203
791 -1343.4084
792 -1342.8044
793 -1359.3407
794 -1351.3498
795 -1361.4921
796 -1350.3971
797 -1358.3132
798 -1361.9475
799 -1354.3406
800 -1363.8445
801 -1202.6194
802 -1280.5931
803 -1357.388
804 -1348.264
805 -1361.1462
806 -1352.5654
807 -1352.6229
808 -1366.0004
809 -1336.8442
810 -1355.0552
811 -1364.3948
812 -1274.5436
813 -1364.7737
814 -1349.4565
815 -1363.8488
816 -1346.1742
817 -1365.0667
818 -1361.943
819 -1366.3997
820 -1358.7938
821 -1328.9927
822 -1318.4832
823 -1359.4716
824 -1328.7615
825 -1324.9944
826 -1337.6932
827 -1310.4421
828 -1358.964
829 -1365.2971
830 -1348.7334
831 -1365.0839
832 -1238.8988
833 -1365.7205
834 -1366.9005
835 -1366.0051
836 -1278.2478
837 -1359.6156
838 -1357.8517
839 -1357.3669
840 -1355.6841
841 -1364.9849
842 -1349.641
843 -1341.3358
844 -1363.3427
845 -1348.4356
846 -1343.2758
847 -1344.7047
848 -1362.8626
849 -1363.9088
850 -1347.0342
851 -1359.0059
852 -1362.6584
853 -1351.0797
854 -1348.6183
855 -1355.0486
856 -1347.1153
857 -1367.1208
858 -1340.0243
859 -1353.134
860 -1362.523
861 -1341.0604
862 -1346.1507
863 -1356.1419
864 -1354.3897
865 -1355.4
866 -1319.2477
867 -1070.2577
868 -1350.8175
869 -1363.2334
870 -1225.416
871 -1359.6383
872 -1310.1527
873 -1327.6035
874 -1364.7745
875 -1355.7237
876 -1273.4935
877 -1376.3317
878 -1361.6082
879 -1369.6748
880 -1357.988
881 -1369.7716
882 -1372.9392
883 -1320.2547
884 -1317.2641
885 -1363.0812
886 -1324.933
887 -1377.0152
888 -1376.7502
889 -1373.2045
890 -1377.9023
891 -1377.4608
892 -1349.1631
893 -1376.8988
894 -1365.3398
895 -1372.5411
896 -1372.932
897 -1342.6101
898 -1334.6924
899 -1375.9557
900 -1223.4456
901 -1304.6856
902 -1372.9221
903 -1376.7451
904 -1373.8436
905 -1371.7394
906 -1358.1775
907 -1367.9023
908 -1374.3555
909 -1377.827
910 -1307.5549
911 -1362.0358
912 -1359.5259
913 -1352.9288
914 -1364.6388
915 -1174.9215
916 -1374.7703
917 -1320.0624
918 -1377.782
919 -1287.7599
920 -1377.6634
921 -1375.7985
922 -1374.968
923 -1369.9184
924 -1371.4699
925 -1375.668
926 -1378.4946
927 -1381.3652
928 -1367.2797
929 -1357.89
930 -1318.9603
931 -1377.9764
932 -1315.0559
933 -1375.6814
934 -1377.7435
935 -1321.5036
936 -1360.4016
937 -1381.2293
938 -1349.5004
939 -1380.5593
940 -1237.6815
941 -1345.1813
942 -1381.425
943 -1379.9906
944 -1372.7053
945 -1326.8892
946 -1378.8849
947 -1383.5814
948 -1351.1948
949 -1383.1601
950 -1331.5087
951 -1376.8046
952 -1355.767
953 -1226.2451
954 -1367.5672
955 -1382.1759
956 -1382.471
957 -1383.448
958 -1350.7846
959 -1372.7214
960 -1379.7036
961 -1370.2854
962 -1383.8188
963 -1362.3583
964 -1335.509
965 -1361.8192
966 -1372.4047
967 -1382.6259
968 -1384.2748
969 -1383.7993
970 -1306.5373
971 -1375.5952
972 -1376.8114
973 -1373.8129
974 -1327.7621
975 -1385.2496
976 -1349.3926
977 -1272.4025
978 -1385.3792
979 -1383.8451
980 -1347.0055
981 -1360.0148
982 -1368.2799
983 -1386.9355
984 -1389.1506
985 -1369.0197
986 -1308.5871
987 -1390.1124
988 -1389.9374
989 -1371.1388
990 -1381.3409
991 -1385.6865
992 -1345.9312
993 -1387.658
994 -1345.1018
995 -1245.4808
996 -1301.0272
997 -1388.1501
998 -1357.2601
999 -1380.5465
1000 -1390.7049
1001 -1380.613
1002 -1276.1899
1003 -1388.9186
1004 -1150.1691
1005 -1393.371
1006 -1287.7751
1007 -1391.1657
1008 -1385.9685
1009 -1376.8723
1010 -1356.9734
1011 -1342.4905
1012 -1375.4981
1013 -1364.1155
1014 -1394.5413
1015 -1395.1492
1016 -1370.4519
1017 -1393.1432
1018 -1248.3683
1019 -1345.4891
1020 -1334.2991
1021 -1369.0585
1022 -1385.622
1023 -1344.6426
1024 -1385.4419
1025 -1389.209
1026 -1376.3796
1027 -1390.3151
1028 -1391.4123
1029 -1394.3678
1030 -1388.7445
1031 -1385.4171
1032 -1202.757
1033 -1396.2953
1034 -1384.7818
1035 -1395.0424
1036 -1390.3951
1037 -1356.8996
1038 -1395.7276
1039 -1380.5002
1040 -1325.6291
1041 -1396.0214
1042 -1366.4706
1043 -1391.0087
1044 -1396.1573
1045 -1374.6423
1046 -1386.5485
1047 -1364.1812
1048 -1371.386
1049 -1366.1404
1050 -1367.8037
1051 -1391.6595
1052 -1393.8625
1053 -1388.2282
1054 -1375.8732
1055 -1395.492
1056 -1392.0554
1057 -1362.2422
1058 -1329.9581
1059 -1391.986
1060 -1390.2381
1061 -1314.436
1062 -1389.6528
1063 -1393.7593
1064 -1387.4231
1065 -1362.5814
1066 -1391.9321
1067 -1375.0654
1068 -1344.6672
1069 -1388.7804
1070 -1390.7341
1071 -1390.4005
1072 -1393.8785
1073 -1401.9962
1074 -1387.6196
1075 -1382.1692
1076 -1393.8015
1077 -1365.6211
1078 -1378.9178
1079 -1330.4479
1080 -1399.9732
1081 -1402.4088
1082 -1401.717
1083 -1399.959
1084 -1392.7394
1085 -1387.38
1086 -1361.4362
1087 -1383.4794
1088 -1350.6775
1089 -1384.484
1090 -1328.9151
1091 -1361.5314
1092 -1371.4538
1093 -1391.5762
1094 -1357.0546
1095 -1387.8936
1096 -1392.3651
1097 -1399.8479
1098 -1399.9298
1099 -1364.5652
1100 -1397.8116
1101 -1396.9818
1102 -1359.0007
1103 -1401.3561
1104 -1397.128
1105 -1394.8677
1106 -1377.9374
1107 -1400.9229
1108 -1324.2344
1109 -1374.0001
1110 -1351.6766
1111 -1384.9596
1112 -1345.5743
1113 -1396.5867
1114 -1355.2604
1115 -1377.2527
1116 -1281.6657
1117 -1379.4059
1118 -1403.2481
1119 -1400.8704
1120 -1379.0322
1121 -1402.2168
1122 -1399.9889
1123 -1365.0232
1124 -1366.9967
1125 -1401.6868
1126 -1347.3693
1127 -1398.6531
1128 -1256.669
1129 -1374.9972
1130 -1354.7615
1131 -1344.3135
1132 -1389.3305
1133 -1403.6766
1134 -1379.8981
1135 -1393.73
1136 -1391.9574
1137 -1384.2121
1138 -1394.2283
1139 -1383.3828
1140 -1329.8762
1141 -1379.8675
1142 -1390.6308
1143 -1398.0867
1144 -1400.1126
1145 -1358.483
1146 -1368.226
1147 -1301.7704
1148 -1386.7918
1149 -1368.9324
1150 -1376.7739
1151 -1394.7777
1152 -1360.6945
1153 -1373.5084
1154 -1395.9609
1155 -1377.4009
1156 -1404.86
1157 -1403.8886
1158 -1395.1791
1159 -1400.7521
1160 -1365.2422
1161 -1352.2435
1162 -1262.8723
1163 -1390.3982
1164 -1379.856
1165 -1398.8566
1166 -1396.2025
1167 -1385.4454
1168 -1365.7853
1169 -1384.3766
1170 -1395.4609
1171 -1401.9977
1172 -1352.9826
1173 -1347.9269
1174 -1309.7624
1175 -1407.0772
1176 -1402.3259
1177 -1397.5108
1178 -1386.6482
1179 -1398.0579
1180 -1384.7446
1181 -1347.7824
1182 -1406.4299
1183 -1332.6003
1184 -1404.1177
1185 -1393.716
1186 -1397.1805
1187 -1326.2202
1188 -1349.9515
1189 -1405.9614
1190 -1407.0928
1191 -1409.9998
1192 -1392.1109
1193 -1377.7093
1194 -1398.9467
1195 -1371.8904
1196 -1347.1974
1197 -1348.7335
1198 -1408.89
1199 -1377.3589
1200 -1398.4711
1201 -1402.4554
1202 -1394.9311
1203 -1401.6984
1204 -1396.9235
1205 -1406.699
1206 -1405.7397
1207 -1407.0562
1208 -1333.9546
1209 -1403.7691
1210 -1403.843
1211 -1365.9003
1212 -1384.2794
1213 -1408.9905
1214 -1411.0722
1215 -1323.2091
1216 -1383.4878
1217 -1405.7121
1218 -1405.4477
1219 -1388.4246
1220 -1414.0596
1221 -1405.4862
1222 -1403.1504
1223 -1346.7991
1224 -1385.9917
1225 -1404.8062
1226 -1420.8922
1227 -1405.1671
1228 -1418.4301
1229 -1401.4517
1230 -1419.4605
1231 -1377.5712
1232 -1411.6671
1233 -1419.8836
1234 -1392.3118
1235 -1396.6333
1236 -1420.1341
1237 -1416.7408
1238 -1406.1049
1239 -1418.9085
1240 -1414.3981
1241 -1415.5641
1242 -1390.7327
1243 -1420.6954
1244 -1367.3934
1245 -1420.4659
1246 -1296.4937
1247 -1389.227
1248 -1402.5073
1249 -1350.5211
1250 -1417.5595
1251 -1403.8834
1252 -1403.7445
1253 -1416.9619
1254 -1380.0422
1255 -1384.5434
1256 -1403.1835
1257 -1394.5847
1258 -1392.3603
1259 -1412.6787
1260 -1384.0895
1261 -1408.214
1262 -1342.9431
1263 -1418.8675
1264 -1419.5452
1265 -1414.1004
1266 -1415.8991
1267 -1409.1849
1268 -1420.6975
1269 -1414.7339
1270 -1412.4871
1271 -1345.6294
1272 -1401.3761
1273 -1416.457
1274 -1416.8998
1275 -1383.9654
1276 -1400.9969
1277 -1414.221
1278 -1418.7174
1279 -1420.6099
1280 -1312.3803
1281 -1417.9713
1282 -1388.1759
1283 -1410.1834
1284 -1370.176
1285 -1405.9901
1286 -1415.7797
1287 -1411.1741
1288 -1403.7112
1289 -1405.0763
1290 -1408.3202
1291 -1406.9968
1292 -1406.6586
1293 -1415.7414
1294 -1396.3543
1295 -1342.9632
1296 -1421.5415
1297 -1367.9499
1298 -1401.6093
1299 -1405.5477
1300 -1383.6798
1301 -1360.4515
1302 -1376.2588
1303 -1408.5414
1304 -1403.6527
1305 -1416.7028
1306 -1352.641
1307 -1418.5607
1308 -1418.0371
1309 -1420.7424
1310 -1412.6832
1311 -1412.5211
1312 -1416.4793
1313 -1423.4988
1314 -1404.172
1315 -1422.715
1316 -1391.0384
1317 -1316.9002
1318 -1410.7399
1319 -1371.8962
1320 -1380.468
1321 -1407.5296
1322 -1421.874
1323 -1404.4716
1324 -1421.4495
1325 -1418.6708
1326 -1418.6992
1327 -1344.294
1328 -1401.7237
1329 -1420.9555
1330 -1406.4221
1331 -1346.7828
1332 -1409.1874
1333 -1397.0672
1334 -1390.7101
1335 -1415.2252
1336 -1420.9808
1337 -1375.3571
1338 -1412.593
1339 -1423.0876
1340 -1421.6804
1341 -1415.8454
1342 -1416.731
1343 -1411.0861
1344 -1420.9801
1345 -1402.0345
1346 -1409.2791
1347 -1417.6031
1348 -1423.5334
1349 -1402.2754
1350 -1404.5341
1351 -1420.247
1352 -1367.9814
1353 -1398.1761
1354 -1420.3243
1355 -1409.8054
1356 -1403.7297
1357 -1422.4967
1358 -1403.7305
1359 -1422.02
1360 -1423.0866
1361 -1412.5972
1362 -1422.4781
1363 -1420.8646
1364 -1405.5765
1365 -1414.3735
1366 -1406.7151
1367 -1387.1729
1368 -1413.0071
1369 -1390.7943
1370 -1408.7859
1371 -1419.1151
1372 -1388.6803
1373 -1403.6674
1374 -1392.5538
1375 -1344.1823
1376 -1423.8623
1377 -1422.4049
1378 -1418.286
1379 -1407.1215
1380 -1423.2159
1381 -1389.4793
1382 -1414.3354
1383 -1411.6303
1384 -1424.0388
1385 -1401.7649
1386 -1421.0839
1387 -1423.1531
1388 -1336.7115
1389 -1387.8774
1390 -1422.7252
1391 -1398.5022
1392 -1401.3301
1393 -1400.8944
1394 -1406.2902
1395 -1358.0572
1396 -1420.0586
1397 -1407.6501
1398 -1421.2355
1399 -1422.0185
1400 -1406.6371
1401 -1246.0077
1402 -1419.3806
1403 -1423.0783
1404 -1413.5826
1405 -1394.8697
1406 -1395.5511
1407 -1376.1966
1408 -1349.2596
1409 -1410.3595
1410 -1420.4239
1411 -1415.5669
1412 -1416.1935
1413 -1394.7531
1414 -1384.3503
1415 -1387.3278
1416 -1413.8769
1417 -1310.6799
1418 -1424.5163
1419 -1414.6643
1420 -1420.6082
1421 -1363.3986
1422 -1415.9755
1423 -1421.4511
1424 -1408.9733
1425 -1422.2486
1426 -1412.2819
1427 -1411.2278
1428 -1424.7229
1429 -1419.1825
1430 -1413.3247
1431 -1418.0483
1432 -1403.2565
1433 -1406.5914
1434 -1414.2178
1435 -1421.0897
1436 -1421.9625
1437 -1405.6316
1438 -1417.4922
1439 -1424.3917
1440 -1420.9664
1441 -1415.8966
1442 -1418.4594
1443 -1411.6952
1444 -1401.6643
1445 -1414.9223
1446 -1424.5667
1447 -1412.246
1448 -1416.3906
1449 -1417.5785
1450 -1399.5597
1451 -1419.7688
1452 -1356.1703
1453 -1363.8822
1454 -1376.2608
1455 -1410.5471
1456 -1424.6496
1457 -1414.4628
1458 -1420.6784
1459 -1337.3794
1460 -1397.4149
1461 -1420.3787
1462 -1421.7819
1463 -1421.4344
1464 -1381.1056
1465 -1424.4687
1466 -1409.1837
1467 -1390.6372
1468 -1312.3044
1469 -1340.4408
1470 -1327.095
1471 -1401.2161
1472 -1415.6282
1473 -1412.7069
1474 -1409.3569
1475 -1427.0142
1476 -1422.2121
1477 -1423.7871
1478 -1418.1244
1479 -1409.4076
1480 -1423.4343
1481 -1396.6495
1482 -1385.3632
1483 -1416.953
1484 -1406.8674
1485 -1399.469
1486 -1412.3909
1487 -1405.4694
1488 -1411.9681
1489 -1316.5436
1490 -1425.7851
1491 -1420.9506
1492 -1399.8396
1493 -1422.3101
1494 -1423.3136
1495 -1340.4552
1496 -1424.8218
1497 -1402.5187
1498 -1422.2276
1499 -1424.959
1500 -1426.7165
1501 -1417.0329
1502 -1429.3287
1503 -1429.8167
1504 -1417.7796
1505 -1427.0687
1506 -1415.6238
1507 -1323.0986
1508 -1425.091
1509 -1397.6259
1510 -1419.799
1511 -1427.4339
1512 -1422.1284
1513 -1428.1333
1514 -1415.475
1515 -1402.3355
1516 -1404.8248
1517 -1426.1481
1518 -1424.2128
1519 -1427.6586
1520 -1429.9301
1521 -1429.9094
1522 -1411.8712
1523 -1430.0722
1524 -1415.4275
1525 -1421.2696
1526 -1406.9841
1527 -1428.8579
1528 -1333.6046
1529 -1391.6232
1530 -1426.0817
1531 -1426.6183
1532 -1423.3886
1533 -1411.1635
1534 -1372.8991
1535 -1415.0676
1536 -1424.4988
1537 -1430.8304
1538 -1278.5265
1539 -1424.2016
1540 -1430.8248
1541 -1419.7186
1542 -1410.1947
1543 -1416.1643
1544 -1431.84
1545 -1415.6977
1546 -1428.6207
1547 -1429.2712
1548 -1407.5021
1549 -1426.252
1550 -1400.7871
1551 -1431.6868
1552 -1326.1835
1553 -1394.7969
1554 -1424.1398
1555 -1421.5424
1556 -1423.2334
1557 -1411.9858
1558 -1414.4889
1559 -1397.4575
1560 -1407.6861
1561 -1417.0913
1562 -1430.7612
1563 -1385.7485
1564 -1426.4265
1565 -1397.0454
1566 -1412.5924
1567 -1428.7728
1568 -1428.2276
1569 -1431.5507
1570 -1336.8633
1571 -1425.3585
1572 -1424.5333
1573 -1430.764
1574 -1319.7728
1575 -1429.4431
1576 -1390.867
1577 -1419.8937
1578 -1421.2129
1579 -1396.3376
1580 -1395.2176
1581 -1411.4529
1582 -1411.9457
1583 -1427.4618
1584 -1420.4995
1585 -1428.1149
1586 -1427.2229
1587 -1385.4524
1588 -1421.7397
1589 -1375.6971
1590 -1426.8839
1591 -1412.6346
1592 -1385.1355
1593 -1414.8025
1594 -1430.3286
1595 -1403.4424
1596 -1402.8373
1597 -1425.8861
1598 -1401.5976
1599 -1431.943
1600 -1427.1606
1601 -1430.4497
1602 -1422.6719
1603 -1427.3583
1604 -1362.9216
1605 -1301.8959
1606 -1429.1471
1607 -1414.4489
1608 -1423.4853
1609 -1430.9753
1610 -1385.5028
1611 -1428.8354
1612 -1398.1506
1613 -1397.6586
1614 -1432.9766
1615 -1430.2287
1616 -1429.0116
1617 -1426.4745
1618 -1428.6371
1619 -1412.2784
1620 -1432.8449
1621 -1425.0189
1622 -1418.684
1623 -1411.5492
1624 -1406.3264
1625 -1426.0258
1626 -1394.0471
1627 -1427.6966
1628 -1427.7314
1629 -1423.8508
1630 -1405.0848
1631 -1392.3663
1632 -1368.7192
1633 -1350.6469
1634 -1433.1488
1635 -1434.1759
1636 -1406.9594
1637 -1404.9821
1638 -1402.4944
1639 -1427.7632
1640 -1433.8137
1641 -1429.2691
1642 -1435.838
1643 -1435.2866
1644 -1421.232
1645 -1416.5621
1646 -1366.1082
1647 -1402.9034
1648 -1411.2699
1649 -1414.6351
1650 -1406.0841
1651 -1431.7698
1652 -1389.622
1653 -1435.6777
1654 -1434.3409
1655 -1425.1968
1656 -1402.7384
1657 -1426.6643
1658 -1430.4335
1659 -1414.8042
1660 -1423.2532
1661 -1428.0937
1662 -1432.0895
1663 -1426.2268
1664 -1417.7333
1665 -1435.8108
1666 -1426.1341
1667 -1432.2979
1668 -1420.6005
1669 -1377.2115
1670 -1431.0779
1671 -1433.0422
1672 -1419.0316
1673 -1409.8908
1674 -1413.7614
1675 -1432.5318
1676 -1431.5422
1677 -1433.3783
1678 -1423.5642
1679 -1435.0582
1680 -1432.2834
1681 -1397.1485
1682 -1426.2275
1683 -1377.7457
1684 -1378.5048
1685 -1423.7475
1686 -1415.0505
1687 -1387.3167
1688 -1406.656
1689 -1413.2986
1690 -1413.9442
1691 -1410.2432
1692 -1421.2544
1693 -1411.7572
1694 -1400.6942
1695 -1362.6671
1696 -1399.0372
1697 -1425.7015
1698 -1426.4361
1699 -1422.9041
1700 -1391.0213
1701 -1411.837
1702 -1423.735
1703 -1432.4956
1704 -1397.9932
1705 -1365.9725
1706 -1420.2602
1707 -1412.611
1708 -1432.3018
1709 -1408.5437
1710 -1424.231
1711 -1436.0649
1712 -1401.8792
1713 -1409.2535
1714 -1422.2329
1715 -1422.7952
1716 -1382.0838
1717 -1434.406
1718 -1426.836
1719 -1434.1527
1720 -1377.3284
1721 -1436.2687
1722 -1395.1127
1723 -1428.6587
1724 -1398.372
1725 -1428.768
1726 -1431.1923
1727 -1430.0049
1728 -1411.3992
1729 -1436.0396
1730 -1418.1915
1731 -1437.5903
1732 -1418.2599
1733 -1366.9488
1734 -1432.0407
1735 -1434.1913
1736 -1425.8644
1737 -1394.9391
1738 -1430.5221
1739 -1434.7734
1740 -1434.1595
1741 -1435.4337
1742 -1379.5166
1743 -1423.995
1744 -1315.2521
1745 -1437.8218
1746 -1429.6598
1747 -1403.01
1748 -1427.1833
1749 -1433.283
1750 -1430.8941
1751 -1414.9483
1752 -1436.94
1753 -1416.8859
1754 -1407.3403
1755 -1333.9965
1756 -1272.1583
1757 -1401.6913
1758 -1421.2234
1759 -1435.3758
1760 -1429.8314
1761 -1364.0649
1762 -1424.3719
1763 -1413.0158
1764 -1432.7455
1765 -1400.315
1766 -1420.9843
1767 -1419.8735
1768 -1440.1111
1769 -1420.5244
1770 -1416.9277
1771 -1437.4311
1772 -1420.5537
1773 -1421.4242
1774 -1438.8093
1775 -1421.0662
1776 -1422.7751
1777 -1386.7838
1778 -1435.058
1779 -1421.1657
1780 -1427.1811
1781 -1430.9111
1782 -1440.2441
1783 -1393.6269
1784 -1428.8235
1785 -1426.8432
1786 -1414.2922
1787 -1407.9175
1788 -1436.4058
1789 -1433.2319
1790 -1422.5762
1791 -1430.4221
1792 -1421.835
1793 -1395.5138
1794 -1428.5051
1795 -1410.5614
1796 -1409.7926
1797 -1439.2462
1798 -1366.2346
1799 -1433.4475
1800 -1437.4027
1801 -1425.3076
1802 -1431.8846
1803 -1438.4928
1804 -1423.6704
1805 -1401.4355
1806 -1441.2034
1807 -1439.2067
1808 -1416.7038
1809 -1432.5156
1810 -1439.5374
1811 -1431.8056
1812 -1404.4461
1813 -1373.2963
1814 -1427.0645
1815 -1432.8917
1816 -1434.5233
1817 -1422.3187
1818 -1351.8148
1819 -1440.4526
1820 -1441.1082
1821 -1433.8188
1822 -1428.2001
1823 -1373.16
1824 -1434.7643
1825 -1422.3729
1826 -1430.5332
1827 -1438.4469
1828 -1423.0161
1829 -1421.5882
1830 -1421.5383
1831 -1433.726
1832 -1427.9946
1833 -1416.1616
1834 -1432.2586
1835 -1432.2344
1836 -1394.211
1837 -1432.3482
1838 -1379.2648
1839 -1423.0346
1840 -1428.4345
1841 -1399.8834
1842 -1438.9356
1843 -1419.1303
1844 -1438.0001
1845 -1440.1464
1846 -1413.6019
1847 -1414.9243
1848 -1417.5291
1849 -1442.8303
1850 -1442.6898
1851 -1440.7195
1852 -1434.1099
1853 -1437.6815
1854 -1401.4212
1855 -1432.9184
1856 -1388.7327
1857 -1433.5037
1858 -1367.1144
1859 -1375.3048
1860 -1429.5788
1861 -1416.702
1862 -1436.6967
1863 -1435.119
1864 -1393.4302
1865 -1399.9175
1866 -1437.8106
1867 -1438.4705
1868 -1439.6242
1869 -1435.9852
1870 -1441.4296
1871 -1436.9106
1872 -1438.4309
1873 -1391.2213
1874 -1438.5109
1875 -1438.7229
1876 -1441.8986
1877 -1386.4002
1878 -1441.6023
1879 -1439.5096
1880 -1433.1657
1881 -1418.1885
1882 -1434.7549
1883 -1428.953
1884 -1415.8794
1885 -1290.5675
1886 -1432.7703
1887 -1399.9792
1888 -1437.2544
1889 -1401.1478
1890 -1429.3066
1891 -1437.4685
1892 -1430.3541
1893 -1421.4385
1894 -1442.3008
1895 -1420.848
1896 -1404.0001
1897 -1415.0341
1898 -1428.6851
1899 -1334.8786
1900 -1425.7678
1901 -1438.6124
1902 -1430.2552
1903 -1313.877
1904 -1399.4696
1905 -1443.3259
1906 -1388.4275
1907 -1405.4049
1908 -1439.1058
1909 -1442.1213
1910 -1422.9666
1911 -1443.2944
1912 -1436.2123
1913 -1429.5219
1914 -1440.3543
1915 -1433.6088
1916 -1442.8591
1917 -1436.0774
1918 -1437.9972
1919 -1422.6533
1920 -1410.9052
1921 -1373.1721
1922 -1433.6985
1923 -1439.1459
1924 -1434.7927
1925 -1435.1767
1926 -1436.4587
1927 -1442.4749
1928 -1431.8366
1929 -1355.0326
1930 -1416.0487
1931 -1436.5163
1932 -1441.2264
1933 -1429.7906
1934 -1435.0553
1935 -1434.8243
1936 -1390.66
1937 -1432.0081
1938 -1424.1868
1939 -1422.2263
1940 -1403.4598
1941 -1435.6865
1942 -1412.2869
1943 -1425.4883
1944 -1435.4071
1945 -1403.7682
1946 -1430.4951
1947 -1438.8946
1948 -1438.0003
1949 -1443.5816
1950 -1391.365
1951 -1436.4015
1952 -1426.7699
1953 -1442.0207
1954 -1412.8328
1955 -1442.3004
1956 -1437.9693
1957 -1409.7229
1958 -1424.3142
1959 -1443.0013
1960 -1439.1585
1961 -1426.7431
1962 -1441.2059
1963 -1444.1337
1964 -1438.1631
1965 -1405.5578
1966 -1391.1989
1967 -1416.0413
1968 -1433.9409
1969 -1439.7041
1970 -1443.1595
1971 -1426.5851
1972 -1426.9299
1973 -1435.0118
1974 -1397.4647
1975 -1395.643
1976 -1444.5591
1977 -1432.051
1978 -1415.2916
1979 -1410.9098
1980 -1429.0843
1981 -1429.9828
1982 -1444.2376
1983 -1433.6959
1984 -1436.0399
1985 -1434.9352
1986 -1382.2275
1987 -1424.385
1988 -1431.6458
1989 -1382.3204
1990 -1440.4385
1991 -1445.3778
1992 -1431.4847
1993 -1440.9965
1994 -1436.8081
1995 -1425.3137
1996 -1423.0347
1997 -1431.4327
1998 -1444.0574
1999 -1444.3046
2000 -1438.3953
2001 -1430.0215
2002 -1326.1554
2003 -1430.4347
2004 -1441.8332
2005 -1437.8841
2006 -1425.111
2007 -1431.0001
2008 -1430.2384
2009 -1408.7314
2010 -1437.5554
2011 -1436.0804
2012 -1446.1612
2013 -1423.759
2014 -1440.6397
2015 -1443.9942
2016 -1411.3189
2017 -1437.3424
2018 -1445.2536
2019 -1416.9175
2020 -1444.3115
2021 -1441.7081
2022 -1424.1069
2023 -1430.8191
2024 -1445.2003
2025 -1429.4041
2026 -1435.3269
2027 -1434.5778
2028 -1425.9323
2029 -1393.6372
2030 -1441.5546
2031 -1421.6671
2032 -1435.3004
2033 -1442.4011
2034 -1429.4306
2035 -1440.1655
2036 -1443.7497
2037 -1441.2535
2038 -1441.6865
2039 -1425.2365
2040 -1410.9248
2041 -1398.8795
2042 -1437.7376
2043 -1424.0176
2044 -1433.5519
2045 -1434.5827
2046 -1443.7276
2047 -1420.2686
2048 -1445.8446
2049 -1440.1899
2050 -1445.6593
2051 -1434.0557
2052 -1438.6729
2053 -1404.0652
2054 -1436.2301
2055 -1444.9248
2056 -1402.1982
2057 -1411.3456
2058 -1442.6924
2059 -1444.9197
2060 -1373.6005
2061 -1433.4736
2062 -1446.5105
2063 -1445.7572
2064 -1433.4708
2065 -1370.2635
2066 -1443.6655
2067 -1423.224
2068 -1380.9153
2069 -1441.3166
2070 -1433.8517
2071 -1356.708
2072 -1431.6381
2073 -1440.9339
2074 -1427.6971
2075 -1439.6789
2076 -1443.069
2077 -1407.5111
2078 -1443.9689
2079 -1446.2707
2080 -1444.4043
2081 -1362.3706
2082 -1438.4468
2083 -1446.0403
2084 -1412.0626
2085 -1408.9644
2086 -1435.9941
2087 -1437.3017
2088 -1446.5314
2089 -1436.2692
2090 -1364.2848
2091 -1434.2206
2092 -1410.2297
2093 -1441.5662
2094 -1442.3108
2095 -1432.9722
2096 -1437.5104
2097 -1414.0816
2098 -1437.791
2099 -1440.374
2100 -1441.3645
2101 -1442.8192
2102 -1371.4025
2103 -1423.1053
2104 -1437.3096
2105 -1435.5527
2106 -1433.1864
2107 -1445.0239
2108 -1443.5306
2109 -1439.1442
2110 -1410.5858
2111 -1435.9732
2112 -1442.1227
2113 -1442.5899
2114 -1445.8582
2115 -1433.6986
2116 -1412.2546
2117 -1427.8679
2118 -1345.4547
2119 -1434.6905
2120 -1440.1361
2121 -1430.36
2122 -1403.0851
2123 -1425.2967
2124 -1443.4373
2125 -1433.643
2126 -1418.5101
2127 -1371.594
2128 -1430.1484
2129 -1429.0773
2130 -1341.9062
2131 -1406.2533
2132 -1430.9676
2133 -1431.4975
2134 -1440.112
2135 -1246.6112
2136 -1423.7273
2137 -1434.7253
2138 -1443.4034
2139 -1442.8311
2140 -1417.6103
2141 -1416.7438
2142 -1422.7331
2143 -1436.1029
2144 -1423.1213
2145 -1446.8154
2146 -1434.7105
2147 -1422.9124
2148 -1446.9827
2149 -1432.8352
2150 -1434.1251
2151 -1407.3618
2152 -1418.5632
2153 -1442.9334
2154 -1438.7497
2155 -1407.0237
2156 -1413.1783
2157 -1445.4794
2158 -1432.5193
2159 -1433.8172
2160 -1438.6104
2161 -1444.8968
2162 -1435.5744
2163 -1445.2152
2164 -1444.3242
2165 -1438.6504
2166 -1438.6446
2167 -1432.5967
2168 -1441.614
2169 -1425.0039
2170 -1430.8203
2171 -1433.7307
2172 -1397.4225
2173 -1444.9224
2174 -1405.0609
2175 -1431.6729
2176 -1446.2365
2177 -1442.8591
2178 -1447.8922
2179 -1405.2902
2180 -1420.875
2181 -1438.6472
2182 -1444.1349
2183 -1443.7105
2184 -1400.7111
2185 -1430.3688
2186 -1447.2759
2187 -1425.4451
2188 -1440.6004
2189 -1438.8955
2190 -1435.3643
2191 -1440.1857
2192 -1450.3882
2193 -1403.4993
2194 -1421.3323
2195 -1444.4766
2196 -1443.3897
2197 -1443.5818
2198 -1450.5574
2199 -1427.4743
2200 -1439.3389
2201 -1372.4207
2202 -1439.5162
2203 -1413.3737
2204 -1449.1189
2205 -1448.2766
2206 -1422.2778
2207 -1416.457
2208 -1444.8313
2209 -1382.4641
2210 -1446.2408
2211 -1439.546
2212 -1403.6417
2213 -1450.4285
2214 -1380.1621
2215 -1444.172
2216 -1445.3787
2217 -1411.8674
2218 -1445.0523
2219 -1390.872
2220 -1426.2295
2221 -1435.8403
2222 -1421.3525
2223 -1448.0042
2224 -1413.1585
2225 -1405.8695
2226 -1449.4527
2227 -1423.8141
2228 -1448.0494
2229 -1440.5152
2230 -1451.3203
2231 -1449.8894
2232 -1447.4671
2233 -1449.2899
2234 -1448.7252
2235 -1353.7642
2236 -1423.7234
2237 -1435.7413
2238 -1437.1922
2239 -1450.9156
2240 -1425.1516
2241 -1413.6292
2242 -1435.2012
2243 -1450.4538
2244 -1396.7141
2245 -1430.6759
2246 -1430.0771
2247 -1439.3919
2248 -1430.6825
2249 -1445.2584
2250 -1394.5913
2251 -1446.498
2252 -1449.4003
2253 -1445.0372
2254 -1448.787
2255 -1322.6138
2256 -1449.2123
2257 -1441.7699
2258 -1438.3352
2259 -1435.8976
2260 -1444.2893
2261 -1426.9008
2262 -1450.9435
2263 -1437.471
2264 -1432.9553
2265 -1421.7471
2266 -1437.3939
2267 -1438.4924
2268 -1426.6465
2269 -1447.7926
2270 -1438.245
2271 -1428.0391
2272 -1428.1747
2273 -1449.8462
2274 -1450.4322
2275 -1438.5211
2276 -1386.8607
2277 -1449.2987
2278 -1419.9338
2279 -1437.5699
2280 -1419.573
2281 -1418.5064
2282 -1434.2473
2283 -1441.0748
2284 -1419.7755
2285 -1428.8947
2286 -1448.4317
2287 -1444.2082
2288 -1451.7975
2289 -1448.2676
2290 -1445.9543
2291 -1450.4714
2292 -1422.3661
2293 -1406.8592
2294 -1448.9158
2295 -1441.2116
2296 -1418.2982
2297 -1437.9393
2298 -1442.7948
2299 -1423.1941
2300 -1448.9245
2301 -1451.3419
2302 -1413.9331
2303 -1447.4421
2304 -1442.1994
2305 -1449.7775
2306 -1446.6952
2307 -1424.5158
2308 -1434.1859
2309 -1423.4762
2310 -1389.8733
2311 -1445.2015
2312 -1442.0498
2313 -1452.3703
2314 -1409.1819
2315 -1431.5313
2316 -1448.4823
2317 -1439.5845
2318 -1451.0808
2319 -1449.1262
2320 -1448.7679
2321 -1450.5034
2322 -1441.0373
2323 -1442.0281
2324 -1447.885
2325 -1406.1245
2326 -1439.417
2327 -1428.2684
2328 -1449.9214
2329 -1446.3277
2330 -1452.1774
2331 -1450.8689
2332 -1439.0435
2333 -1403.2764
2334 -1422.8246
2335 -1440.2566
2336 -1402.882
2337 -1435.444
2338 -1424.4547
2339 -1441.3652
2340 -1443.3648
2341 -1439.8083
2342 -1440.9963
2343 -1450.3529
2344 -1451.4058
2345 -1451.6157
2346 -1425.1834
2347 -1427.554
2348 -1451.4439
2349 -1450.0283
2350 -1447.8007
2351 -1374.4922
2352 -1445.5936
2353 -1450.7112
2354 -1421.4027
2355 -1449.4805
2356 -1443.1916
2357 -1417.0368
2358 -1436.2606
2359 -1452.5311
2360 -1447.4232
2361 -1447.2398
2362 -1380.8172
2363 -1444.0886
2364 -1440.3549
2365 -1447.175
2366 -1431.0966
2367 -1434.6959
2368 -1379.5863
2369 -1417.9869
2370 -1414.9052
2371 -1451.4731
2372 -1443.9423
2373 -1444.325
2374 -1439.1932
2375 -1440.407
2376 -1416.5611
2377 -1444.1651
2378 -1439.1102
2379 -1423.6685
2380 -1432.895
2381 -1418.7362
2382 -1426.7123
2383 -1451.7738
2384 -1431.0087
2385 -1435.9301
2386 -1400.2925
2387 -1430.6208
2388 -1444.1242
2389 -1433.7421
2390 -1428.3293
2391 -1442.9482
2392 -1445.4129
2393 -1450.3855
2394 -1442.8146
2395 -1414.8867
2396 -1441.5562
2397 -1428.1031
2398 -1446.5327
2399 -1426.7753
2400 -1433.526
2401 -1424.5373
2402 -1446.386
2403 -1448.9216
2404 -1407.7791
2405 -1445.8646
2406 -1438.6618
2407 -1443.8486
2408 -1442.853
2409 -1443.0936
2410 -1399.3614
2411 -1416.2354
2412 -1448.1359
2413 -1451.5804
2414 -1452.3552
2415 -1434.824
2416 -1420.1782
2417 -1449.2797
2418 -1448.953
2419 -1448.3104
2420 -1438.0154
2421 -1436.3113
2422 -1446.3665
2423 -1446.3106
2424 -1452.303
2425 -1445.8833
2426 -1452.5837
2427 -1406.1272
2428 -1447.86
2429 -1419.992
2430 -1447.5986
2431 -1413.3059
2432 -1429.6344
2433 -1437.2649
2434 -1367.2891
2435 -1429.2101
2436 -1443.2722
2437 -1450.161
2438 -1452.097
2439 -1414.7646
2440 -1443.6438
2441 -1428.0517
2442 -1446.7126
2443 -1448.7
2444 -1438.3657
2445 -1450.6245
2446 -1391.1676
2447 -1441.9175
2448 -1437.2738
2449 -1446.4667
2450 -1432.6625
2451 -1441.5759
2452 -1444.4739
2453 -1450.8177
2454 -1433.8848
2455 -1434.6507
2456 -1435.1873
2457 -1447.5956
2458 -1446.1356
2459 -1428.899
2460 -1446.5611
2461 -1446.9108
2462 -1436.3508
2463 -1442.1452
2464 -1411.1735
2465 -1429.823
2466 -1391.1277
2467 -1422.1082
2468 -1452.2369
2469 -1451.7634
2470 -1391.5397
2471 -1452.2971
2472 -1443.1667
2473 -1444.6061
2474 -1447.7893
2475 -1445.4478
2476 -1432.9149
2477 -1410.4198
2478 -1438.8754
2479 -1407.8278
2480 -1417.9564
2481 -1436.2282
2482 -1447.2989
2483 -1437.9306
2484 -1436.6859
2485 -1449.4181
2486 -1448.1185
2487 -1451.5201
2488 -1414.8927
2489 -1419.0346
2490 -1450.2081
2491 -1452.7599
2492 -1452.1551
2493 -1435.0344
2494 -1438.489
2495 -1447.1075
2496 -1449.7224
2497 -1441.9679
2498 -1448.9415
2499 -1431.7575
2500 -1421.4374
2501 -1297.4531
2502 -1451.2787
2503 -1444.7126
2504 -1450.3886
2505 -1412.8815
2506 -1449.2784
2507 -1401.6144
2508 -1422.3808
2509 -1452.1601
2510 -1447.7899
2511 -1444.4402
2512 -1436.8968
2513 -1432.9992
2514 -1414.8755
2515 -1430.9394
2516 -1452.7936
2517 -1439.1433
2518 -1439.9669
2519 -1436.4639
2520 -1445.3927
2521 -1384.4834
2522 -1413.2663
2523 -1446.3542
2524 -1438.9473
2525 -1434.578
2526 -1451.4292
2527 -1436.3197
2528 -1438.883
2529 -1446.1985
2530 -1447.8621
2531 -1391.8672
2532 -1393.5048
2533 -1386.361
2534 -1448.0911
2535 -1450.3726
2536 -1427.6227
2537 -1444.516
2538 -1439.8571
2539 -1452.9761
2540 -1446.4285
2541 -1449.5143
2542 -1437.7641
2543 -1436.3799
2544 -1416.1385
2545 -1384.5954
2546 -1446.1306
2547 -1452.07
2548 -1410.3751
2549 -1360.0352
2550 -1414.864
2551 -1442.8123
2552 -1445.3307
2553 -1426.7543
2554 -1439.3125
2555 -1430.256
2556 -1435.2449
2557 -1430.6274
2558 -1439.8957
2559 -1430.251
2560 -1441.7741
2561 -1438.4927
2562 -1403.2924
2563 -1445.9868
2564 -1446.6975
2565 -1440.9822
2566 -1441.4446
2567 -1442.3929
2568 -1391.7149
2569 -1418.5651
2570 -1447.5135
2571 -1447.1874
2572 -1435.201
2573 -1425.8848
2574 -1424.9581
2575 -1424.0762
2576 -1452.1854
2577 -1451.1129
2578 -1405.1266
2579 -1452.35
2580 -1416.0004
2581 -1409.1964
2582 -1433.2836
2583 -1409.2575
2584 -1420.2566
2585 -1416.3106
2586 -1442.546
2587 -1396.308
2588 -1442.839
2589 -1424.4931
2590 -1445.4871
2591 -1451.4131
2592 -1400.2147
2593 -1451.2427
2594 -1449.6274
2595 -1426.8555
2596 -1421.9549
2597 -1443.5404
2598 -1447.9081
2599 -1445.5198
2600 -1446.9101
2601 -1431.6359
2602 -1444.9857
2603 -1440.6596
2604 -1451.084
2605 -1441.4062
2606 -1452.5461
2607 -1408.1587
2608 -1449.6244
2609 -1448.152
2610 -1443.333
2611 -1440.0707
2612 -1450.973
2613 -1446.743
2614 -1427.1268
2615 -1409.7545
2616 -1292.858
2617 -1431.1982
2618 -1414.9636
2619 -1441.3155
2620 -1450.4393
2621 -1448.0784
2622 -1451.7996
2623 -1450.2805
2624 -1396.0203
2625 -1429.2496
2626 -1448.9024
2627 -1449.3487
2628 -1439.5559
2629 -1434.319
2630 -1423.7717
2631 -1447.8154
2632 -1379.5867
2633 -1452.8957
2634 -1440.5881
2635 -1444.6283
2636 -1450.8714
2637 -1419.1883
2638 -1440.5032
2639 -1450.5934
2640 -1444.5918
2641 -1451.7525
2642 -1434.6099
2643 -1447.7135
2644 -1445.338
2645 -1430.462
2646 -1437.6859
2647 -1451.7474
2648 -1451.7887
2649 -1419.2418
2650 -1448.3609
2651 -1429.7343
2652 -1445.3375
2653 -1452.5661
2654 -1449.5495
2655 -1448.3804
2656 -1449.6071
2657 -1450.2094
2658 -1440.9227
2659 -1452.6553
2660 -1449.2763
2661 -1437.9059
2662 -1394.4319
2663 -1432.9839
2664 -1434.0067
2665 -1419.7965
2666 -1428.9651
2667 -1452.8826
2668 -1442.8033
2669 -1442.3009
2670 -1450.216
2671 -1449.5101
2672 -1387.331
2673 -1451.5687
2674 -1421.922
2675 -1430.0853
2676 -1420.0784
2677 -1427.1382
2678 -1438.1739
2679 -1448.1753
2680 -1450.5756
2681 -1422.0542
2682 -1323.7405
2683 -1435.0593
2684 -1425.4948
2685 -1427.6729
2686 -1432.6743
2687 -1434.8469
2688 -1443.2964
2689 -1452.9174
2690 -1450.5117
2691 -1438.5456
2692 -1452.4945
2693 -1453.2942
2694 -1434.826
2695 -1439.9062
2696 -1414.5784
2697 -1446.4767
2698 -1441.8514
2699 -1314.8114
2700 -1442.9085
2701 -1430.6327
2702 -1449.4235
2703 -1434.503
2704 -1407.7667
2705 -1430.2481
2706 -1431.4816
2707 -1452.0639
2708 -1448.8375
2709 -1423.5252
2710 -1426.1984
2711 -1347.126
2712 -1428.4391
2713 -1446.1614
2714 -1447.3665
2715 -1417.2944
2716 -1440.3831
2717 -1394.3229
2718 -1399.1015
2719 -1427.8764
2720 -1430.8603
2721 -1450.7659
2722 -1412.3504
2723 -1437.4745
2724 -1411.0911
2725 -1446.9129
2726 -1418.3693
2727 -1444.7378
2728 -1425.2504
2729 -1429.5938
2730 -1449.9075
2731 -1439.9394
2732 -1416.7697
2733 -1390.3347
2734 -1452.7364
2735 -1445.8071
2736 -1452.9342
2737 -1419.9859
2738 -1446.986
2739 -1387.3125
2740 -1403.0878
2741 -1432.6306
2742 -1405.9628
2743 -1449.0592
2744 -1449.1503
2745 -1452.4406
2746 -1408.6661
2747 -1438.8212
2748 -1433.853
2749 -1414.2556
2750 -1453.0127
2751 -1439.735
2752 -1440.1563
2753 -1444.127
2754 -1430.6343
2755 -1451.7879
2756 -1444.9018
2757 -1452.4498
2758 -1397.6763
2759 -1446.8186
2760 -1358.1462
2761 -1441.8614
2762 -1451.6999
2763 -1446.7121
2764 -1346.5448
2765 -1444.5856
2766 -1451.7854
2767 -1321.8585
2768 -1397.7581
2769 -1450.1484
2770 -1408.2966
2771 -1447.2518
2772 -1442.4444
2773 -1439.5983
2774 -1449.5942
2775 -1447.452
2776 -1445.6764
2777 -1410.8504
2778 -1444.4456
2779 -1451.0178
2780 -1453.4847
2781 -1426.7551
2782 -1444.9365
2783 -1433.2671
2784 -1440.7103
2785 -1455.1062
2786 -1453.456
2787 -1443.0463
2788 -1441.7036
2789 -1454.4649
2790 -1427.7753
2791 -1454.9565
2792 -1439.9435
2793 -1426.5666
2794 -1422.8419
2795 -1411.9913
2796 -1448.2908
2797 -1452.2365
2798 -1449.5378
2799 -1450.1272
2800 -1455.4865
2801 -1453.3992
2802 -1451.5813
2803 -1434.9982
2804 -1442.1678
2805 -1452.1095
2806 -1437.7524
2807 -1428.9374
2808 -1453.0918
2809 -1432.0205
2810 -1452.8339
2811 -1421.7187
2812 -1404.2816
2813 -1452.9043
2814 -1439.8771
2815 -1454.6401
2816 -1450.1438
2817 -1436.2437
2818 -1416.4307
2819 -1430.6138
2820 -1426.0759
2821 -1437.3462
2822 -1406.2929
2823 -1451.0826
2824 -1453.3375
2825 -1440.0979
2826 -1454.8772
2827 -1440.9903
2828 -1443.7579
2829 -1450.7266
2830 -1435.2348
2831 -1432.1626
2832 -1401.9668
2833 -1449.4493
2834 -1453.6851
2835 -1439.9312
2836 -1386.1909
2837 -1441.4058
2838 -1454.321
2839 -1402.0921
2840 -1421.0841
2841 -1450.3732
2842 -1450.4017
2843 -1445.5074
2844 -1419.5346
2845 -1425.9684
2846 -1455.0019
2847 -1442.7576
2848 -1439.1447
2849 -1450.6365
2850 -1454.6941
2851 -1420.3579
2852 -1433.4953
2853 -1432.5085
2854 -1339.3102
2855 -1451.6497
2856 -1369.4503
2857 -1393.7621
2858 -1433.3816
2859 -1442.4136
2860 -1419.3445
2861 -1454.632
2862 -1451.7782
2863 -1437.2203
2864 -1412.9214
2865 -1437.1289
2866 -1422.8059
2867 -1442.4318
2868 -1445.9056
2869 -1453.8182
2870 -1443.6854
2871 -1451.525
2872 -1448.8044
2873 -1432.1651
2874 -1426.3053
2875 -1451.5215
2876 -1437.9362
2877 -1439.0888
2878 -1453.6412
2879 -1423.9178
2880 -1436.2024
2881 -1441.4355
2882 -1443.2509
2883 -1445.8982
2884 -1440.3993
2885 -1451.1643
2886 -1450.9697
2887 -1437.9634
2888 -1432.5704
2889 -1449.5746
2890 -1451.9135
2891 -1449.1005
2892 -1456.3521
2893 -1449.8433
2894 -1453.125
2895 -1433.9086
2896 -1367.423
2897 -1439.9094
2898 -1455.5875
2899 -1427.6058
2900 -1453.6884
2901 -1394.5419
2902 -1452.8307
2903 -1442.0717
2904 -1401.6013
2905 -1433.9995
2906 -1453.3905
2907 -1444.2689
2908 -1446.7558
2909 -1444.8886
2910 -1425.4522
2911 -1448.1457
2912 -1448.5342
2913 -1447.866
2914 -1454.4394
2915 -1449.2681
2916 -1455.8386
2917 -1451.969
2918 -1449.3608
2919 -1448.7715
2920 -1443.9781
2921 -1452.4866
2922 -1451.4861
2923 -1441.8091
2924 -1454.5207
2925 -1452.494
2926 -1447.2093
2927 -1456.0684
2928 -1444.702
2929 -1454.6111
2930 -1451.1189
2931 -1433.653
2932 -1456.1656
2933 -1452.3067
2934 -1449.7644
2935 -1450.0477
2936 -1438.1802
2937 -1436.8728
2938 -1454.1809
2939 -1405.8906
2940 -1455.4457
2941 -1447.2745
2942 -1453.7557
2943 -1423.4151
2944 -1451.5776
2945 -1452.7448
2946 -1455.5955
2947 -1440.0285
2948 -1451.8336
2949 -1441.2281
2950 -1421.2403
2951 -1392.0078
2952 -1435.0976
2953 -1448.0633
2954 -1446.7086
2955 -1457.0858
2956 -1440.5339
2957 -1435.994
2958 -1452.6027
2959 -1457.0403
2960 -1433.2557
2961 -1446.772
2962 -1427.6299
2963 -1453.65
2964 -1452.4609
2965 -1446.9909
2966 -1410.1921
2967 -1428.5108
2968 -1421.567
2969 -1420.3968
2970 -1434.9228
2971 -1425.4509
2972 -1428.6206
2973 -1438.3913
2974 -1456.4953
2975 -1405.0154
2976 -1422.2728
2977 -1428.715
2978 -1445.4373
2979 -1386.4024
2980 -1432.0312
2981 -1413.7665
2982 -1449.861
2983 -1437.3469
2984 -1453.8492
2985 -1416.8173
2986 -1453.2475
2987 -1418.8382
2988 -1415.606
2989 -1302.1157
2990 -1443.8475
2991 -1433.9198
2992 -1441.9773
2993 -1456.591
2994 -1453.6056
2995 -1457.3085
2996 -1449.1732
2997 -1441.2658
2998 -1440.5898
2999 -1444.9936
3000 -1456.8219
3001 -1432.4849
3002 -1452.4362
3003 -1445.2937
3004 -1325.0436
3005 -1448.9964
3006 -1424.299
3007 -1452.9482
3008 -1443.874
3009 -1426.0627
3010 -1431.7482
3011 -1425.8122
3012 -1445.7131
3013 -1433.5118
3014 -1442.3803
3015 -1444.5682
3016 -1452.0979
3017 -1451.2183
3018 -1441.9421
3019 -1443.0928
3020 -1439.4764
3021 -1449.1061
3022 -1416.3083
3023 -1456.8606
3024 -1434.4606
3025 -1455.9598
3026 -1440.3033
3027 -1428.7342
3028 -1455.9749
3029 -1396.6987
3030 -1455.0354
3031 -1444.6229
3032 -1449.1297
3033 -1427.5284
3034 -1437.3883
3035 -1450.7231
3036 -1437.0738
3037 -1420.483
3038 -1452.5609
3039 -1443.9825
3040 -1456.5178
3041 -1404.5754
3042 -1343.883
3043 -1429.0471
3044 -1424.6356
3045 -1442.2095
3046 -1432.3767
3047 -1451.5812
3048 -1426.3449
3049 -1451.1812
3050 -1457.2366
3051 -1417.967
3052 -1450.7047
3053 -1453.0848
3054 -1430.1762
3055 -1453.3442
3056 -1448.4725
3057 -1400.2535
3058 -1453.4565
3059 -1455.7897
3060 -1450.9792
3061 -1401.0872
3062 -1456.3901
3063 -1427.8648
3064 -1442.8589
3065 -1444.8993
3066 -1456.3867
3067 -1440.9881
3068 -1455.7092
3069 -1413.3683
3070 -1412.9885
3071 -1448.7665
3072 -1454.4509
3073 -1443.5783
3074 -1424.9594
3075 -1439.8171
3076 -1455.6284
3077 -1444.9391
3078 -1415.1569
3079 -1453.3928
3080 -1446.1136
3081 -1453.6452
3082 -1450.6019
3083 -1444.952
3084 -1456.0478
3085 -1453.9124
3086 -1395.232
3087 -1445.7449
3088 -1443.56
3089 -1450.8912
3090 -1443.5407
3091 -1446.9583
3092 -1434.4459
3093 -1449.6968
3094 -1455.9074
3095 -1447.603
3096 -1448.1703
3097 -1450.0541
3098 -1443.0962
3099 -1421.4444
3100 -1441.7172
3101 -1444.5679
3102 -1454.7207
3103 -1437.0146
3104 -1407.4016
3105 -1418.4843
3106 -1418.7781
3107 -1452.882
3108 -1452.1691
3109 -1454.1422
3110 -1420.1716
3111 -1452.3934
3112 -1438.0116
3113 -1450.2538
3114 -1450.2712
3115 -1409.5604
3116 -1435.5341
3117 -1433.8643
3118 -1445.9492
3119 -1436.9369
3120 -1445.2214
3121 -1425.3584
3122 -1389.869
3123 -1419.5379
3124 -1433.7623
3125 -1424.8127
3126 -1455.8727
3127 -1427.9557
3128 -1412.3287
3129 -1435.6824
3130 -1450.5598
3131 -1451.3619
3132 -1457.472
3133 -1435.616
3134 -1418.9924
3135 -1449.0881
3136 -1444.3957
3137 -1441.7262
3138 -1422.0793
3139 -1403.8294
3140 -1373.6029
3141 -1440.3002
3142 -1420.2014
3143 -1456.2591
3144 -1366.1154
3145 -1445.8685
3146 -1421.658
3147 -1448.2428
3148 -1428.8767
3149 -1443.9991
3150 -1442.6423
3151 -1443.3613
3152 -1449.4564
3153 -1455.9913
3154 -1431.4025
3155 -1379.647
3156 -1457.5594
3157 -1409.2687
3158 -1440.0211
3159 -1457.5695
3160 -1445.4036
3161 -1446.3745
3162 -1446.3654
3163 -1421.2317
3164 -1391.3853
3165 -1447.7956
3166 -1421.4195
3167 -1435.1997
3168 -1450.001
3169 -1454.2496
3170 -1446.0233
3171 -1445.6902
3172 -1455.4977
3173 -1428.5972
3174 -1457.3493
3175 -1441.9796
3176 -1448.6412
3177 -1415.9513
3178 -1391.6877
3179 -1406.9125
3180 -1456.9946
3181 -1446.5815
3182 -1421.2216
3183 -1420.3555
3184 -1418.0761
3185 -1422.9544
3186 -1430.4189
3187 -1451.4958
3188 -1426.2274
3189 -1448.983
3190 -1446.4986
3191 -1438.3547
3192 -1442.5624
3193 -1454.7701
3194 -1432.6635
3195 -1446.3576
3196 -1446.9755
3197 -1456.6468
3198 -1373.8739
3199 -1439.3361
3200 -1436.7701
3201 -1451.8535
3202 -1444.4421
3203 -1438.3392
3204 -1455.0217
3205 -1454.4268
3206 -1416.9084
3207 -1445.3948
3208 -1455.716
3209 -1447.6047
3210 -1457.1941
3211 -1449.5907
3212 -1455.1148
3213 -1433.3891
3214 -1456.7785
3215 -1442.5304
3216 -1439.6473
3217 -1423.9016
3218 -1446.1607
3219 -1448.2078
3220 -1452.0277
3221 -1458.2599
3222 -1392.1765
3223 -1457.6358
3224 -1450.3155
3225 -1457.6628
3226 -1444.1204
3227 -1437.9724
3228 -1457.5897
3229 -1420.9116
3230 -1434.2453
3231 -1448.9847
3232 -1453.8127
3233 -1450.8839
3234 -1455.3303
3235 -1443.2412
3236 -1452.7608
3237 -1432.1178
3238 -1456.0486
3239 -1458.264
3240 -1450.9986
3241 -1435.2322
3242 -1458.2936
3243 -1454.0523
3244 -1451.1733
3245 -1437.0062
3246 -1454.1267
3247 -1436.9662
3248 -1435.9265
3249 -1423.8049
3250 -1428.8756
3251 -1448.3036
3252 -1439.3919
3253 -1456.0689
3254 -1425.8817
3255 -1440.7358
3256 -1452.4942
3257 -1436.5484
3258 -1450.1712
3259 -1457.6022
3260 -1439.5305
3261 -1445.352
3262 -1453.0609
3263 -1409.967
3264 -1439.7313
3265 -1453.6626
3266 -1433.0352
3267 -1432.5589
3268 -1451.8354
3269 -1456.8394
3270 -1381.855
3271 -1446.6183
3272 -1451.1581
3273 -1442.4303
3274 -1434.2068
3275 -1376.8935
3276 -1445.8
3277 -1456.291
3278 -1428.1699
3279 -1456.3029
3280 -1417.7775
3281 -1457.6101
3282 -1457.6504
3283 -1445.6084
3284 -1452.0921
3285 -1416.0588
3286 -1454.6163
3287 -1441.3138
3288 -1413.2571
3289 -1450.8788
3290 -1434.4231
3291 -1444.6803
3292 -1451.7602
3293 -1436.5296
3294 -1441.9873
3295 -1423.4662
3296 -1394.4659
3297 -1455.4069
3298 -1441.5908
3299 -1456.0293
3300 -1439.9012
3301 -1407.7636
3302 -1431.2025
3303 -1389.7612
3304 -1450.0116
3305 -1439.4927
3306 -1421.1821
3307 -1442.6623
3308 -1426.2638
3309 -1437.0922
3310 -1447.114
3311 -1447.6851
3312 -1453.7709
3313 -1401.1839
3314 -1439.7966
3315 -1408.2787
3316 -1436.9104
3317 -1440.9772
3318 -1430.0749
3319 -1458.459
3320 -1458.1641
3321 -1443.0133
3322 -1446.8954
3323 -1421.0007
3324 -1427.4004
3325 -1415.3569
3326 -1458.4896
3327 -1442.4137
3328 -1425.8637
3329 -1450.9534
3330 -1458.3303
3331 -1401.2293
3332 -1431.9039
3333 -1430.1861
3334 -1436.8185
3335 -1450.9516
3336 -1456.1985
3337 -1386.4929
3338 -1416.3508
3339 -1453.3941
3340 -1432.0204
3341 -1447.5414
3342 -1451.9894
3343 -1457.9295
3344 -1443.6169
3345 -1317.1493
3346 -1426.4342
3347 -1448.5154
3348 -1434.5541
3349 -1445.9381
3350 -1442.5342
3351 -1450.0818
3352 -1457.2712
3353 -1452.7043
3354 -1448.7286
3355 -1431.1295
3356 -1446.1201
3357 -1435.2827
3358 -1448.2468
3359 -1430.6841
3360 -1441.9331
3361 -1454.006
3362 -1454.9983
3363 -1401.573
3364 -1454.0637
3365 -1457.8039
3366 -1455.3666
3367 -1454.8647
3368 -1437.1345
3369 -1441.0265
3370 -1454.8349
3371 -1442.3795
3372 -1450.9608
3373 -1448.6344
3374 -1441.4089
3375 -1459.1397
3376 -1458.8139
3377 -1450.0182
3378 -1438.4933
3379 -1455.2313
3380 -1377.907
3381 -1434.589
3382 -1429.0137
3383 -1421.0822
3384 -1455.9239
3385 -1447.3551
3386 -1451.4646
3387 -1449.96
3388 -1404.282
3389 -1457.1069
3390 -1436.8421
3391 -1441.3833
3392 -1439.8824
3393 -1453.1571
3394 -1437.8681
3395 -1453.6934
3396 -1442.5942
3397 -1454.0865
3398 -1396.2891
3399 -1453.4504
3400 -1440.6993
3401 -1444.0722
3402 -1422.2573
3403 -1438.806
3404 -1435.8934
3405 -1458.0494
3406 -1449.9103
3407 -1445.9558
3408 -1443.0352
3409 -1441.8473
3410 -1413.4507
3411 -1453.3648
3412 -1438.2722
3413 -1440.2806
3414 -1449.1395
3415 -1443.4642
3416 -1443.1532
3417 -1443.9615
3418 -1441.9473
3419 -1402.121
3420 -1432.2496
3421 -1459.2336
3422 -1372.7649
3423 -1453.8204
3424 -1446.4448
3425 -1441.7326
3426 -1425.4899
3427 -1459.3756
3428 -1445.3658
3429 -1421.2378
3430 -1434.626
3431 -1414.2125
3432 -1447.5769
3433 -1442.5763
3434 -1454.2021
3435 -1458.7727
3436 -1458.0824
3437 -1428.5241
3438 -1455.9334
3439 -1450.521
3440 -1452.5543
3441 -1459.4234
3442 -1455.8672
3443 -1445.7917
3444 -1459.0895
3445 -1440.338
3446 -1456.4111
3447 -1445.9674
3448 -1441.1136
3449 -1445.761
3450 -1449.4662
3451 -1452.6371
3452 -1456.7575
3453 -1449.7264
3454 -1410.9404
3455 -1457.9228
3456 -1452.3689
3457 -1448.4793
3458 -1441.2242
3459 -1406.1816
3460 -1440.5256
3461 -1385.4378
3462 -1444.4089
3463 -1422.26
3464 -1457.2339
3465 -1412.6752
3466 -1436.7733
3467 -1447.6194
3468 -1457.7082
3469 -1430.0893
3470 -1450.1046
3471 -1417.1924
3472 -1449.7976
3473 -1443.1633
3474 -1448.2098
3475 -1447.6969
3476 -1442.8812
3477 -1446.8518
3478 -1442.9448
3479 -1439.6775
3480 -1435.6362
3481 -1457.9631
3482 -1458.2684
3483 -1446.2385
3484 -1453.8843
3485 -1455.1426
3486 -1446.373
3487 -1450.2637
3488 -1451.939
3489 -1421.3181
3490 -1444.9846
3491 -1458.0087
3492 -1387.1155
3493 -1458.365
3494 -1447.005
3495 -1459.2113
3496 -1431.1568
3497 -1422.2171
3498 -1457.6853
3499 -1434.0582
3500 -1444.3617
3501 -1408.4912
3502 -1409.6339
3503 -1411.9193
3504 -1416.1216
3505 -1457.3563
3506 -1450.3996
3507 -1449.0186
3508 -1453.2248
3509 -1444.5471
3510 -1440.7106
3511 -1457.1432
3512 -1459.1182
3513 -1438.5361
3514 -1458.8793
3515 -1432.1233
3516 -1458.6588
3517 -1448.5219
3518 -1432.1998
3519 -1427.9524
3520 -1434.9894
3521 -1410.0365
3522 -1458.7465
3523 -1448.4035
3524 -1454.7662
3525 -1401.091
3526 -1419.9997
3527 -1415.419
3528 -1454.303
3529 -1458.7059
3530 -1456.9067
3531 -1444.4882
3532 -1453.3862
3533 -1456.2067
3534 -1423.6762
3535 -1452.1414
3536 -1437.8563
3537 -1439.011
3538 -1351.7219
3539 -1458.1357
3540 -1451.7801
3541 -1425.6425
3542 -1459.4835
3543 -1394.8045
3544 -1435.4812
3545 -1456.3158
3546 -1402.4522
3547 -1427.6953
3548 -1448.101
3549 -1434.0521
3550 -1448.2789
3551 -1452.5759
3552 -1443.7354
3553 -1451.1947
3554 -1424.8352
3555 -1443.5232
3556 -1410.2024
3557 -1456.595
3558 -1388.3439
3559 -1459.0114
3560 -1445.744
3561 -1455.507
3562 -1457.976
3563 -1454.6223
3564 -1452.2828
3565 -1432.5521
3566 -1454.7999
3567 -1452.7447
3568 -1442.7183
3569 -1451.3973
3570 -1434.1578
3571 -1425.6963
3572 -1458.1245
3573 -1459.6662
3574 -1450.5748
3575 -1418.6356
3576 -1446.7191
3577 -1452.9448
3578 -1384.9212
3579 -1448.1925
3580 -1423.1454
3581 -1415.6498
3582 -1437.5309
3583 -1457.4199
3584 -1455.4806
3585 -1424.1555
3586 -1432.7783
3587 -1435.9995
3588 -1425.0964
3589 -1456.2338
3590 -1456.4595
3591 -1455.2475
3592 -1443.7579
3593 -1453.7028
3594 -1403.9223
3595 -1455.1284
3596 -1452.5921
3597 -1447.2985
3598 -1456.6944
3599 -1459.2081
3600 -1437.2329
3601 -1430.654
3602 -1444.0154
3603 -1439.0661
3604 -1426.7034
3605 -1447.0184
3606 -1454.1406
3607 -1455.8733
3608 -1439.9873
3609 -1445.1995
3610 -1433.7833
3611 -1445.4198
3612 -1450.7246
3613 -1416.9578
3614 -1457.6403
3615 -1459.5345
3616 -1461.9668
3617 -1449.5924
3618 -1457.5835
3619 -1447.2765
3620 -1454.1325
3621 -1460.2493
3622 -1449.7366
3623 -1437.5656
3624 -1434.4124
3625 -1443.0632
3626 -1460.7647
3627 -1453.6974
3628 -1447.343
3629 -1462.487
3630 -1449.5842
3631 -1461.4889
3632 -1419.7985
3633 -1454.8914
3634 -1461.5403
3635 -1453.3231
3636 -1454.9785
3637 -1455.6169
3638 -1462.4851
3639 -1381.8514
3640 -1441.2168
3641 -1435.8868
3642 -1453.583
3643 -1421.4784
3644 -1441.7199
3645 -1456.3001
3646 -1417.6328
3647 -1461.305
3648 -1448.3674
3649 -1461.1343
3650 -1457.5328
3651 -1450.556
3652 -1458.5721
3653 -1428.5967
3654 -1458.8849
3655 -1414.5748
3656 -1460.6092
3657 -1455.5971
3658 -1440.0494
3659 -1461.7894
3660 -1459.2728
3661 -1446.4032
3662 -1423.8747
3663 -1457.9821
3664 -1454.5421
3665 -1448.3303
3666 -1453.2741
3667 -1443.9043
3668 -1448.9845
3669 -1452.2826
3670 -1446.6108
3671 -1455.3406
3672 -1429.3624
3673 -1461.6216
3674 -1422.181
3675 -1423.7356
3676 -1459.2548
3677 -1453.7507
3678 -1455.0616
3679 -1455.7322
3680 -1458.1997
3681 -1452.0448
3682 -1438.4282
3683 -1420.623
3684 -1455.143
3685 -1439.8667
3686 -1462.1105
3687 -1437.4882
3688 -1440.8626
3689 -1447.4811
3690 -1460.0979
3691 -1461.2749
3692 -1452.6924
3693 -1437.0235
3694 -1462.1378
3695 -1460.2572
3696 -1457.3839
3697 -1461.9975
3698 -1450.5862
3699 -1450.5743
3700 -1361.7298
3701 -1441.1208
3702 -1432.9501
3703 -1441.1055
3704 -1454.7017
3705 -1449.1597
3706 -1462.7089
3707 -1443.9178
3708 -1440.4426
3709 -1457.2892
3710 -1453.1384
3711 -1455.0163
3712 -1462.4759
3713 -1455.9097
3714 -1450.8678
3715 -1416.5735
3716 -1452.0403
3717 -1457.0552
3718 -1454.3029
3719 -1423.5866
3720 -1459.7656
3721 -1460.7698
3722 -1443.778
3723 -1424.6987
3724 -1451.4465
3725 -1457.7521
3726 -1451.3731
3727 -1454.6916
3728 -1447.9053
3729 -1458.8265
3730 -1444.1916
3731 -1459.426
3732 -1425.3164
3733 -1461.0554
3734 -1445.4563
3735 -1422.4039
3736 -1445.7226
3737 -1454.8978
3738 -1425.2142
3739 -1445.832
3740 -1449.722
3741 -1442.5651
3742 -1461.9074
3743 -1447.4572
3744 -1460.3303
3745 -1463.0792
3746 -1458.5135
3747 -1445.0753
3748 -1445.9678
3749 -1452.788
3750 -1453.3937
3751 -1457.7842
3752 -1458.168
3753 -1427.1924
3754 -1458.8533
3755 -1457.3343
3756 -1460.0917
3757 -1452.5574
3758 -1442.2823
3759 -1461.1556
3760 -1456.1157
3761 -1457.1304
3762 -1449.562
3763 -1454.3561
3764 -1457.0974
3765 -1458.0783
3766 -1429.0971
3767 -1444.9068
3768 -1430.0683
3769 -1453.3588
3770 -1442.7937
3771 -1449.9863
3772 -1461.6214
3773 -1426.5651
3774 -1455.5251
3775 -1458.6477
3776 -1416.5197
3777 -1421.4971
3778 -1437.3753
3779 -1462.105
3780 -1454.6406
3781 -1459.6744
3782 -1462.5214
3783 -1455.2459
3784 -1404.7444
3785 -1420.6119
3786 -1406.2765
3787 -1459.4798
3788 -1435.6351
3789 -1430.725
3790 -1452.3839
3791 -1434.6179
3792 -1456.9816
3793 -1457.4703
3794 -1413.0733
3795 -1434.9492
3796 -1461.624
3797 -1423.6991
3798 -1443.2511
3799 -1404.1804
3800 -1422.2022
3801 -1444.9801
3802 -1461.0332
3803 -1446.0028
3804 -1448.8622
3805 -1446.4863
3806 -1435.3485
3807 -1461.9169
3808 -1450.5199
3809 -1459.7662
3810 -1451.8746
3811 -1453.9441
3812 -1459.3063
3813 -1448.5837
3814 -1450.066
3815 -1453.9688
3816 -1455.7324
3817 -1459.3099
3818 -1445.6908
3819 -1451.2718
3820 -1446.9857
3821 -1421.6775
3822 -1446.2802
3823 -1457.4188
3824 -1462.5054
3825 -1459.0409
3826 -1450.2629
3827 -1440.2273
3828 -1448.2886
3829 -1423.3635
3830 -1452.8113
3831 -1456.1972
3832 -1432.8166
3833 -1454.0711
3834 -1417.8703
3835 -1457.2819
3836 -1460.6584
3837 -1450.2905
3838 -1440.2805
3839 -1448.8841
3840 -1462.2953
3841 -1443.809
3842 -1449.2963
3843 -1459.6982
3844 -1430.8449
3845 -1456.3717
3846 -1456.9671
3847 -1432.816
3848 -1456.9614
3849 -1449.72
3850 -1458.3257
3851 -1460.2115
3852 -1460.5006
3853 -1445.1603
3854 -1451.6616
3855 -1446.3453
3856 -1416.8071
3857 -1435.6713
3858 -1462.4833
3859 -1435.3038
3860 -1439.291
3861 -1328.1427
3862 -1457.7978
3863 -1451.0659
3864 -1427.0164
3865 -1461.5546
3866 -1460.0029
3867 -1449.628
3868 -1460.1571
3869 -1457.0993
3870 -1434.384
3871 -1453.0611
3872 -1440.4918
3873 -1441.6626
3874 -1432.5992
3875 -1460.3978
3876 -1353.7748
3877 -1460.4056
3878 -1457.2494
3879 -1461.6855
3880 -1458.1552
3881 -1450.3976
3882 -1462.8534
3883 -1463.0632
3884 -1462.701
3885 -1444.6126
3886 -1458.4892
3887 -1454.8745
3888 -1456.6748
3889 -1461.249
3890 -1432.0848
3891 -1459.6407
3892 -1462.1303
3893 -1462.4759
3894 -1442.5957
3895 -1408.3411
3896 -1453.1166
3897 -1392.3562
3898 -1447.5509
3899 -1457.2543
3900 -1461.4739
3901 -1434.5607
3902 -1459.066
3903 -1454.1402
3904 -1459.288
3905 -1461.1097
3906 -1413.07
3907 -1458.7383
3908 -1462.2923
3909 -1445.6144
3910 -1458.4648
3911 -1442.2472
3912 -1461.4434
3913 -1455.7033
3914 -1456.297
3915 -1438.4804
3916 -1459.8384
3917 -1387.7182
3918 -1460.7516
3919 -1455.6052
3920 -1458.7486
3921 -1438.8576
3922 -1462.9491
3923 -1441.9289
3924 -1433.81
3925 -1455.5538
3926 -1437.1028
3927 -1455.3235
3928 -1437.3843
3929 -1461.7956
3930 -1461.7676
3931 -1427.399
3932 -1422.088
3933 -1440.951
3934 -1442.8903
3935 -1458.6261
3936 -1454.7843
3937 -1438.4962
3938 -1460.8325
3939 -1447.925
3940 -1384.5033
3941 -1456.5562
3942 -1457.7688
3943 -1445.7042
3944 -1426.8846
3945 -1463.0864
3946 -1454.9821
3947 -1455.6062
3948 -1415.2059
3949 -1456.4359
3950 -1459.2886
3951 -1429.1415
3952 -1455.8948
3953 -1441.6671
3954 -1458.6868
3955 -1444.5899
3956 -1460.9595
3957 -1460.2717
3958 -1452.5841
3959 -1450.007
3960 -1457.5935
3961 -1446.316
3962 -1455.1667
3963 -1432.6389
3964 -1423.788
3965 -1456.1409
3966 -1462.6346
3967 -1407.7325
3968 -1460.7316
3969 -1462.4246
3970 -1423.0799
3971 -1460.4289
3972 -1426.361
3973 -1423.3159
3974 -1463.1291
3975 -1456.2279
3976 -1457.959
3977 -1452.7162
3978 -1429.2193
3979 -1458.4336
3980 -1439.9286
3981 -1451.3272
3982 -1452.3092
3983 -1449.5363
3984 -1454.2647
3985 -1431.6685
3986 -1419.1525
3987 -1439.586
3988 -1456.1764
3989 -1460.6295
3990 -1453.5835
3991 -1421.069
3992 -1422.6474
3993 -1441.3674
3994 -1452.6032
3995 -1408.7062
3996 -1458.8449
3997 -1441.5806
3998 -1456.1904
3999 -1425.1211
4000 -1452.2959
4001 -1462.7548
4002 -1456.171
4003 -1455.1929
4004 -1461.6834
4005 -1423.7031
4006 -1455.0114
4007 -1457.6464
4008 -1457.1954
4009 -1456.7365
4010 -1462.6238
4011 -1451.3653
4012 -1454.5179
4013 -1428.7445
4014 -1448.3551
4015 -1428.3889
4016 -1449.3352
4017 -1462.4756
4018 -1463.2343
4019 -1461.0004
4020 -1452.4513
4021 -1428.8338
4022 -1442.2457
4023 -1452.2469
4024 -1463.2042
4025 -1462.9793
4026 -1455.2821
4027 -1443.7454
4028 -1463.3241
4029 -1458.7423
4030 -1461.9526
4031 -1439.9404
4032 -1450.081
4033 -1455.9398
4034 -1457.6009
4035 -1455.0608
4036 -1462.8555
4037 -1435.5155
4038 -1376.6099
4039 -1407.2633
4040 -1434.6441
4041 -1449.3682
4042 -1456.0357
4043 -1425.9806
4044 -1446.7352
4045 -1403.1427
4046 -1449.0508
4047 -1459.1591
4048 -1430.2968
4049 -1460.4168
4050 -1440.0043
4051 -1460.9343
4052 -1447.1629
4053 -1461.3837
4054 -1438.1856
4055 -1455.7623
4056 -1430.0231
4057 -1446.2802
4058 -1459.6017
4059 -1448.8672
4060 -1434.8065
4061 -1440.5628
4062 -1439.8197
4063 -1459.3505
4064 -1462.7363
4065 -1458.5757
4066 -1453.6201
4067 -1435.9158
4068 -1458.9571
4069 -1405.2979
4070 -1443.6958
4071 -1463.0181
4072 -1421.8207
4073 -1462.5131
4074 -1462.3036
4075 -1448.2118
4076 -1454.5225
4077 -1457.0358
4078 -1412.265
4079 -1460.0669
4080 -1453.7041
4081 -1455.4255
4082 -1463.002
4083 -1454.4318
4084 -1418.2809
4085 -1462.5821
4086 -1457.0922
4087 -1422.3809
4088 -1453.4996
4089 -1460.6295
4090 -1461.4209
4091 -1460.9955
4092 -1463.2339
4093 -1456.0874
4094 -1445.2594
4095 -1440.4186
4096 -1443.9842
4097 -1447.8568
4098 -1456.978
4099 -1443.4763
4100 -1462.3853
4101 -1442.9222
4102 -1459.861
4103 -1462.0079
4104 -1454.5284
4105 -1443.0767
4106 -1461.2427
4107 -1456.6447
4108 -1457.5513
4109 -1427.5338
4110 -1448.4685
4111 -1428.8797
4112 -1452.8447
4113 -1452.0898
4114 -1448.0209
4115 -1448.5801
4116 -1450.7183
4117 -1402.8499
4118 -1452.8955
4119 -1444.9358
4120 -1447.9772
4121 -1427.3933
4122 -1455.5964
4123 -1448.6434
4124 -1458.7966
4125 -1452.1634
4126 -1457.8293
4127 -1461.9864
4128 -1429.1638
4129 -1432.2383
4130 -1447.7703
4131 -1457.2252
4132 -1448.9905
4133 -1453.8723
4134 -1440.9204
4135 -1449.8381
4136 -1447.3282
4137 -1432.9292
4138 -1459.8395
4139 -1457.7296
4140 -1458.7211
4141 -1453.7052
4142 -1447.1396
4143 -1454.7478
4144 -1405.2395
4145 -1458.2508
4146 -1447.4399
4147 -1439.2311
4148 -1457.7941
4149 -1440.0194
4150 -1455.0197
4151 -1450.9043
4152 -1425.0075
4153 -1462.2668
4154 -1461.3433
4155 -1462.2761
4156 -1461.3124
4157 -1446.2704
4158 -1454.9214
4159 -1463.2201
4160 -1451.5207
4161 -1436.8886
4162 -1460.5933
4163 -1439.2275
4164 -1459.7507
4165 -1458.8794
4166 -1428.0068
4167 -1398.5499
4168 -1459.5948
4169 -1454.2912
4170 -1447.2437
4171 -1456.0603
4172 -1459.6814
4173 -1460.4333
4174 -1443.6111
4175 -1451.8549
4176 -1452.5621
4177 -1456.0566
4178 -1420.8364
4179 -1428.7483
4180 -1445.4064
4181 -1455.5246
4182 -1452.5078
4183 -1462.6091
4184 -1447.3192
4185 -1461.7238
4186 -1461.6623
4187 -1456.8734
4188 -1454.0509
4189 -1448.5956
4190 -1454.6365
4191 -1447.9101
4192 -1451.935
4193 -1437.4619
4194 -1449.2078
4195 -1459.323
4196 -1453.2388
4197 -1445.9274
4198 -1460.0414
4199 -1448.8969
4200 -1457.1933
4201 -1458.1378
4202 -1460.3302
4203 -1460.7434
4204 -1456.1038
4205 -1453.3698
4206 -1461.8744
4207 -1441.9564
4208 -1462.4317
4209 -1454.6494
4210 -1456.4209
4211 -1461.4165
4212 -1457.8661
4213 -1458.5709
4214 -1457.3574
4215 -1460.5814
4216 -1440.8157
4217 -1458.5595
4218 -1455.4525
4219 -1448.5164
4220 -1446.5908
4221 -1437.2967
4222 -1408.0409
4223 -1459.722
4224 -1456.5842
4225 -1462.5899
4226 -1459.0402
4227 -1457.3379
4228 -1461.5843
4229 -1462.7975
4230 -1462.967
4231 -1449.3534
4232 -1399.0065
4233 -1457.9376
4234 -1427.088
4235 -1445.4811
4236 -1463.5091
4237 -1459.7158
4238 -1461.4382
4239 -1455.7549
4240 -1461.6538
4241 -1452.9501
4242 -1433.3631
4243 -1440.9037
4244 -1425.8098
4245 -1450.0743
4246 -1461.3311
4247 -1437.4915
4248 -1455.485
4249 -1459.7661
4250 -1461.0542
4251 -1452.6984
4252 -1454.1342
4253 -1432.0898
4254 -1432.5998
4255 -1451.1506
4256 -1460.4993
4257 -1457.1711
4258 -1454.8947
4259 -1440.9638
4260 -1457.8198
4261 -1434.9276
4262 -1461.7098
4263 -1454.1941
4264 -1432.0214
4265 -1453.8089
4266 -1458.922
4267 -1459.9556
4268 -1452.4043
4269 -1453.9372
4270 -1394.5586
4271 -1434.8851
4272 -1462.6743
4273 -1460.1937
4274 -1460.7266
4275 -1428.777
4276 -1450.7824
4277 -1453.603
4278 -1445.6542
4279 -1462.3733
4280 -1430.3884
4281 -1459.4657
4282 -1434.2027
4283 -1462.2999
4284 -1407.9809
4285 -1414.1623
4286 -1441.3849
4287 -1450.822
4288 -1457.7751
4289 -1456.8252
4290 -1455.0745
4291 -1443.0866
4292 -1462.5123
4293 -1459.7242
4294 -1447.283
4295 -1461.8995
4296 -1454.0466
4297 -1452.4799
4298 -1457.9155
4299 -1449.8405
4300 -1460.6839
4301 -1462.4381
4302 -1457.7673
4303 -1401.9564
4304 -1439.4761
4305 -1461.4929
4306 -1432.0518
4307 -1434.9024
4308 -1462.2449
4309 -1459.9756
4310 -1458.9245
4311 -1459.6735
4312 -1441.6998
4313 -1454.9983
4314 -1458.3478
4315 -1460.5084
4316 -1453.8121
4317 -1457.5152
4318 -1462.5938
4319 -1453.6049
4320 -1453.3701
4321 -1460.5286
4322 -1460.2752
4323 -1452.4977
4324 -1415.4298
4325 -1448.7909
4326 -1462.085
4327 -1454.2745
4328 -1433.0376
4329 -1458.1049
4330 -1438.3951
4331 -1447.7787
4332 -1380.3337
4333 -1458.4354
4334 -1454.384
4335 -1445.4074
4336 -1460.5243
4337 -1445.4258
4338 -1429.3402
4339 -1462.3177
4340 -1454.1831
4341 -1456.1292
4342 -1452.235
4343 -1463.3184
4344 -1460.5054
4345 -1439.5096
4346 -1444.7416
4347 -1459.7532
4348 -1434.7596
4349 -1442.1805
4350 -1409.1483
4351 -1462.932
4352 -1442.9896
4353 -1461.0657
4354 -1456.9636
4355 -1460.9854
4356 -1454.5648
4357 -1450.4186
4358 -1448.6551
4359 -1431.9995
4360 -1452.6209
4361 -1379.5549
4362 -1450.3989
4363 -1463.09
4364 -1445.6085
4365 -1459.7148
4366 -1408.131
4367 -1435.1219
4368 -1415.2523
4369 -1441.1184
4370 -1450.0496
4371 -1458.7044
4372 -1461.2579
4373 -1445.2567
4374 -1424.3602
4375 -1456.4428
4376 -1458.4868
4377 -1456.7601
4378 -1433.6783
4379 -1441.6266
4380 -1445.2475
4381 -1462.0393
4382 -1449.538
4383 -1434.6854
4384 -1453.4684
4385 -1458.5787
4386 -1452.1817
4387 -1439.4861
4388 -1462.7717
4389 -1448.9965
4390 -1451.346
4391 -1452.3085
4392 -1444.0238
4393 -1457.7597
4394 -1455.5651
4395 -1462.658
4396 -1427.2838
4397 -1458.5205
4398 -1464.2101
4399 -1460.9382
4400 -1424.5365
4401 -1450.1562
4402 -1463.9868
4403 -1447.9525
4404 -1461.6129
4405 -1431.701
4406 -1449.5146
4407 -1448.1344
4408 -1449.0099
4409 -1452.6917
4410 -1440.1414
4411 -1446.6922
4412 -1460.6439
4413 -1451.7213
4414 -1450.0236
4415 -1455.5578
4416 -1454.2869
4417 -1459.9982
4418 -1463.7699
4419 -1457.9142
4420 -1423.8993
4421 -1434.3533
4422 -1458.2363
4423 -1461.9046
4424 -1458.8014
4425 -1438.5556
4426 -1462.4703
4427 -1461.6692
4428 -1458.5485
4429 -1456.0614
4430 -1447.946
4431 -1455.776
4432 -1397.0331
4433 -1430.1513
4434 -1423.2458
4435 -1444.105
4436 -1463.8271
4437 -1464.0492
4438 -1445.8
4439 -1462.857
4440 -1453.6356
4441 -1457.4922
4442 -1433.7228
4443 -1459.6653
4444 -1437.4732
4445 -1437.0334
4446 -1445.7842
4447 -1456.7451
4448 -1439.8805
4449 -1450.1145
4450 -1456.7764
4451 -1426.6608
4452 -1461.565
4453 -1457.7543
4454 -1446.472
4455 -1446.4811
4456 -1439.8349
4457 -1438.243
4458 -1464.2772
4459 -1463.6648
4460 -1450.9761
4461 -1461.3263
4462 -1408.4976
4463 -1457.9864
4464 -1429.2771
4465 -1457.0835
4466 -1448.8976
4467 -1463.3079
4468 -1453.2511
4469 -1403.7444
4470 -1456.0654
4471 -1463.0836
4472 -1460.4118
4473 -1454.9972
4474 -1448.6173
4475 -1453.708
4476 -1448.3505
4477 -1462.4338
4478 -1460.1226
4479 -1417.466
4480 -1453.6198
4481 -1445.7558
4482 -1443.4455
4483 -1449.371
4484 -1446.4924
4485 -1453.7079
4486 -1424.0057
4487 -1446.0956
4488 -1438.987
4489 -1464.2582
4490 -1454.9322
4491 -1451.1186
4492 -1423.217
4493 -1460.4608
4494 -1408.9796
4495 -1458.2373
4496 -1451.6289
4497 -1459.0975
4498 -1461.2403
4499 -1455.9072
4500 -1441.047
4501 -1462.2833
4502 -1454.8792
4503 -1461.6808
4504 -1447.392
4505 -1426.1508
4506 -1429.2402
4507 -1456.3947
4508 -1462.8603
4509 -1439.5539
4510 -1416.1975
4511 -1457.873
4512 -1437.1958
4513 -1420.7226
4514 -1454.4499
4515 -1442.8586
4516 -1463.0039
4517 -1418.8498
4518 -1444.3034
4519 -1430.4337
4520 -1448.7052
4521 -1461.3202
4522 -1455.0505
4523 -1456.1321
4524 -1457.4517
4525 -1445.3936
4526 -1459.1837
4527 -1438.4803
4528 -1401.8172
4529 -1429.9345
4530 -1450.8691
4531 -1464.4969
4532 -1441.0681
4533 -1420.1744
4534 -1441.866
4535 -1463.0359
4536 -1433.3326
4537 -1463.9787
4538 -1444.0474
4539 -1463.3177
4540 -1449.948
4541 -1441.0989
4542 -1461.5589
4543 -1452.5757
4544 -1447.0748
4545 -1436.4999
4546 -1463.8883
4547 -1373.6297
4548 -1453.959
4549 -1461.9303
4550 -1463.1378
4551 -1433.0051
4552 -1432.7283
4553 -1462.5125
4554 -1464.2316
4555 -1457.5053
4556 -1459.9871
4557 -1456.9433
4558 -1447.428
4559 -1422.9943
4560 -1455.8563
4561 -1396.7005
4562 -1457.4422
4563 -1462.8123
4564 -1453.2186
4565 -1431.3056
4566 -1464.2128
4567 -1462.3872
4568 -1449.015
4569 -1459.4441
4570 -1464.2495
4571 -1440.8843
4572 -1455.4282
4573 -1457.0981
4574 -1459.4433
4575 -1464.4032
4576 -1394.3769
4577 -1458.4047
4578 -1459.81
4579 -1450.4885
4580 -1435.3014
4581 -1448.2404
4582 -1455.8074
4583 -1457.1348
4584 -1441.3697
4585 -1451.7929
4586 -1459.803
4587 -1461.8385
4588 -1459.5254
4589 -1422.734
4590 -1434.5517
4591 -1441.0208
4592 -1450.7917
4593 -1460.0311
4594 -1423.4815
4595 -1439.5087
4596 -1452.9846
4597 -1459.1979
4598 -1454.8133
4599 -1461.6031
4600 -1427.1826
4601 -1461.9931
4602 -1441.0122
4603 -1456.8808
4604 -1409.3032
4605 -1440.8967
4606 -1437.5902
4607 -1449.1966
4608 -1456.4397
4609 -1458.5183
4610 -1403.0486
4611 -1440.1732
4612 -1460.2395
4613 -1454.613
4614 -1451.1792
4615 -1457.1426
4616 -1464.9169
4617 -1463.1338
4618 -1454.2373
4619 -1451.7917
4620 -1462.0009
4621 -1457.1539
4622 -1460.5116
4623 -1449.6454
4624 -1457.8724
4625 -1458.7109
4626 -1409.9879
4627 -1434.4022
4628 -1463.5413
4629 -1431.2471
4630 -1432.9257
4631 -1443.3055
4632 -1461.7958
4633 -1444.7592
4634 -1465.2873
4635 -1461.0032
4636 -1460.5499
4637 -1459.1743
4638 -1434.5985
4639 -1449.679
4640 -1457.607
4641 -1458.2844
4642 -1446.7061
4643 -1451.3986
4644 -1452.4558
4645 -1413.0836
4646 -1459.9929
4647 -1463.957
4648 -1461.4806
4649 -1459.4752
4650 -1451.9762
4651 -1438.0906
4652 -1463.188
4653 -1372.4708
4654 -1462.5658
4655 -1440.5597
4656 -1453.7894
4657 -1438.1428
4658 -1453.6903
4659 -1404.5978
4660 -1463.4849
4661 -1463.6701
4662 -1453.0868
4663 -1441.5872
4664 -1441.2647
4665 -1444.0163
4666 -1463.5691
4667 -1464.8647
4668 -1457.4269
4669 -1463.9336
4670 -1458.5798
4671 -1464.1317
4672 -1423.5935
4673 -1435.1746
4674 -1448.9637
4675 -1438.5543
4676 -1441.3861
4677 -1449.4719
4678 -1416.1751
4679 -1461.0823
4680 -1444.373
4681 -1429.4598
4682 -1440.0093
4683 -1464.9297
4684 -1425.0617
4685 -1464.1616
4686 -1463.8851
4687 -1448.595
4688 -1461.8459
4689 -1459.5848
4690 -1457.4048
4691 -1456.8726
4692 -1442.2299
4693 -1458.2996
4694 -1438.4876
4695 -1463.733
4696 -1424.0292
4697 -1454.2833
4698 -1434.2641
4699 -1435.2716
4700 -1453.8692
4701 -1464.9447
4702 -1455.6109
4703 -1455.353
4704 -1442.8429
4705 -1464.1284
4706 -1436.8431
4707 -1451.8664
4708 -1429.6109
4709 -1427.8517
4710 -1416.6751
4711 -1454.6132
4712 -1464.0086
4713 -1459.3483
4714 -1461.2033
4715 -1461.8838
4716 -1462.8423
4717 -1452.6396
4718 -1428.0858
4719 -1453.1162
4720 -1458.6169
4721 -1461.8225
4722 -1464.3952
4723 -1405.5649
4724 -1449.7873
4725 -1419.9403
4726 -1463.2733
4727 -1454.2099
4728 -1398.1357
4729 -1464.8345
4730 -1430.8968
4731 -1456.9225
4732 -1400.0469
4733 -1462.0476
4734 -1459.189
4735 -1404.7229
4736 -1425.6882
4737 -1441.5831
4738 -1447.099
4739 -1418.0363
4740 -1447.0116
4741 -1435.3193
4742 -1410.2655
4743 -1463.0838
4744 -1459.6011
4745 -1444.5752
4746 -1444.717
4747 -1464.0739
4748 -1451.0766
4749 -1454.1783
4750 -1444.8276
4751 -1465.235
4752 -1430.9868
4753 -1458.5866
4754 -1459.4964
4755 -1438.1544
4756 -1459.4515
4757 -1450.6755
4758 -1455.0292
4759 -1449.7191
4760 -1429.2746
4761 -1433.0553
4762 -1420.2278
4763 -1421.7926
4764 -1454.4928
4765 -1448.5683
4766 -1464.5412
4767 -1463.2275
4768 -1452.5521
4769 -1456.4408
4770 -1402.4474
4771 -1446.6763
4772 -1455.2734
4773 -1461.4348
4774 -1456.8364
4775 -1453.6856
4776 -1462.4276
4777 -1438.2883
4778 -1459.065
4779 -1453.5686
4780 -1424.9979
4781 -1462.0359
4782 -1456.2221
4783 -1438.9512
4784 -1455.2749
4785 -1463.1617
4786 -1461.3601
4787 -1462.1613
4788 -1449.9524
4789 -1444.2299
4790 -1424.1975
4791 -1464.247
4792 -1451.0832
4793 -1438.5294
4794 -1458.2758
4795 -1463.6758
4796 -1463.9446
4797 -1456.912
4798 -1456.5751
4799 -1450.5428
4800 -1431.4368
4801 -1450.9429
4802 -1436.6221
4803 -1464.993
4804 -1464.1741
4805 -1461.3075
4806 -1446.6278
4807 -1438.5778
4808 -1457.3453
4809 -1437.3783
4810 -1458.9203
4811 -1439.9287
4812 -1454.5159
4813 -1464.8023
4814 -1452.4296
4815 -1461.0382
4816 -1433.5908
4817 -1454.8967
4818 -1437.0485
4819 -1448.2766
4820 -1446.3893
4821 -1441.6561
4822 -1461.9199
4823 -1463.8114
4824 -1453.0108
4825 -1441.9799
4826 -1456.6771
4827 -1429.6461
4828 -1457.4657
4829 -1418.76
4830 -1462.1599
4831 -1430.9158
4832 -1464.0363
4833 -1445.9092
4834 -1459.2744
4835 -1463.2324
4836 -1463.9572
4837 -1461.2491
4838 -1427.2748
4839 -1448.799
4840 -1447.2014
4841 -1427.4668
4842 -1441.6258
4843 -1455.0422
4844 -1464.2415
4845 -1422.2245
4846 -1461.5696
4847 -1463.7484
4848 -1458.6234
4849 -1464.5067
4850 -1449.7328
4851 -1445.3995
4852 -1396.8192
4853 -1455.6219
4854 -1459.0381
4855 -1461.6561
4856 -1441.1406
4857 -1458.9371
4858 -1449.5002
4859 -1459.6792
4860 -1458.8094
4861 -1445.2899
4862 -1446.0026
4863 -1464.8844
4864 -1460.9162
4865 -1413.3888
4866 -1464.4319
4867 -1461.3627
4868 -1439.7421
4869 -1464.8163
4870 -1446.0719
4871 -1457.6681
4872 -1459.6935
4873 -1439.7467
4874 -1449.9949
4875 -1462.1291
4876 -1450.7481
4877 -1444.5416
4878 -1438.819
4879 -1462.6851
4880 -1463.557
4881 -1455.3509
4882 -1452.0619
4883 -1402.9427
4884 -1461.9303
4885 -1449.9916
4886 -1462.538
4887 -1465.5856
4888 -1415.9932
4889 -1462.2303
4890 -1461.7495
4891 -1411.0895
4892 -1460.2757
4893 -1443.7765
4894 -1462.8488
4895 -1460.2237
4896 -1443.9482
4897 -1430.1863
4898 -1450.9155
4899 -1463.8343
4900 -1465.1499
4901 -1452.9931
4902 -1442.1529
4903 -1464.6546
4904 -1457.7515
4905 -1462.2764
4906 -1451.3949
4907 -1444.186
4908 -1450.2791
4909 -1462.248
4910 -1462.4759
4911 -1450.9891
4912 -1444.2333
4913 -1420.3123
4914 -1450.2688
4915 -1458.3954
4916 -1457.0837
4917 -1462.6544
4918 -1448.5179
4919 -1460.6404
4920 -1461.613
4921 -1425.3262
4922 -1440.0483
4923 -1459.8965
4924 -1451.6659
4925 -1461.3414
4926 -1447.9524
4927 -1448.2462
4928 -1461.016
4929 -1460.3951
4930 -1419.3197
4931 -1459.2997
4932 -1461.6284
4933 -1462.7692
4934 -1436.241
4935 -1414.4006
4936 -1441.1567
4937 -1447.6528
4938 -1452.2842
4939 -1462.6615
4940 -1438.5407
4941 -1455.2901
4942 -1461.9517
4943 -1462.1341
4944 -1442.8924
4945 -1465.7285
4946 -1459.5533
4947 -1465.1502
4948 -1462.0762
4949 -1423.8951
4950 -1384.7095
4951 -1435.9018
4952 -1446.9839
4953 -1462.3321
4954 -1455.5774
4955 -1458.7408
4956 -1442.8945
4957 -1464.2605
4958 -1454.2295
4959 -1447.8122
4960 -1451.6324
4961 -1442.2515
4962 -1457.8442
4963 -1441.5409
4964 -1450.3315
4965 -1433.8905
4966 -1462.1156
4967 -1461.0543
4968 -1429.4656
4969 -1449.2167
4970 -1442.3869
4971 -1458.0753
4972 -1440.814
4973 -1449.3885
4974 -1429.6583
4975 -1451.6413
4976 -1440.1623
4977 -1436.0614
4978 -1457.9006
4979 -1454.3884
4980 -1464.7541
4981 -1455.0995
4982 -1448.735
4983 -1454.682
4984 -1461.2193
4985 -1460.1961
4986 -1462.2583
4987 -1444.8311
4988 -1425.4003
4989 -1425.5056
4990 -1438.4983
4991 -1465.0416
4992 -1460.4928
4993 -1449.9485
4994 -1447.9268
4995 -1442.1918
4996 -1425.9488
4997 -1434.1368
4998 -1453.6608
4999 -1440.2874
5000 -1409.1895
5001 -1437.7654
5002 -1465.031
5003 -1442.4323
5004 -1457.3484
5005 -1460.3484
5006 -1427.4345
5007 -1448.0013
5008 -1437.7592
5009 -1448.5465
5010 -1456.9621
5011 -1457.1019
5012 -1466.0809
5013 -1418.1227
5014 -1465.3604
5015 -1462.7499
5016 -1438.5549
5017 -1452.6778
5018 -1424.5743
5019 -1434.9945
5020 -1462.116
5021 -1453.657
5022 -1443.5351
5023 -1459.0697
5024 -1465.5903
5025 -1448.6649
5026 -1450.3701
5027 -1431.1106
5028 -1455.3041
5029 -1458.041
5030 -1461.8159
5031 -1454.5706
5032 -1464.5152
5033 -1442.1135
5034 -1455.9264
5035 -1445.7861
5036 -1442.387
5037 -1451.1827
5038 -1427.0787
5039 -1453.3641
5040 -1439.6942
5041 -1464.6536
5042 -1465.9132
5043 -1465.3012
5044 -1461.6682
5045 -1464.8285
5046 -1431.5493
5047 -1453.5285
5048 -1433.0921
5049 -1462.1065
5050 -1455.7665
5051 -1443.8322
5052 -1451.8645
5053 -1451.1221
5054 -1457.4842
5055 -1442.0193
5056 -1462.8802
5057 -1460.5319
5058 -1457.8059
5059 -1434.1414
5060 -1465.4482
5061 -1464.9556
5062 -1455.3043
5063 -1450.6264
5064 -1450.757
5065 -1460.8023
5066 -1466.1987
5067 -1456.5643
5068 -1458.0596
5069 -1453.8051
5070 -1447.1204
5071 -1457.8839
5072 -1463.3717
5073 -1450.1714
5074 -1459.9864
5075 -1461.7404
5076 -1463.5631
5077 -1449.1414
5078 -1452.641
5079 -1456.6096
5080 -1447.4293
5081 -1422.3219
5082 -1414.6367
5083 -1431.5746
5084 -1447.1319
5085 -1462.6813
5086 -1453.1903
5087 -1460.8289
5088 -1466.4806
5089 -1458.3592
5090 -1454.7693
5091 -1446.2881
5092 -1465.1165
5093 -1462.8939
5094 -1423.6935
5095 -1462.8128
5096 -1464.2663
5097 -1455.4099
5098 -1460.9947
5099 -1460.5897
5100 -1455.8058
5101 -1462.5986
5102 -1455.2326
5103 -1462.8349
5104 -1450.4627
5105 -1416.3467
5106 -1423.7656
5107 -1464.632
5108 -1427.6593
5109 -1459.5867
5110 -1464.6767
5111 -1437.497
5112 -1445.9089
5113 -1436.5249
5114 -1423.3144
5115 -1424.7172
5116 -1447.7893
5117 -1465.1992
5118 -1466.187
5119 -1456.5211
5120 -1458.7858
5121 -1465.2537
5122 -1465.0138
5123 -1447.0538
5124 -1433.6477
5125 -1461.4848
5126 -1437.753
5127 -1455.6533
5128 -1447.4348
5129 -1454.5183
5130 -1463.7141
5131 -1463.6228
5132 -1439.2233
5133 -1447.6644
5134 -1444.0665
5135 -1461.6934
5136 -1429.4648
5137 -1449.4628
5138 -1457.9271
5139 -1449.6176
5140 -1434.8915
5141 -1442.1376
5142 -1461.4491
5143 -1462.7545
5144 -1451.7836
5145 -1463.1398
5146 -1466.5458
5147 -1456.0678
5148 -1443.3937
5149 -1449.6433
5150 -1462.7635
5151 -1451.3091
5152 -1463.7234
5153 -1450.6926
5154 -1465.2889
5155 -1446.6438
5156 -1462.364
5157 -1445.3774
5158 -1454.9619
5159 -1458.8432
5160 -1462.6602
5161 -1435.7303
5162 -1465.7998
5163 -1448.1323
5164 -1460.1444
5165 -1460.8383
5166 -1454.1129
5167 -1464.5485
5168 -1460.1231
5169 -1430.6798
5170 -1408.2218
5171 -1463.7679
5172 -1390.1379
5173 -1465.3833
5174 -1466.1315
5175 -1436.1577
5176 -1456.7696
5177 -1451.801
5178 -1463.307
5179 -1466.3887
5180 -1441.4463
5181 -1448.7091
5182 -1465.8741
5183 -1447.2265
5184 -1447.079
5185 -1466.1076
5186 -1441.1817
5187 -1432.8831
5188 -1450.4664
5189 -1446.0803
5190 -1433.0588
5191 -1462.4043
5192 -1414.9175
5193 -1457.5445
5194 -1454.9391
5195 -1456.808
5196 -1463.2605
5197 -1428.9064
5198 -1463.1959
5199 -1423.68
5200 -1449.7963
5201 -1400.337
5202 -1466.2519
5203 -1418.2105
5204 -1426.1305
5205 -1433.2077
5206 -1465.1835
5207 -1449.3153
5208 -1454.5029
5209 -1464.6145
5210 -1435.2228
5211 -1464.7143
5212 -1450.1346
5213 -1464.3719
5214 -1444.1019
5215 -1456.1816
5216 -1465.8916
5217 -1454.2317
5218 -1457.8175
5219 -1459.0026
5220 -1465.3521
5221 -1458.2721
5222 -1446.6248
5223 -1463.1002
5224 -1454.3771
5225 -1454.8823
5226 -1461.6803
5227 -1455.6643
5228 -1458.8201
5229 -1457.692
5230 -1426.7641
5231 -1460.6203
5232 -1465.3696
5233 -1463.0425
5234 -1455.3051
5235 -1452.2368
5236 -1464.9987
5237 -1464.8076
5238 -1438.2669
5239 -1448.9469
5240 -1451.9735
5241 -1422.3004
5242 -1440.7981
5243 -1465.9315
5244 -1463.9968
5245 -1441.9224
5246 -1444.8258
5247 -1466.5466
5248 -1462.8637
5249 -1451.2011
5250 -1461.2856
5251 -1453.6786
5252 -1465.9084
5253 -1461.3937
5254 -1439.5952
5255 -1463.0671
5256 -1443.4898
5257 -1413.6308
5258 -1461.8375
5259 -1466.0774
5260 -1454.9377
5261 -1461.1692
5262 -1446.6602
5263 -1464.9644
5264 -1443.896
5265 -1458.6824
5266 -1459.4507
5267 -1457.5008
5268 -1441.4216
5269 -1454.1794
5270 -1437.3221
5271 -1437.739
5272 -1460.6571
5273 -1455.9682
5274 -1449.5163
5275 -1460.6344
5276 -1445.4432
5277 -1463.4123
5278 -1433.4303
5279 -1436.111
5280 -1452.3215
5281 -1429.4867
5282 -1465.0851
5283 -1456.8911
5284 -1441.8099
5285 -1457.4474
5286 -1458.6435
5287 -1444.7638
5288 -1437.3294
5289 -1449.8129
5290 -1450.4525
5291 -1466.4447
5292 -1466.2045
5293 -1465.5919
5294 -1412.3371
5295 -1419.7263
5296 -1440.4568
5297 -1413.0295
5298 -1432.1438
5299 -1466.3546
5300 -1446.8994
5301 -1434.3094
5302 -1461.1485
5303 -1450.8576
5304 -1460.7981
5305 -1448.6285
5306 -1428.672
5307 -1397.4006
5308 -1461.6314
5309 -1460.5839
5310 -1464.7695
5311 -1452.0827
5312 -1466.0185
5313 -1446.5523
5314 -1457.5924
5315 -1463.0794
5316 -1464.6477
5317 -1466.3446
5318 -1445.5905
5319 -1449.097
5320 -1457.3747
5321 -1457.4815
5322 -1436.9091
5323 -1458.184
5324 -1435.9798
5325 -1464.3963
5326 -1450.4248
5327 -1462.6743
5328 -1457.7086
5329 -1447.63
5330 -1428.4323
5331 -1454.1014
5332 -1455.6413
5333 -1465.7089
5334 -1438.8398
5335 -1460.1862
5336 -1466.2261
5337 -1458.571
5338 -1460.195
5339 -1459.5775
5340 -1459.071
5341 -1444.4592
5342 -1447.3922
5343 -1463.9773
5344 -1460.7015
5345 -1465.3618
5346 -1464.4532
5347 -1439.5425
5348 -1459.706
5349 -1454.5434
5350 -1460.2463
5351 -1445.996
5352 -1465.0559
5353 -1420.9659
5354 -1433.6579
5355 -1431.9985
5356 -1442.1781
5357 -1454.3546
5358 -1463.4933
5359 -1440.302
5360 -1444.8569
5361 -1455.6252
5362 -1449.8123
5363 -1461.6921
5364 -1463.9971
5365 -1430.2117
5366 -1465.6237
5367 -1444.1445
5368 -1447.4013
5369 -1457.2996
5370 -1460.1932
5371 -1453.7018
5372 -1452.5983
5373 -1438.3261
5374 -1446.1581
5375 -1460.537
5376 -1447.6782
5377 -1444.8008
5378 -1462.0806
5379 -1462.8478
5380 -1456.0143
5381 -1433.4936
5382 -1436.6434
5383 -1452.2842
5384 -1433.3209
5385 -1462.1596
5386 -1458.9834
5387 -1454.6554
5388 -1456.506
5389 -1444.7834
5390 -1456.8481
5391 -1447.6582
5392 -1448.4431
5393 -1459.3699
5394 -1450.0877
5395 -1442.6042
5396 -1433.8639
5397 -1450.546
5398 -1451.8281
5399 -1430.1821
5400 -1453.3233
5401 -1417.4517
5402 -1444.9178
5403 -1454.7558
5404 -1451.9555
5405 -1460.6746
5406 -1461.0798
5407 -1452.1027
5408 -1453.2478
5409 -1459.1127
5410 -1428.3983
5411 -1463.5178
5412 -1463.6786
5413 -1447.4392
5414 -1464.316
5415 -1464.7482
5416 -1462.439
5417 -1455.8558
5418 -1457.1584
5419 -1458.2921
5420 -1458.6848
5421 -1450.8264
5422 -1463.772
5423 -1447.9857
5424 -1451.5138
5425 -1466.2892
5426 -1462.5142
5427 -1464.0145
5428 -1465.8101
5429 -1459.3751
5430 -1448.3348
5431 -1459.7363
5432 -1464.3948
5433 -1458.2239
5434 -1453.8221
5435 -1440.6409
5436 -1455.3153
5437 -1450.9139
5438 -1465.2005
5439 -1404.2725
5440 -1455.7067
5441 -1452.4029
5442 -1441.1515
5443 -1448.3614
5444 -1443.4964
5445 -1405.6095
5446 -1440.1622
5447 -1445.5502
5448 -1462.2277
5449 -1465.7691
5450 -1413.1187
5451 -1464.851
5452 -1456.4855
5453 -1466.5084
5454 -1455.8056
5455 -1450.0707
5456 -1446.8752
5457 -1464.9451
5458 -1466.4136
5459 -1460.9087
5460 -1458.2334
5461 -1464.606
5462 -1464.9622
5463 -1442.5524
5464 -1461.8571
5465 -1451.8431
5466 -1455.291
5467 -1462.1377
5468 -1454.3508
5469 -1407.2498
5470 -1457.188
5471 -1457.2009
5472 -1458.1119
5473 -1421.6524
5474 -1433.2338
5475 -1444.6771
5476 -1456.6656
5477 -1452.3088
5478 -1465.5445
5479 -1454.9563
5480 -1462.7584
5481 -1450.2054
5482 -1453.7324
5483 -1452.6507
5484 -1466.3009
5485 -1456.9005
5486 -1456.9472
5487 -1408.1302
5488 -1454.1363
5489 -1457.9045
5490 -1442.9081
5491 -1466.2765
5492 -1461.7251
5493 -1446.0092
5494 -1459.154
5495 -1428.6799
5496 -1463.8984
5497 -1418.7994
5498 -1436.6611
5499 -1462.0548
5500 -1448.2965
5501 -1441.3686
5502 -1444.3233
5503 -1433.2148
5504 -1452.2723
5505 -1455.9903
5506 -1463.6168
5507 -1438.1843
5508 -1456.3066
5509 -1458.2214
5510 -1463.3344
5511 -1444.8999
5512 -1458.5065
5513 -1457.6237
5514 -1454.0562
5515 -1460.7379
5516 -1465.6528
5517 -1458.7337
5518 -1459.3703
5519 -1429.7582
5520 -1464.7546
5521 -1464.9189
5522 -1411.2194
5523 -1458.624
5524 -1460.4423
5525 -1463.5955
5526 -1463.8823
5527 -1450.6619
5528 -1431.9954
5529 -1460.1144
5530 -1454.2656
5531 -1425.5782
5532 -1456.7673
5533 -1422.4591
5534 -1414.8145
5535 -1461.9053
5536 -1448.8398
5537 -1459.7824
5538 -1455.19
5539 -1455.3417
5540 -1434.8059
5541 -1440.3236
5542 -1466.2329
5543 -1436.7627
5544 -1461.022
5545 -1447.4562
5546 -1466.134
5547 -1464.5174
5548 -1431.8196
5549 -1432.0419
5550 -1466.6673
5551 -1460.6226
5552 -1465.6672
5553 -1446.7083
5554 -1465.9996
5555 -1435.8986
5556 -1438.2375
5557 -1444.9019
5558 -1463.7644
5559 -1454.1333
5560 -1457.3257
5561 -1455.6906
5562 -1437.7749
5563 -1435.3659
5564 -1462.2935
5565 -1464.1671
5566 -1462.7082
5567 -1464.5276
5568 -1463.7393
5569 -1439.42
5570 -1433.8401
5571 -1453.5249
5572 -1463.2792
5573 -1466.5972
5574 -1457.1173
5575 -1455.5716
5576 -1447.2799
5577 -1455.0637
5578 -1449.5699
5579 -1450.8966
5580 -1463.3429
5581 -1443.945
5582 -1462.1977
5583 -1399.741
5584 -1436.5507
5585 -1466.136
5586 -1430.3018
5587 -1458.1571
5588 -1465.7678
5589 -1425.1156
5590 -1445.5176
5591 -1427.4059
5592 -1429.7152
5593 -1456.8523
5594 -1456.9856
5595 -1435.2838
5596 -1459.1678
5597 -1464.7108
5598 -1454.8478
5599 -1466.1139
5600 -1449.4848
5601 -1448.7821
5602 -1447.9586
5603 -1464.7565
5604 -1454.5714
5605 -1440.9765
5606 -1408.3569
5607 -1452.3778
5608 -1459.1054
5609 -1459.6046
5610 -1460.8075
5611 -1439.4465
5612 -1442.2664
5613 -1461.3038
5614 -1464.3755
5615 -1451.699
5616 -1458.2688
5617 -1448.8016
5618 -1449.4386
5619 -1455.6647
5620 -1453.9872
5621 -1465.8927
5622 -1465.9148
5623 -1461.9599
5624 -1465.7847
5625 -1434.3471
5626 -1465.1998
5627 -1434.5272
5628 -1458.272
5629 -1430.7095
5630 -1465.1145
5631 -1464.1559
5632 -1443.4042
5633 -1464.1919
5634 -1465.4978
5635 -1458.2065
5636 -1465.0922
5637 -1447.7301
5638 -1433.8764
5639 -1432.7101
5640 -1460.1617
5641 -1466.8246
5642 -1442.1785
5643 -1466.8365
5644 -1452.5489
5645 -1465.7223
5646 -1463.7198
5647 -1455.3812
5648 -1457.7331
5649 -1445.4313
5650 -1454.0441
5651 -1440.6345
5652 -1433.2425
5653 -1445.4306
5654 -1460.0594
5655 -1438.7933
5656 -1421.0622
5657 -1414.2915
5658 -1461.2556
5659 -1460.3985
5660 -1440.0404
5661 -1457.0211
5662 -1437.7207
5663 -1457.4712
5664 -1465.5339
5665 -1403.3227
5666 -1410.4874
5667 -1460.3791
5668 -1435.7059
5669 -1459.5299
5670 -1462.7636
5671 -1454.2088
5672 -1459.7293
5673 -1454.1952
5674 -1458.5955
5675 -1445.1945
5676 -1424.2273
5677 -1449.6634
5678 -1428.4601
5679 -1456.1902
5680 -1465.828
5681 -1455.989
5682 -1461.9507
5683 -1440.915
5684 -1410.7068
5685 -1454.8925
5686 -1451.6446
5687 -1435.7217
5688 -1449.3384
5689 -1456.0621
5690 -1443.1517
5691 -1436.2005
5692 -1461.3582
5693 -1448.861
5694 -1420.6955
5695 -1464.9868
5696 -1462.8249
5697 -1418.5696
5698 -1437.9779
5699 -1460.2773
5700 -1432.743
5701 -1416.4332
5702 -1456.7211
5703 -1460.0359
5704 -1441.1342
5705 -1459.7278
5706 -1465.9634
5707 -1444.0074
5708 -1465.174
5709 -1460.6087
5710 -1464.5308
5711 -1418.8107
5712 -1455.7445
5713 -1464.7931
5714 -1431.4761
5715 -1435.6523
5716 -1453.3475
5717 -1453.765
5718 -1446.1728
5719 -1461.7421
5720 -1444.1803
5721 -1462.1586
5722 -1439.9783
5723 -1454.1472
5724 -1467.0658
5725 -1464.5191
5726 -1447.8375
5727 -1464.2822
5728 -1464.9143
5729 -1455.8609
5730 -1430.9037
5731 -1436.8093
5732 -1458.1492
5733 -1450.7467
5734 -1467.0319
5735 -1444.1346
5736 -1455.7449
5737 -1463.3014
5738 -1394.0222
5739 -1451.7998
5740 -1438.7146
5741 -1428.5909
5742 -1460.5245
5743 -1458.2422
5744 -1432.5359
5745 -1455.9953
5746 -1432.0264
5747 -1465.6323
5748 -1450.7071
5749 -1437.3931
5750 -1435.3118
5751 -1457.3592
5752 -1450.9355
5753 -1440.0164
5754 -1464.0486
5755 -1464.7209
5756 -1439.8155
5757 -1465.9287
5758 -1462.4648
5759 -1446.867
5760 -1454.7681
5761 -1447.2476
5762 -1460.0919
5763 -1464.8788
5764 -1444.7286
5765 -1461.4924
5766 -1431.3608
5767 -1443.9566
5768 -1443.6135
5769 -1466.4853
5770 -1451.9798
5771 -1443.1304
5772 -1435.9193
5773 -1436.1914
5774 -1460.3861
5775 -1456.2095
5776 -1448.8667
5777 -1456.9977
5778 -1460.4193
5779 -1455.768
5780 -1415.2088
5781 -1465.6461
5782 -1460.3297
5783 -1458.4104
5784 -1460.5807
5785 -1439.8101
5786 -1458.5236
5787 -1464.2883
5788 -1466.1661
5789 -1465.2087
5790 -1417.5482
5791 -1446.575
5792 -1464.475
5793 -1445.5414
5794 -1458.5208
5795 -1463.1836
5796 -1466.9868
5797 -1447.8485
5798 -1434.387
5799 -1444.7444
5800 -1444.8933
5801 -1458.8074
5802 -1461.3852
5803 -1462.8448
5804 -1388.8529
5805 -1449.4355
5806 -1445.2124
5807 -1434.377
5808 -1465.0862
5809 -1467.668
5810 -1436.5872
5811 -1465.6494
5812 -1455.0121
5813 -1464.0977
5814 -1446.5053
5815 -1465.6426
5816 -1460.5741
5817 -1467.0346
5818 -1458.5119
5819 -1449.4333
5820 -1464.5615
5821 -1465.0558
5822 -1462.2018
5823 -1463.1726
5824 -1406.5621
5825 -1377.1264
5826 -1445.6498
5827 -1459.5232
5828 -1437.4819
5829 -1460.0231
5830 -1457.545
5831 -1461.1222
5832 -1446.3315
5833 -1424.502
5834 -1447.5155
5835 -1465.131
5836 -1452.4069
5837 -1452.5654
5838 -1456.5516
5839 -1441.5836
5840 -1464.764
5841 -1464.757
5842 -1462.2118
5843 -1436.6069
5844 -1466.286
5845 -1456.969
5846 -1462.3857
5847 -1449.7854
5848 -1464.1722
5849 -1454.4156
5850 -1454.5451
5851 -1433.8457
5852 -1460.0089
5853 -1437.9673
5854 -1435.9583
5855 -1437.4292
5856 -1453.8891
5857 -1465.7734
5858 -1447.0003
5859 -1453.1176
5860 -1450.4243
5861 -1392.8801
5862 -1433.1625
5863 -1450.4271
5864 -1453.7125
5865 -1458.479
5866 -1455.8828
5867 -1454.3788
5868 -1442.5644
5869 -1462.5073
5870 -1450.6662
5871 -1457.156
5872 -1466.956
5873 -1462.8235
5874 -1449.6762
5875 -1458.3858
5876 -1439.3359
5877 -1467.3616
5878 -1445.4914
5879 -1446.6967
5880 -1455.3384
5881 -1463.395
5882 -1454.0897
5883 -1458.0691
5884 -1467.0785
5885 -1463.2445
5886 -1460.2496
5887 -1424.5281
5888 -1458.892
5889 -1461.8278
5890 -1449.1716
5891 -1465.9067
5892 -1453.7216
5893 -1460.0391
5894 -1451.4682
5895 -1463.4901
5896 -1450.9415
5897 -1459.4999
5898 -1464.3077
5899 -1460.6819
5900 -1466.056
5901 -1458.9432
5902 -1454.3648
5903 -1445.9076
5904 -1418.2633
5905 -1465.309
5906 -1456.9189
5907 -1452.2576
5908 -1458.187
5909 -1463.554
5910 -1449.6113
5911 -1454.3327
5912 -1437.8221
5913 -1456.4105
5914 -1459.9023
5915 -1443.1157
5916 -1454.4263
5917 -1461.1043
5918 -1465.6533
5919 -1466.7457
5920 -1467.6541
5921 -1445.902
5922 -1455.1559
5923 -1447.014
5924 -1457.2299
5925 -1466.3695
5926 -1444.4383
5927 -1466.5404
5928 -1449.1788
5929 -1461.0831
5930 -1450.5767
5931 -1427.6704
5932 -1464.6121
5933 -1450.2608
5934 -1410.9301
5935 -1448.4486
5936 -1436.6781
5937 -1457.4321
5938 -1446.2731
5939 -1451.9872
5940 -1467.2343
5941 -1465.7684
5942 -1446.9034
5943 -1453.9074
5944 -1448.3669
5945 -1450.9385
5946 -1464.3398
5947 -1452.2742
5948 -1443.6452
5949 -1467.2311
5950 -1459.0559
5951 -1451.5271
5952 -1465.613
5953 -1460.5519
5954 -1452.735
5955 -1466.039
5956 -1452.0786
5957 -1455.8964
5958 -1454.0638
5959 -1465.6348
5960 -1453.5257
5961 -1449.1464
5962 -1462.5526
5963 -1467.5533
5964 -1448.8202
5965 -1451.3624
5966 -1462.7309
5967 -1454.4174
5968 -1465.9084
5969 -1444.7511
5970 -1436.6952
5971 -1459.176
5972 -1467.5229
5973 -1424.0723
5974 -1408.9356
5975 -1467.0486
5976 -1466.9962
5977 -1452.6103
5978 -1424.7063
5979 -1465.3701
5980 -1430.4808
5981 -1440.4372
5982 -1427.6492
5983 -1467.1318
5984 -1466.132
5985 -1458.8007
5986 -1429.5773
5987 -1434.5718
5988 -1462.4776
5989 -1464.1745
5990 -1445.8739
5991 -1435.7406
5992 -1445.3915
5993 -1454.2196
5994 -1449.5376
5995 -1456.921
5996 -1444.7058
5997 -1454.0465
5998 -1422.0626
5999 -1465.9425
6000 -1409.6475
