501 -1152.8758
502 -1144.2813
503 -1149.947
504 -1123.1447
505 -1141.1888
506 -1151.9041
507 -916.8351
508 -1128.1029
509 -1120.8978
510 -1143.339
511 -1099.9516
512 -913.54593
513 -1007.2023
514 -1122.0829
515 -1136.8581
516 -1101.6886
517 -1137.0472
518 -991.19844
519 -958.13821
520 -1036.2696
521 -1016.3734
522 -1148.056
523 -1146.937
524 -1145.6885
525 -1101.0484
526 -1158.0571
527 -1127.9843
528 -903.48886
529 -1157.8256
530 -1174.6506
531 -1182.3667
532 -1173.1162
533 -1182.7814
534 -1161.5809
535 -1180.7891
536 -1183.499
537 -1182.961
538 -1037.985
539 -1048.1753
540 -1182.4969
541 -1177.1088
542 -1172.5983
543 -1178.4202
544 -1148.6001
545 -1160.3471
546 -1168.942
547 -1186.4215
548 -1189.1692
549 -1127.1635
550 -1164.3413
551 -1143.2745
552 -1120.8248
553 -1186.3623
554 -1192.3265
555 -1186.9654
556 -1003.5985
557 -1171.9211
558 -1043.8557
559 -1038.4277
560 -1196.2264
561 -1148.5902
562 -1194.0181
563 -1131.3094
564 -749.03572
565 -1174.4619
566 -1195.8074
567 -1194.2626
568 -1183.9375
569 -1120.0399
570 -1090.6002
571 -999.08872
572 -1200.2494
573 -1161.8091
574 -1161.1509
575 -1197.8621
576 -1049.0734
577 -1150.4108
578 -1207.9786
579 -1194.7386
580 -1174.7297
581 -1167.5679
582 -1201.336
583 -1218.672
584 -1202.4125
585 -1190.6765
586 -1183.6309
587 -1171.8959
588 -1210.1151
589 -1216.2842
590 -1219.1606
591 -1249.4908
592 -1234.1276
593 -1248.1058
594 -1216.9812
595 -1238.1877
596 -1194.9321
597 -1260.5001
598 -1259.4261
599 -1247.919
600 -962.2029
601 -1208.7136
602 -1260.5908
603 -1257.7111
604 -1126.0734
605 -1263.6126
606 -1264.0785
607 -1258.999
608 -1257.2498
609 -1245.0937
610 -1264.4057
611 -1243.4028
612 -1256.4888
613 -1265.0473
614 -1251.4364
615 -1257.2526
616 -1263.1538
617 -1265.2549
618 -1257.0828
619 -1245.9354
620 -1272.6816
621 -1260.7911
622 -1268.4142
623 -1223.5786
624 -1240.5348
625 -1268.2317
626 -1244.4234
627 -1227.5813
628 -1273.8087
629 -1263.3168
630 -1271.2359
631 -1272.7021
632 -1251.6457
633 -1276.8884
634 -1215.5866
635 -1252.4256
636 -1240.398
637 -1273.8767
638 -1244.7189
639 -1179.3727
640 -1266.792
641 -1231.8595
642 -1177.2801
643 -1221.5924
644 -1269.1757
645 -1258.256
646 -1279.3192
647 -1260.7171
648 -1081.723
649 -1196.9739
650 -1281.7675
651 -1263.35
652 -1255.5003
653 -1278.4386
654 -1275.2347
655 -1003.3991
656 -1278.5038
657 -1214.3337
658 -1249.4355
659 -1268.2719
660 -1282.6574
661 -1257.212
662 -1263.1974
663 -1268.7625
664 -1259.6156
665 -1254.8573
666 -1231.1387
667 -1267.6361
668 -835.74771
669 -1282.8866
670 -1261.4187
671 -1229.0725
672 -1290.8551
673 -1276.2265
674 -1303.9572
675 -1239.357
676 -1293.8739
677 -1296.9408
678 -1315.0176
679 -1314.8603
680 -1254.368
681 -1128.0386
682 -1317.9818
683 -1316.0913
684 -1270.5076
685 -1298.8539
686 -1306.7875
687 -1303.4398
688 -1310.7425
689 -1258.3577
690 -1307.0174
691 -1311.9097
692 -1300.3921
693 -1320.2453
694 -1303.2322
695 -1325.0134
696 -1320.5136
697 -1295.1938
698 -1220.2928
699 -1323.6794
700 -1320.8846
701 -1295.6833
702 -1272.2943
703 -1311.4632
704 -1317.3467
705 -1310.835
706 -1309.0099
707 -1314.3847
708 -1297.5676
709 -1267.8306
710 -1327.327
711 -1309.6583
712 -1225.4006
713 -1323.759
714 -1323.0296
715 -1317.7168
716 -1325.3424
717 -1326.7159
718 -1308.1265
719 -1252.0692
720 -1287.2852
721 -1329.2193
722 -1336.6486
723 -1332.9153
724 -1360.6839
725 -1361.0171
726 -1360.6393
727 -1347.4586
728 -1234.8891
729 -1280.0186
730 -1317.558
731 -1355.9387
732 -1360.214
733 -1347.8713
734 -1287.0605
735 -1358.8284
736 -1338.5504
737 -1351.6994
738 -1270.3865
739 -1328.4026
740 -1356.3368
741 -1322.7917
742 -1359.4508
743 -1342.1577
744 -1333.2279
745 -1342.7299
746 -1362.7554
747 -1354.418
748 -1359.6613
749 -1328.3422
750 -1260.2647
751 -1319.5053
752 -1352.7053
753 -1340.8959
754 -1344.1985
755 -1356.173
756 -1336.2806
757 -1344.0565
758 -1341.2688
759 -1355.8643
760 -1353.3838
761 -1328.3598
762 -1359.0656
763 -1313.2829
764 -1364.0329
765 -1345.1336
766 -1352.6029
767 -1297.4107
768 -1328.1797
769 -1363.0722
770 -1298.0841
771 -1360.2719
772 -1314.792
773 -1329.6893
774 -1299.2025
775 -1325.0044
776 -1351.432
777 -1362.5315
778 -1361.0649
779 -1349.3713
780 -1365.5532
781 -1237.1485
782 -1363.3157
783 -1341.6179
784 -1346.837
785 -1354.2124
786 -1353.8757
787 -1364.9546
788 -1301.006
789 -1366.2462
790 -1351.203
791 -1343.4084
792 -1342.8044
793 -1359.3407
794 -1351.3498
795 -1361.4921
796 -1350.3971
797 -1358.3132
798 -1361.9475
799 -1354.3406
800 -1363.8445
801 -1202.6194
802 -1280.5931
803 -1357.388
804 -1348.264
805 -1361.1462
806 -1352.5654
807 -1352.6229
808 -1366.0004
809 -1336.8442
810 -1355.0552
811 -1364.3948
812 -1274.5436
813 -1364.7737
814 -1349.4565
815 -1363.8488
816 -1346.1742
817 -1365.0667
818 -1361.943
819 -1366.3997
820 -1358.7938
821 -1328.9927
822 -1318.4832
823 -1359.4716
824 -1328.7615
825 -1324.9944
826 -1337.6932
827 -1310.4421
828 -1358.964
829 -1365.2971
830 -1348.7334
831 -1365.0839
832 -1238.8988
833 -1365.7205
834 -1366.9005
835 -1366.0051
836 -1278.2478
837 -1359.6156
838 -1357.8517
839 -1357.3669
840 -1355.6841
841 -1364.9849
842 -1349.641
843 -1341.3358
844 -1363.3427
845 -1348.4356
846 -1343.2758
847 -1344.7047
848 -1362.8626
849 -1363.9088
850 -1347.0342
851 -1359.0059
852 -1362.6584
853 -1351.0797
854 -1348.6183
855 -1355.0486
856 -1347.1153
857 -1367.1208
858 -1340.0243
859 -1353.134
860 -1362.523
861 -1341.0604
862 -1346.1507
863 -1356.1419
864 -1354.3897
865 -1355.4
866 -1319.2477
867 -1070.2577
868 -1350.8175
869 -1363.2334
870 -1225.416
871 -1359.6383
872 -1310.1527
873 -1327.6035
874 -1364.7745
875 -1355.7237
876 -1273.4935
877 -1376.3317
878 -1361.6082
879 -1369.6748
880 -1357.988
881 -1369.7716
882 -1372.9392
883 -1320.2547
884 -1317.2641
885 -1363.0812
886 -1324.933
887 -1377.0152
888 -1376.7502
889 -1373.2045
890 -1377.9023
891 -1377.4608
892 -1349.1631
893 -1376.8988
894 -1365.3398
895 -1372.5411
896 -1372.932
897 -1342.6101
898 -1334.6924
899 -1375.9557
900 -1223.4456
901 -1304.6856
902 -1372.9221
903 -1376.7451
904 -1373.8436
905 -1371.7394
906 -1358.1775
907 -1367.9023
908 -1374.3555
909 -1377.827
910 -1307.5549
911 -1362.0358
912 -1359.5259
913 -1352.9288
914 -1364.6388
915 -1174.9215
916 -1374.7703
917 -1320.0624
918 -1377.782
919 -1287.7599
920 -1377.6634
921 -1375.7985
922 -1374.968
923 -1369.9184
924 -1371.4699
925 -1375.668
926 -1378.4946
927 -1381.3652
928 -1367.2797
929 -1357.89
930 -1318.9603
931 -1377.9764
932 -1315.0559
933 -1375.6814
934 -1377.7435
935 -1321.5036
936 -1360.4016
937 -1381.2293
938 -1349.5004
939 -1380.5593
940 -1237.6815
941 -1345.1813
942 -1381.425
943 -1379.9906
944 -1372.7053
945 -1326.8892
946 -1378.8849
947 -1383.5814
948 -1351.1948
949 -1383.1601
950 -1331.5087
951 -1376.8046
952 -1355.767
953 -1226.2451
954 -1367.5672
955 -1382.1759
956 -1382.471
957 -1383.448
958 -1350.7846
959 -1372.7214
960 -1379.7036
961 -1370.2854
962 -1383.8188
963 -1362.3583
964 -1335.509
965 -1361.8192
966 -1372.4047
967 -1382.6259
968 -1384.2748
969 -1383.7993
970 -1306.5373
971 -1375.5952
972 -1376.8114
973 -1373.8129
974 -1327.7621
975 -1385.2496
976 -1349.3926
977 -1272.4025
978 -1385.3792
979 -1383.8451
980 -1347.0055
981 -1360.0148
982 -1368.2799
983 -1386.9355
984 -1389.1506
985 -1369.0197
986 -1308.5871
987 -1390.1124
988 -1389.9374
989 -1371.1388
990 -1381.3409
991 -1385.6865
992 -1345.9312
993 -1387.658
994 -1345.1018
995 -1245.4808
996 -1301.0272
997 -1388.1501
998 -1357.2601
999 -1380.5465
1000 -1390.7049
1001 -1380.613
1002 -1276.1899
1003 -1388.9186
1004 -1150.1691
1005 -1393.371
1006 -1287.7751
1007 -1391.1657
1008 -1385.9685
1009 -1376.8723
1010 -1356.9734
1011 -1342.4905
1012 -1375.4981
1013 -1364.1155
1014 -1394.5413
1015 -1395.1492
1016 -1370.4519
1017 -1393.1432
1018 -1248.3683
1019 -1345.4891
1020 -1334.2991
1021 -1369.0585
1022 -1385.622
1023 -1344.6426
1024 -1385.4419
1025 -1389.209
1026 -1376.3796
1027 -1390.3151
1028 -1391.4123
1029 -1394.3678
1030 -1388.7445
1031 -1385.4171
1032 -1202.757
1033 -1396.2953
1034 -1384.7818
1035 -1395.0424
1036 -1390.3951
1037 -1356.8996
1038 -1395.7276
1039 -1380.5002
1040 -1325.6291
1041 -1396.0214
1042 -1366.4706
1043 -1391.0087
1044 -1396.1573
1045 -1374.6423
1046 -1386.5485
1047 -1364.1812
1048 -1371.386
1049 -1366.1404
1050 -1367.8037
1051 -1391.6595
1052 -1393.8625
1053 -1388.2282
1054 -1375.8732
1055 -1395.492
1056 -1392.0554
1057 -1362.2422
1058 -1329.9581
1059 -1391.986
1060 -1390.2381
1061 -1314.436
1062 -1389.6528
1063 -1393.7593
1064 -1387.4231
1065 -1362.5814
1066 -1391.9321
1067 -1375.0654
1068 -1344.6672
1069 -1388.7804
1070 -1390.7341
1071 -1390.4005
1072 -1393.8785
1073 -1401.9962
1074 -1387.6196
1075 -1382.1692
1076 -1393.8015
1077 -1365.6211
1078 -1378.9178
1079 -1330.4479
1080 -1399.9732
1081 -1402.4088
1082 -1401.717
1083 -1399.959
1084 -1392.7394
1085 -1387.38
1086 -1361.4362
1087 -1383.4794
1088 -1350.6775
1089 -1384.484
1090 -1328.9151
1091 -1361.5314
1092 -1371.4538
1093 -1391.5762
1094 -1357.0546
1095 -1387.8936
1096 -1392.3651
1097 -1399.8479
1098 -1399.9298
1099 -1364.5652
1100 -1397.8116
1101 -1396.9818
1102 -1359.0007
1103 -1401.3561
1104 -1397.128
1105 -1394.8677
1106 -1377.9374
1107 -1400.9229
1108 -1324.2344
1109 -1374.0001
1110 -1351.6766
1111 -1384.9596
1112 -1345.5743
1113 -1396.5867
1114 -1355.2604
1115 -1377.2527
1116 -1281.6657
1117 -1379.4059
1118 -1403.2481
1119 -1400.8704
1120 -1379.0322
1121 -1402.2168
1122 -1399.9889
1123 -1365.0232
1124 -1366.9967
1125 -1401.6868
1126 -1347.3693
1127 -1398.6531
1128 -1256.669
1129 -1374.9972
1130 -1354.7615
1131 -1344.3135
1132 -1389.3305
1133 -1403.6766
1134 -1379.8981
1135 -1393.73
1136 -1391.9574
1137 -1384.2121
1138 -1394.2283
1139 -1383.3828
1140 -1329.8762
1141 -1379.8675
1142 -1390.6308
1143 -1398.0867
1144 -1400.1126
1145 -1358.483
1146 -1368.226
1147 -1301.7704
1148 -1386.7918
1149 -1368.9324
1150 -1376.7739
1151 -1394.7777
1152 -1360.6945
1153 -1373.5084
1154 -1395.9609
1155 -1377.4009
1156 -1404.86
1157 -1403.8886
1158 -1395.1791
1159 -1400.7521
1160 -1365.2422
1161 -1352.2435
1162 -1262.8723
1163 -1390.3982
1164 -1379.856
1165 -1398.8566
1166 -1396.2025
1167 -1385.4454
1168 -1365.7853
1169 -1384.3766
1170 -1395.4609
1171 -1401.9977
1172 -1352.9826
1173 -1347.9269
1174 -1309.7624
1175 -1407.0772
1176 -1402.3259
1177 -1397.5108
1178 -1386.6482
1179 -1398.0579
1180 -1384.7446
1181 -1347.7824
1182 -1406.4299
1183 -1332.6003
1184 -1404.1177
1185 -1393.716
1186 -1397.1805
1187 -1326.2202
1188 -1349.9515
1189 -1405.9614
1190 -1407.0928
1191 -1409.9998
1192 -1392.1109
1193 -1377.7093
1194 -1398.9467
1195 -1371.8904
1196 -1347.1974
1197 -1348.7335
1198 -1408.89
1199 -1377.3589
1200 -1398.4711
1201 -1402.4554
1202 -1394.9311
1203 -1401.6984
1204 -1396.9235
1205 -1406.699
1206 -1405.7397
1207 -1407.0562
1208 -1333.9546
1209 -1403.7691
1210 -1403.843
1211 -1365.9003
1212 -1384.2794
1213 -1408.9905
1214 -1411.0722
1215 -1323.2091
1216 -1383.4878
1217 -1405.7121
1218 -1405.4477
1219 -1388.4246
1220 -1414.0596
1221 -1405.4862
1222 -1403.1504
1223 -1346.7991
1224 -1385.9917
1225 -1404.8062
1226 -1420.8922
1227 -1405.1671
1228 -1418.4301
1229 -1401.4517
1230 -1419.4605
1231 -1377.5712
1232 -1411.6671
1233 -1419.8836
1234 -1392.3118
1235 -1396.6333
1236 -1420.1341
1237 -1416.7408
1238 -1406.1049
1239 -1418.9085
1240 -1414.3981
1241 -1415.5641
1242 -1390.7327
1243 -1420.6954
1244 -1367.3934
1245 -1420.4659
1246 -1296.4937
1247 -1389.227
1248 -1402.5073
1249 -1350.5211
1250 -1417.5595
1251 -1403.8834
1252 -1403.7445
1253 -1416.9619
1254 -1380.0422
1255 -1384.5434
1256 -1403.1835
1257 -1394.5847
1258 -1392.3603
1259 -1412.6787
1260 -1384.0895
1261 -1408.214
1262 -1342.9431
1263 -1418.8675
1264 -1419.5452
1265 -1414.1004
1266 -1415.8991
1267 -1409.1849
1268 -1420.6975
1269 -1414.7339
1270 -1412.4871
1271 -1345.6294
1272 -1401.3761
1273 -1416.457
1274 -1416.8998
1275 -1383.9654
1276 -1400.9969
1277 -1414.221
1278 -1418.7174
1279 -1420.6099
1280 -1312.3803
1281 -1417.9713
1282 -1388.1759
1283 -1410.1834
1284 -1370.176
1285 -1405.9901
1286 -1415.7797
1287 -1411.1741
1288 -1403.7112
1289 -1405.0763
1290 -1408.3202
1291 -1406.9968
1292 -1406.6586
1293 -1415.7414
1294 -1396.3543
1295 -1342.9632
1296 -1421.5415
1297 -1367.9499
1298 -1401.6093
1299 -1405.5477
1300 -1383.6798
1301 -1360.4515
1302 -1376.2588
1303 -1408.5414
1304 -1403.6527
1305 -1416.7028
1306 -1352.641
1307 -1418.5607
1308 -1418.0371
1309 -1420.7424
1310 -1412.6832
1311 -1412.5211
1312 -1416.4793
1313 -1423.4988
1314 -1404.172
1315 -1422.715
1316 -1391.0384
1317 -1316.9002
1318 -1410.7399
1319 -1371.8962
1320 -1380.468
1321 -1407.5296
1322 -1421.874
1323 -1404.4716
1324 -1421.4495
1325 -1418.6708
1326 -1418.6992
1327 -1344.294
1328 -1401.7237
1329 -1420.9555
1330 -1406.4221
1331 -1346.7828
1332 -1409.1874
1333 -1397.0672
1334 -1390.7101
1335 -1415.2252
1336 -1420.9808
1337 -1375.3571
1338 -1412.593
1339 -1423.0876
1340 -1421.6804
1341 -1415.8454
1342 -1416.731
1343 -1411.0861
1344 -1420.9801
1345 -1402.0345
1346 -1409.2791
1347 -1417.6031
1348 -1423.5334
1349 -1402.2754
1350 -1404.5341
1351 -1420.247
1352 -1367.9814
1353 -1398.1761
1354 -1420.3243
1355 -1409.8054
1356 -1403.7297
1357 -1422.4967
1358 -1403.7305
1359 -1422.02
1360 -1423.0866
1361 -1412.5972
1362 -1422.4781
1363 -1420.8646
1364 -1405.5765
1365 -1414.3735
1366 -1406.7151
1367 -1387.1729
1368 -1413.0071
1369 -1390.7943
1370 -1408.7859
1371 -1419.1151
1372 -1388.6803
1373 -1403.6674
1374 -1392.5538
1375 -1344.1823
1376 -1423.8623
1377 -1422.4049
1378 -1418.286
1379 -1407.1215
1380 -1423.2159
1381 -1389.4793
1382 -1414.3354
1383 -1411.6303
1384 -1424.0388
1385 -1401.7649
1386 -1421.0839
1387 -1423.1531
1388 -1336.7115
1389 -1387.8774
1390 -1422.7252
1391 -1398.5022
1392 -1401.3301
1393 -1400.8944
1394 -1406.2902
1395 -1358.0572
1396 -1420.0586
1397 -1407.6501
1398 -1421.2355
1399 -1422.0185
1400 -1406.6371
1401 -1246.0077
1402 -1419.3806
1403 -1423.0783
1404 -1413.5826
1405 -1394.8697
1406 -1395.5511
1407 -1376.1966
1408 -1349.2596
1409 -1410.3595
1410 -1420.4239
1411 -1415.5669
1412 -1416.1935
1413 -1394.7531
1414 -1384.3503
1415 -1387.3278
1416 -1413.8769
1417 -1310.6799
1418 -1424.5163
1419 -1414.6643
1420 -1420.6082
1421 -1363.3986
1422 -1415.9755
1423 -1421.4511
1424 -1408.9733
1425 -1422.2486
1426 -1412.2819
1427 -1411.2278
1428 -1424.7229
1429 -1419.1825
1430 -1413.3247
1431 -1418.0483
1432 -1403.2565
1433 -1406.5914
1434 -1414.2178
1435 -1421.0897
1436 -1421.9625
1437 -1405.6316
1438 -1417.4922
1439 -1424.3917
1440 -1420.9664
1441 -1415.8966
1442 -1418.4594
1443 -1411.6952
1444 -1401.6643
1445 -1414.9223
1446 -1424.5667
1447 -1412.246
1448 -1416.3906
1449 -1417.5785
1450 -1399.5597
1451 -1419.7688
1452 -1356.1703
1453 -1363.8822
1454 -1376.2608
1455 -1410.5471
1456 -1424.6496
1457 -1414.4628
1458 -1420.6784
1459 -1337.3794
1460 -1397.4149
1461 -1420.3787
1462 -1421.7819
1463 -1421.4344
1464 -1381.1056
1465 -1424.4687
1466 -1409.1837
1467 -1390.6372
1468 -1312.3044
1469 -1340.4408
1470 -1327.095
1471 -1401.2161
1472 -1415.6282
1473 -1412.7069
1474 -1409.3569
1475 -1427.0142
1476 -1422.2121
1477 -1423.7871
1478 -1418.1244
1479 -1409.4076
1480 -1423.4343
1481 -1396.6495
1482 -1385.3632
1483 -1416.953
1484 -1406.8674
1485 -1399.469
1486 -1412.3909
1487 -1405.4694
1488 -1411.9681
1489 -1316.5436
1490 -1425.7851
1491 -1420.9506
1492 -1399.8396
1493 -1422.3101
1494 -1423.3136
1495 -1340.4552
1496 -1424.8218
1497 -1402.5187
1498 -1422.2276
1499 -1424.959
1500 -1426.7165
1501 -1417.0329
1502 -1429.3287
1503 -1429.8167
1504 -1417.7796
1505 -1427.0687
1506 -1415.6238
1507 -1323.0986
1508 -1425.091
1509 -1397.6259
1510 -1419.799
1511 -1427.4339
1512 -1422.1284
1513 -1428.1333
1514 -1415.475
1515 -1402.3355
1516 -1404.8248
1517 -1426.1481
1518 -1424.2128
1519 -1427.6586
1520 -1429.9301
1521 -1429.9094
1522 -1411.8712
1523 -1430.0722
1524 -1415.4275
1525 -1421.2696
1526 -1406.9841
1527 -1428.8579
1528 -1333.6046
1529 -1391.6232
1530 -1426.0817
1531 -1426.6183
1532 -1423.3886
1533 -1411.1635
1534 -1372.8991
1535 -1415.0676
1536 -1424.4988
1537 -1430.8304
1538 -1278.5265
1539 -1424.2016
1540 -1430.8248
1541 -1419.7186
1542 -1410.1947
1543 -1416.1643
1544 -1431.84
1545 -1415.6977
1546 -1428.6207
1547 -1429.2712
1548 -1407.5021
1549 -1426.252
1550 -1400.7871
1551 -1431.6868
1552 -1326.1835
1553 -1394.7969
1554 -1424.1398
1555 -1421.5424
1556 -1423.2334
1557 -1411.9858
1558 -1414.4889
1559 -1397.4575
1560 -1407.6861
1561 -1417.0913
1562 -1430.7612
1563 -1385.7485
1564 -1426.4265
1565 -1397.0454
1566 -1412.5924
1567 -1428.7728
1568 -1428.2276
1569 -1431.5507
1570 -1336.8633
1571 -1425.3585
1572 -1424.5333
1573 -1430.764
1574 -1319.7728
1575 -1429.4431
1576 -1390.867
1577 -1419.8937
1578 -1421.2129
1579 -1396.3376
1580 -1395.2176
1581 -1411.4529
1582 -1411.9457
1583 -1427.4618
1584 -1420.4995
1585 -1428.1149
1586 -1427.2229
1587 -1385.4524
1588 -1421.7397
1589 -1375.6971
1590 -1426.8839
1591 -1412.6346
1592 -1385.1355
1593 -1414.8025
1594 -1430.3286
1595 -1403.4424
1596 -1402.8373
1597 -1425.8861
1598 -1401.5976
1599 -1431.943
1600 -1427.1606
1601 -1430.4497
1602 -1422.6719
1603 -1427.3583
1604 -1362.9216
1605 -1301.8959
1606 -1429.1471
1607 -1414.4489
1608 -1423.4853
1609 -1430.9753
1610 -1385.5028
1611 -1428.8354
1612 -1398.1506
1613 -1397.6586
1614 -1432.9766
1615 -1430.2287
1616 -1429.0116
1617 -1426.4745
1618 -1428.6371
1619 -1412.2784
1620 -1432.8449
1621 -1425.0189
1622 -1418.684
1623 -1411.5492
1624 -1406.3264
1625 -1426.0258
1626 -1394.0471
1627 -1427.6966
1628 -1427.7314
1629 -1423.8508
1630 -1405.0848
1631 -1392.3663
1632 -1368.7192
1633 -1350.6469
1634 -1433.1488
1635 -1434.1759
1636 -1406.9594
1637 -1404.9821
1638 -1402.4944
1639 -1427.7632
1640 -1433.8137
1641 -1429.2691
1642 -1435.838
1643 -1435.2866
1644 -1421.232
1645 -1416.5621
1646 -1366.1082
1647 -1402.9034
1648 -1411.2699
1649 -1414.6351
1650 -1406.0841
1651 -1431.7698
1652 -1389.622
1653 -1435.6777
1654 -1434.3409
1655 -1425.1968
1656 -1402.7384
1657 -1426.6643
1658 -1430.4335
1659 -1414.8042
1660 -1423.2532
1661 -1428.0937
1662 -1432.0895
1663 -1426.2268
1664 -1417.7333
1665 -1435.8108
1666 -1426.1341
1667 -1432.2979
1668 -1420.6005
1669 -1377.2115
1670 -1431.0779
1671 -1433.0422
1672 -1419.0316
1673 -1409.8908
1674 -1413.7614
1675 -1432.5318
1676 -1431.5422
1677 -1433.3783
1678 -1423.5642
1679 -1435.0582
1680 -1432.2834
1681 -1397.1485
1682 -1426.2275
1683 -1377.7457
1684 -1378.5048
1685 -1423.7475
1686 -1415.0505
1687 -1387.3167
1688 -1406.656
1689 -1413.2986
1690 -1413.9442
1691 -1410.2432
1692 -1421.2544
1693 -1411.7572
1694 -1400.6942
1695 -1362.6671
1696 -1399.0372
1697 -1425.7015
1698 -1426.4361
1699 -1422.9041
1700 -1391.0213
1701 -1411.837
1702 -1423.735
1703 -1432.4956
1704 -1397.9932
1705 -1365.9725
1706 -1420.2602
1707 -1412.611
1708 -1432.3018
1709 -1408.5437
1710 -1424.231
1711 -1436.0649
1712 -1401.8792
1713 -1409.2535
1714 -1422.2329
1715 -1422.7952
1716 -1382.0838
1717 -1434.406
1718 -1426.836
1719 -1434.1527
1720 -1377.3284
1721 -1436.2687
1722 -1395.1127
1723 -1428.6587
1724 -1398.372
1725 -1428.768
1726 -1431.1923
1727 -1430.0049
1728 -1411.3992
1729 -1436.0396
1730 -1418.1915
1731 -1437.5903
1732 -1418.2599
1733 -1366.9488
1734 -1432.0407
1735 -1434.1913
1736 -1425.8644
1737 -1394.9391
1738 -1430.5221
1739 -1434.7734
1740 -1434.1595
1741 -1435.4337
1742 -1379.5166
1743 -1423.995
1744 -1315.2521
1745 -1437.8218
1746 -1429.6598
1747 -1403.01
1748 -1427.1833
1749 -1433.283
1750 -1430.8941
1751 -1414.9483
1752 -1436.94
1753 -1416.8859
1754 -1407.3403
1755 -1333.9965
1756 -1272.1583
1757 -1401.6913
1758 -1421.2234
1759 -1435.3758
1760 -1429.8314
1761 -1364.0649
1762 -1424.3719
1763 -1413.0158
1764 -1432.7455
1765 -1400.315
1766 -1420.9843
1767 -1419.8735
1768 -1440.1111
1769 -1420.5244
1770 -1416.9277
1771 -1437.4311
1772 -1420.5537
1773 -1421.4242
1774 -1438.8093
1775 -1421.0662
1776 -1422.7751
1777 -1386.7838
1778 -1435.058
1779 -1421.1657
1780 -1427.1811
1781 -1430.9111
1782 -1440.2441
1783 -1393.6269
1784 -1428.8235
1785 -1426.8432
1786 -1414.2922
1787 -1407.9175
1788 -1436.4058
1789 -1433.2319
1790 -1422.5762
1791 -1430.4221
1792 -1421.835
1793 -1395.5138
1794 -1428.5051
1795 -1410.5614
1796 -1409.7926
1797 -1439.2462
1798 -1366.2346
1799 -1433.4475
1800 -1437.4027
1801 -1425.3076
1802 -1431.8846
1803 -1438.4928
1804 -1423.6704
1805 -1401.4355
1806 -1441.2034
1807 -1439.2067
1808 -1416.7038
1809 -1432.5156
1810 -1439.5374
1811 -1431.8056
1812 -1404.4461
1813 -1373.2963
1814 -1427.0645
1815 -1432.8917
1816 -1434.5233
1817 -1422.3187
1818 -1351.8148
1819 -1440.4526
1820 -1441.1082
1821 -1433.8188
1822 -1428.2001
1823 -1373.16
1824 -1434.7643
1825 -1422.3729
1826 -1430.5332
1827 -1438.4469
1828 -1423.0161
1829 -1421.5882
1830 -1421.5383
1831 -1433.726
1832 -1427.9946
1833 -1416.1616
1834 -1432.2586
1835 -1432.2344
1836 -1394.211
1837 -1432.3482
1838 -1379.2648
1839 -1423.0346
1840 -1428.4345
1841 -1399.8834
1842 -1438.9356
1843 -1419.1303
1844 -1438.0001
1845 -1440.1464
1846 -1413.6019
1847 -1414.9243
1848 -1417.5291
1849 -1442.8303
1850 -1442.6898
1851 -1440.7195
1852 -1434.1099
1853 -1437.6815
1854 -1401.4212
1855 -1432.9184
1856 -1388.7327
1857 -1433.5037
1858 -1367.1144
1859 -1375.3048
1860 -1429.5788
1861 -1416.702
1862 -1436.6967
1863 -1435.119
1864 -1393.4302
1865 -1399.9175
1866 -1437.8106
1867 -1438.4705
1868 -1439.6242
1869 -1435.9852
1870 -1441.4296
1871 -1436.9106
1872 -1438.4309
1873 -1391.2213
1874 -1438.5109
1875 -1438.7229
1876 -1441.8986
1877 -1386.4002
1878 -1441.6023
1879 -1439.5096
1880 -1433.1657
1881 -1418.1885
1882 -1434.7549
1883 -1428.953
1884 -1415.8794
1885 -1290.5675
1886 -1432.7703
1887 -1399.9792
1888 -1437.2544
1889 -1401.1478
1890 -1429.3066
1891 -1437.4685
1892 -1430.3541
1893 -1421.4385
1894 -1442.3008
1895 -1420.848
1896 -1404.0001
1897 -1415.0341
1898 -1428.6851
1899 -1334.8786
1900 -1425.7678
1901 -1438.6124
1902 -1430.2552
1903 -1313.877
1904 -1399.4696
1905 -1443.3259
1906 -1388.4275
1907 -1405.4049
1908 -1439.1058
1909 -1442.1213
1910 -1422.9666
1911 -1443.2944
1912 -1436.2123
1913 -1429.5219
1914 -1440.3543
1915 -1433.6088
1916 -1442.8591
1917 -1436.0774
1918 -1437.9972
1919 -1422.6533
1920 -1410.9052
1921 -1373.1721
1922 -1433.6985
1923 -1439.1459
1924 -1434.7927
1925 -1435.1767
1926 -1436.4587
1927 -1442.4749
1928 -1431.8366
1929 -1355.0326
1930 -1416.0487
1931 -1436.5163
1932 -1441.2264
1933 -1429.7906
1934 -1435.0553
1935 -1434.8243
1936 -1390.66
1937 -1432.0081
1938 -1424.1868
1939 -1422.2263
1940 -1403.4598
1941 -1435.6865
1942 -1412.2869
1943 -1425.4883
1944 -1435.4071
1945 -1403.7682
1946 -1430.4951
1947 -1438.8946
1948 -1438.0003
1949 -1443.5816
1950 -1391.365
1951 -1436.4015
1952 -1426.7699
1953 -1442.0207
1954 -1412.8328
1955 -1442.3004
1956 -1437.9693
1957 -1409.7229
1958 -1424.3142
1959 -1443.0013
1960 -1439.1585
1961 -1426.7431
1962 -1441.2059
1963 -1444.1337
1964 -1438.1631
1965 -1405.5578
1966 -1391.1989
1967 -1416.0413
1968 -1433.9409
1969 -1439.7041
1970 -1443.1595
1971 -1426.5851
1972 -1426.9299
1973 -1435.0118
1974 -1397.4647
1975 -1395.643
1976 -1444.5591
1977 -1432.051
1978 -1415.2916
1979 -1410.9098
1980 -1429.0843
1981 -1429.9828
1982 -1444.2376
1983 -1433.6959
1984 -1436.0399
1985 -1434.9352
1986 -1382.2275
1987 -1424.385
1988 -1431.6458
1989 -1382.3204
1990 -1440.4385
1991 -1445.3778
1992 -1431.4847
1993 -1440.9965
1994 -1436.8081
1995 -1425.3137
1996 -1423.0347
1997 -1431.4327
1998 -1444.0574
1999 -1444.3046
2000 -1438.3953
2001 -1430.0215
2002 -1326.1554
2003 -1430.4347
2004 -1441.8332
2005 -1437.8841
2006 -1425.111
2007 -1431.0001
2008 -1430.2384
2009 -1408.7314
2010 -1437.5554
2011 -1436.0804
2012 -1446.1612
2013 -1423.759
2014 -1440.6397
2015 -1443.9942
2016 -1411.3189
2017 -1437.3424
2018 -1445.2536
2019 -1416.9175
2020 -1444.3115
2021 -1441.7081
2022 -1424.1069
2023 -1430.8191
2024 -1445.2003
2025 -1429.4041
2026 -1435.3269
2027 -1434.5778
2028 -1425.9323
2029 -1393.6372
2030 -1441.5546
2031 -1421.6671
2032 -1435.3004
2033 -1442.4011
2034 -1429.4306
2035 -1440.1655
2036 -1443.7497
2037 -1441.2535
2038 -1441.6865
2039 -1425.2365
2040 -1410.9248
2041 -1398.8795
2042 -1437.7376
2043 -1424.0176
2044 -1433.5519
2045 -1434.5827
2046 -1443.7276
2047 -1420.2686
2048 -1445.8446
2049 -1440.1899
2050 -1445.6593
2051 -1434.0557
2052 -1438.6729
2053 -1404.0652
2054 -1436.2301
2055 -1444.9248
2056 -1402.1982
2057 -1411.3456
2058 -1442.6924
2059 -1444.9197
2060 -1373.6005
2061 -1433.4736
2062 -1446.5105
2063 -1445.7572
2064 -1433.4708
2065 -1370.2635
2066 -1443.6655
2067 -1423.224
2068 -1380.9153
2069 -1441.3166
2070 -1433.8517
2071 -1356.708
2072 -1431.6381
2073 -1440.9339
2074 -1427.6971
2075 -1439.6789
2076 -1443.069
2077 -1407.5111
2078 -1443.9689
2079 -1446.2707
2080 -1444.4043
2081 -1362.3706
2082 -1438.4468
2083 -1446.0403
2084 -1412.0626
2085 -1408.9644
2086 -1435.9941
2087 -1437.3017
2088 -1446.5314
2089 -1436.2692
2090 -1364.2848
2091 -1434.2206
2092 -1410.2297
2093 -1441.5662
2094 -1442.3108
2095 -1432.9722
2096 -1437.5104
2097 -1414.0816
2098 -1437.791
2099 -1440.374
2100 -1441.3645
2101 -1442.8192
2102 -1371.4025
2103 -1423.1053
2104 -1437.3096
2105 -1435.5527
2106 -1433.1864
2107 -1445.0239
2108 -1443.5306
2109 -1439.1442
2110 -1410.5858
2111 -1435.9732
2112 -1442.1227
2113 -1442.5899
2114 -1445.8582
2115 -1433.6986
2116 -1412.2546
2117 -1427.8679
2118 -1345.4547
2119 -1434.6905
2120 -1440.1361
2121 -1430.36
2122 -1403.0851
2123 -1425.2967
2124 -1443.4373
2125 -1433.643
2126 -1418.5101
2127 -1371.594
2128 -1430.1484
2129 -1429.0773
2130 -1341.9062
2131 -1406.2533
2132 -1430.9676
2133 -1431.4975
2134 -1440.112
2135 -1246.6112
2136 -1423.7273
2137 -1434.7253
2138 -1443.4034
2139 -1442.8311
2140 -1417.6103
2141 -1416.7438
2142 -1422.7331
2143 -1436.1029
2144 -1423.1213
2145 -1446.8154
2146 -1434.7105
2147 -1422.9124
2148 -1446.9827
2149 -1432.8352
2150 -1434.1251
2151 -1407.3618
2152 -1418.5632
2153 -1442.9334
2154 -1438.7497
2155 -1407.0237
2156 -1413.1783
2157 -1445.4794
2158 -1432.5193
2159 -1433.8172
2160 -1438.6104
2161 -1444.8968
2162 -1435.5744
2163 -1445.2152
2164 -1444.3242
2165 -1438.6504
2166 -1438.6446
2167 -1432.5967
2168 -1441.614
2169 -1425.0039
2170 -1430.8203
2171 -1433.7307
2172 -1397.4225
2173 -1444.9224
2174 -1405.0609
2175 -1431.6729
2176 -1446.2365
2177 -1442.8591
2178 -1447.8922
2179 -1405.2902
2180 -1420.875
2181 -1438.6472
2182 -1444.1349
2183 -1443.7105
2184 -1400.7111
2185 -1430.3688
2186 -1447.2759
2187 -1425.4451
2188 -1440.6004
2189 -1438.8955
2190 -1435.3643
2191 -1440.1857
2192 -1450.3882
2193 -1403.4993
2194 -1421.3323
2195 -1444.4766
2196 -1443.3897
2197 -1443.5818
2198 -1450.5574
2199 -1427.4743
2200 -1439.3389
2201 -1372.4207
2202 -1439.5162
2203 -1413.3737
2204 -1449.1189
2205 -1448.2766
2206 -1422.2778
2207 -1416.457
2208 -1444.8313
2209 -1382.4641
2210 -1446.2408
2211 -1439.546
2212 -1403.6417
2213 -1450.4285
2214 -1380.1621
2215 -1444.172
2216 -1445.3787
2217 -1411.8674
2218 -1445.0523
2219 -1390.872
2220 -1426.2295
2221 -1435.8403
2222 -1421.3525
2223 -1448.0042
2224 -1413.1585
2225 -1405.8695
2226 -1449.4527
2227 -1423.8141
2228 -1448.0494
2229 -1440.5152
2230 -1451.3203
2231 -1449.8894
2232 -1447.4671
2233 -1449.2899
2234 -1448.7252
2235 -1353.7642
2236 -1423.7234
2237 -1435.7413
2238 -1437.1922
2239 -1450.9156
2240 -1425.1516
2241 -1413.6292
2242 -1435.2012
2243 -1450.4538
2244 -1396.7141
2245 -1430.6759
2246 -1430.0771
2247 -1439.3919
2248 -1430.6825
2249 -1445.2584
2250 -1394.5913
2251 -1446.498
2252 -1449.4003
2253 -1445.0372
2254 -1448.787
2255 -1322.6138
2256 -1449.2123
2257 -1441.7699
2258 -1438.3352
2259 -1435.8976
2260 -1444.2893
2261 -1426.9008
2262 -1450.9435
2263 -1437.471
2264 -1432.9553
2265 -1421.7471
2266 -1437.3939
2267 -1438.4924
2268 -1426.6465
2269 -1447.7926
2270 -1438.245
2271 -1428.0391
2272 -1428.1747
2273 -1449.8462
2274 -1450.4322
2275 -1438.5211
2276 -1386.8607
2277 -1449.2987
2278 -1419.9338
2279 -1437.5699
2280 -1419.573
2281 -1418.5064
2282 -1434.2473
2283 -1441.0748
2284 -1419.7755
2285 -1428.8947
2286 -1448.4317
2287 -1444.2082
2288 -1451.7975
2289 -1448.2676
2290 -1445.9543
2291 -1450.4714
2292 -1422.3661
2293 -1406.8592
2294 -1448.9158
2295 -1441.2116
2296 -1418.2982
2297 -1437.9393
2298 -1442.7948
2299 -1423.1941
2300 -1448.9245
2301 -1451.3419
2302 -1413.9331
2303 -1447.4421
2304 -1442.1994
2305 -1449.7775
2306 -1446.6952
2307 -1424.5158
2308 -1434.1859
2309 -1423.4762
2310 -1389.8733
2311 -1445.2015
2312 -1442.0498
2313 -1452.3703
2314 -1409.1819
2315 -1431.5313
2316 -1448.4823
2317 -1439.5845
2318 -1451.0808
2319 -1449.1262
2320 -1448.7679
2321 -1450.5034
2322 -1441.0373
2323 -1442.0281
2324 -1447.885
2325 -1406.1245
2326 -1439.417
2327 -1428.2684
2328 -1449.9214
2329 -1446.3277
2330 -1452.1774
2331 -1450.8689
2332 -1439.0435
2333 -1403.2764
2334 -1422.8246
2335 -1440.2566
2336 -1402.882
2337 -1435.444
2338 -1424.4547
2339 -1441.3652
2340 -1443.3648
2341 -1439.8083
2342 -1440.9963
2343 -1450.3529
2344 -1451.4058
2345 -1451.6157
2346 -1425.1834
2347 -1427.554
2348 -1451.4439
2349 -1450.0283
2350 -1447.8007
2351 -1374.4922
2352 -1445.5936
2353 -1450.7112
2354 -1421.4027
2355 -1449.4805
2356 -1443.1916
2357 -1417.0368
2358 -1436.2606
2359 -1452.5311
2360 -1447.4232
2361 -1447.2398
2362 -1380.8172
2363 -1444.0886
2364 -1440.3549
2365 -1447.175
2366 -1431.0966
2367 -1434.6959
2368 -1379.5863
2369 -1417.9869
2370 -1414.9052
2371 -1451.4731
2372 -1443.9423
2373 -1444.325
2374 -1439.1932
2375 -1440.407
2376 -1416.5611
2377 -1444.1651
2378 -1439.1102
2379 -1423.6685
2380 -1432.895
2381 -1418.7362
2382 -1426.7123
2383 -1451.7738
2384 -1431.0087
2385 -1435.9301
2386 -1400.2925
2387 -1430.6208
2388 -1444.1242
2389 -1433.7421
2390 -1428.3293
2391 -1442.9482
2392 -1445.4129
2393 -1450.3855
2394 -1442.8146
2395 -1414.8867
2396 -1441.5562
2397 -1428.1031
2398 -1446.5327
2399 -1426.7753
2400 -1433.526
2401 -1424.5373
2402 -1446.386
2403 -1448.9216
2404 -1407.7791
2405 -1445.8646
2406 -1438.6618
2407 -1443.8486
2408 -1442.853
2409 -1443.0936
2410 -1399.3614
2411 -1416.2354
2412 -1448.1359
2413 -1451.5804
2414 -1452.3552
2415 -1434.824
2416 -1420.1782
2417 -1449.2797
2418 -1448.953
2419 -1448.3104
2420 -1438.0154
2421 -1436.3113
2422 -1446.3665
2423 -1446.3106
2424 -1452.303
2425 -1445.8833
2426 -1452.5837
2427 -1406.1272
2428 -1447.86
2429 -1419.992
2430 -1447.5986
2431 -1413.3059
2432 -1429.6344
2433 -1437.2649
2434 -1367.2891
2435 -1429.2101
2436 -1443.2722
2437 -1450.161
2438 -1452.097
2439 -1414.7646
2440 -1443.6438
2441 -1428.0517
2442 -1446.7126
2443 -1448.7
2444 -1438.3657
2445 -1450.6245
2446 -1391.1676
2447 -1441.9175
2448 -1437.2738
2449 -1446.4667
2450 -1432.6625
2451 -1441.5759
2452 -1444.4739
2453 -1450.8177
2454 -1433.8848
2455 -1434.6507
2456 -1435.1873
2457 -1447.5956
2458 -1446.1356
2459 -1428.899
2460 -1446.5611
2461 -1446.9108
2462 -1436.3508
2463 -1442.1452
2464 -1411.1735
2465 -1429.823
2466 -1391.1277
2467 -1422.1082
2468 -1452.2369
2469 -1451.7634
2470 -1391.5397
2471 -1452.2971
2472 -1443.1667
2473 -1444.6061
2474 -1447.7893
2475 -1445.4478
2476 -1432.9149
2477 -1410.4198
2478 -1438.8754
2479 -1407.8278
2480 -1417.9564
2481 -1436.2282
2482 -1447.2989
2483 -1437.9306
2484 -1436.6859
2485 -1449.4181
2486 -1448.1185
2487 -1451.5201
2488 -1414.8927
2489 -1419.0346
2490 -1450.2081
2491 -1452.7599
2492 -1452.1551
2493 -1435.0344
2494 -1438.489
2495 -1447.1075
2496 -1449.7224
2497 -1441.9679
2498 -1448.9415
2499 -1431.7575
2500 -1421.4374
2501 -1297.4531
2502 -1451.2787
2503 -1444.7126
2504 -1450.3886
2505 -1412.8815
2506 -1449.2784
2507 -1401.6144
2508 -1422.3808
2509 -1452.1601
2510 -1447.7899
2511 -1444.4402
2512 -1436.8968
2513 -1432.9992
2514 -1414.8755
2515 -1430.9394
2516 -1452.7936
2517 -1439.1433
2518 -1439.9669
2519 -1436.4639
2520 -1445.3927
2521 -1384.4834
2522 -1413.2663
2523 -1446.3542
2524 -1438.9473
2525 -1434.578
2526 -1451.4292
2527 -1436.3197
2528 -1438.883
2529 -1446.1985
2530 -1447.8621
2531 -1391.8672
2532 -1393.5048
2533 -1386.361
2534 -1448.0911
2535 -1450.3726
2536 -1427.6227
2537 -1444.516
2538 -1439.8571
2539 -1452.9761
2540 -1446.4285
2541 -1449.5143
2542 -1437.7641
2543 -1436.3799
2544 -1416.1385
2545 -1384.5954
2546 -1446.1306
2547 -1452.07
2548 -1410.3751
2549 -1360.0352
2550 -1414.864
2551 -1442.8123
2552 -1445.3307
2553 -1426.7543
2554 -1439.3125
2555 -1430.256
2556 -1435.2449
2557 -1430.6274
2558 -1439.8957
2559 -1430.251
2560 -1441.7741
2561 -1438.4927
2562 -1403.2924
2563 -1445.9868
2564 -1446.6975
2565 -1440.9822
2566 -1441.4446
2567 -1442.3929
2568 -1391.7149
2569 -1418.5651
2570 -1447.5135
2571 -1447.1874
2572 -1435.201
2573 -1425.8848
2574 -1424.9581
2575 -1424.0762
2576 -1452.1854
2577 -1451.1129
2578 -1405.1266
2579 -1452.35
2580 -1416.0004
2581 -1409.1964
2582 -1433.2836
2583 -1409.2575
2584 -1420.2566
2585 -1416.3106
2586 -1442.546
2587 -1396.308
2588 -1442.839
2589 -1424.4931
2590 -1445.4871
2591 -1451.4131
2592 -1400.2147
2593 -1451.2427
2594 -1449.6274
2595 -1426.8555
2596 -1421.9549
2597 -1443.5404
2598 -1447.9081
2599 -1445.5198
2600 -1446.9101
2601 -1431.6359
2602 -1444.9857
2603 -1440.6596
2604 -1451.084
2605 -1441.4062
2606 -1452.5461
2607 -1408.1587
2608 -1449.6244
2609 -1448.152
2610 -1443.333
2611 -1440.0707
2612 -1450.973
2613 -1446.743
2614 -1427.1268
2615 -1409.7545
2616 -1292.858
2617 -1431.1982
2618 -1414.9636
2619 -1441.3155
2620 -1450.4393
2621 -1448.0784
2622 -1451.7996
2623 -1450.2805
2624 -1396.0203
2625 -1429.2496
2626 -1448.9024
2627 -1449.3487
2628 -1439.5559
2629 -1434.319
2630 -1423.7717
2631 -1447.8154
2632 -1379.5867
2633 -1452.8957
2634 -1440.5881
2635 -1444.6283
2636 -1450.8714
2637 -1419.1883
2638 -1440.5032
2639 -1450.5934
2640 -1444.5918
2641 -1451.7525
2642 -1434.6099
2643 -1447.7135
2644 -1445.338
2645 -1430.462
2646 -1437.6859
2647 -1451.7474
2648 -1451.7887
2649 -1419.2418
2650 -1448.3609
2651 -1429.7343
2652 -1445.3375
2653 -1452.5661
2654 -1449.5495
2655 -1448.3804
2656 -1449.6071
2657 -1450.2094
2658 -1440.9227
2659 -1452.6553
2660 -1449.2763
2661 -1437.9059
2662 -1394.4319
2663 -1432.9839
2664 -1434.0067
2665 -1419.7965
2666 -1428.9651
2667 -1452.8826
2668 -1442.8033
2669 -1442.3009
2670 -1450.216
2671 -1449.5101
2672 -1387.331
2673 -1451.5687
2674 -1421.922
2675 -1430.0853
2676 -1420.0784
2677 -1427.1382
2678 -1438.1739
2679 -1448.1753
2680 -1450.5756
2681 -1422.0542
2682 -1323.7405
2683 -1435.0593
2684 -1425.4948
2685 -1427.6729
2686 -1432.6743
2687 -1434.8469
2688 -1443.2964
2689 -1452.9174
2690 -1450.5117
2691 -1438.5456
2692 -1452.4945
2693 -1453.2942
2694 -1434.826
2695 -1439.9062
2696 -1414.5784
2697 -1446.4767
2698 -1441.8514
2699 -1314.8114
2700 -1442.9085
2701 -1430.6327
2702 -1449.4235
2703 -1434.503
2704 -1407.7667
2705 -1430.2481
2706 -1431.4816
2707 -1452.0639
2708 -1448.8375
2709 -1423.5252
2710 -1426.1984
2711 -1347.126
2712 -1428.4391
2713 -1446.1614
2714 -1447.3665
2715 -1417.2944
2716 -1440.3831
2717 -1394.3229
2718 -1399.1015
2719 -1427.8764
2720 -1430.8603
2721 -1450.7659
2722 -1412.3504
2723 -1437.4745
2724 -1411.0911
2725 -1446.9129
2726 -1418.3693
2727 -1444.7378
2728 -1425.2504
2729 -1429.5938
2730 -1449.9075
2731 -1439.9394
2732 -1416.7697
2733 -1390.3347
2734 -1452.7364
2735 -1445.8071
2736 -1452.9342
2737 -1419.9859
2738 -1446.986
2739 -1387.3125
2740 -1403.0878
2741 -1432.6306
2742 -1405.9628
2743 -1449.0592
2744 -1449.1503
2745 -1452.4406
2746 -1408.6661
2747 -1438.8212
2748 -1433.853
2749 -1414.2556
2750 -1453.0127
2751 -1439.735
2752 -1440.1563
2753 -1444.127
2754 -1430.6343
2755 -1451.7879
2756 -1444.9018
2757 -1452.4498
2758 -1397.6763
2759 -1446.8186
2760 -1358.1462
2761 -1441.8614
2762 -1451.6999
2763 -1446.7121
2764 -1346.5448
2765 -1444.5856
2766 -1451.7854
2767 -1321.8585
2768 -1397.7581
2769 -1450.1484
2770 -1408.2966
2771 -1447.2518
2772 -1442.4444
2773 -1439.5983
2774 -1449.5942
2775 -1447.452
2776 -1445.6764
2777 -1410.8504
2778 -1444.4456
2779 -1451.0178
2780 -1453.4847
2781 -1426.7551
2782 -1444.9365
2783 -1433.2671
2784 -1440.7103
2785 -1455.1062
2786 -1453.456
2787 -1443.0463
2788 -1441.7036
2789 -1454.4649
2790 -1427.7753
2791 -1454.9565
2792 -1439.9435
2793 -1426.5666
2794 -1422.8419
2795 -1411.9913
2796 -1448.2908
2797 -1452.2365
2798 -1449.5378
2799 -1450.1272
2800 -1455.4865
2801 -1453.3992
2802 -1451.5813
2803 -1434.9982
2804 -1442.1678
2805 -1452.1095
2806 -1437.7524
2807 -1428.9374
2808 -1453.0918
2809 -1432.0205
2810 -1452.8339
2811 -1421.7187
2812 -1404.2816
2813 -1452.9043
2814 -1439.8771
2815 -1454.6401
2816 -1450.1438
2817 -1436.2437
2818 -1416.4307
2819 -1430.6138
2820 -1426.0759
2821 -1437.3462
2822 -1406.2929
2823 -1451.0826
2824 -1453.3375
2825 -1440.0979
2826 -1454.8772
2827 -1440.9903
2828 -1443.7579
2829 -1450.7266
2830 -1435.2348
2831 -1432.1626
2832 -1401.9668
2833 -1449.4493
2834 -1453.6851
2835 -1439.9312
2836 -1386.1909
2837 -1441.4058
2838 -1454.321
2839 -1402.0921
2840 -1421.0841
2841 -1450.3732
2842 -1450.4017
2843 -1445.5074
2844 -1419.5346
2845 -1425.9684
2846 -1455.0019
2847 -1442.7576
2848 -1439.1447
2849 -1450.6365
2850 -1454.6941
2851 -1420.3579
2852 -1433.4953
2853 -1432.5085
2854 -1339.3102
2855 -1451.6497
2856 -1369.4503
2857 -1393.7621
2858 -1433.3816
2859 -1442.4136
2860 -1419.3445
2861 -1454.632
2862 -1451.7782
2863 -1437.2203
2864 -1412.9214
2865 -1437.1289
2866 -1422.8059
2867 -1442.4318
2868 -1445.9056
2869 -1453.8182
2870 -1443.6854
2871 -1451.525
2872 -1448.8044
2873 -1432.1651
2874 -1426.3053
2875 -1451.5215
2876 -1437.9362
2877 -1439.0888
2878 -1453.6412
2879 -1423.9178
2880 -1436.2024
2881 -1441.4355
2882 -1443.2509
2883 -1445.8982
2884 -1440.3993
2885 -1451.1643
2886 -1450.9697
2887 -1437.9634
2888 -1432.5704
2889 -1449.5746
2890 -1451.9135
2891 -1449.1005
2892 -1456.3521
2893 -1449.8433
2894 -1453.125
2895 -1433.9086
2896 -1367.423
2897 -1439.9094
2898 -1455.5875
2899 -1427.6058
2900 -1453.6884
2901 -1394.5419
2902 -1452.8307
2903 -1442.0717
2904 -1401.6013
2905 -1433.9995
2906 -1453.3905
2907 -1444.2689
2908 -1446.7558
2909 -1444.8886
2910 -1425.4522
2911 -1448.1457
2912 -1448.5342
2913 -1447.866
2914 -1454.4394
2915 -1449.2681
2916 -1455.8386
2917 -1451.969
2918 -1449.3608
2919 -1448.7715
2920 -1443.9781
2921 -1452.4866
2922 -1451.4861
2923 -1441.8091
2924 -1454.5207
2925 -1452.494
2926 -1447.2093
2927 -1456.0684
2928 -1444.702
2929 -1454.6111
2930 -1451.1189
2931 -1433.653
2932 -1456.1656
2933 -1452.3067
2934 -1449.7644
2935 -1450.0477
2936 -1438.1802
2937 -1436.8728
2938 -1454.1809
2939 -1405.8906
2940 -1455.4457
2941 -1447.2745
2942 -1453.7557
2943 -1423.4151
2944 -1451.5776
2945 -1452.7448
2946 -1455.5955
2947 -1440.0285
2948 -1451.8336
2949 -1441.2281
2950 -1421.2403
2951 -1392.0078
2952 -1435.0976
2953 -1448.0633
2954 -1446.7086
2955 -1457.0858
2956 -1440.5339
2957 -1435.994
2958 -1452.6027
2959 -1457.0403
2960 -1433.2557
2961 -1446.772
2962 -1427.6299
2963 -1453.65
2964 -1452.4609
2965 -1446.9909
2966 -1410.1921
2967 -1428.5108
2968 -1421.567
2969 -1420.3968
2970 -1434.9228
2971 -1425.4509
2972 -1428.6206
2973 -1438.3913
2974 -1456.4953
2975 -1405.0154
2976 -1422.2728
2977 -1428.715
2978 -1445.4373
2979 -1386.4024
2980 -1432.0312
2981 -1413.7665
2982 -1449.861
2983 -1437.3469
2984 -1453.8492
2985 -1416.8173
2986 -1453.2475
2987 -1418.8382
2988 -1415.606
2989 -1302.1157
2990 -1443.8475
2991 -1433.9198
2992 -1441.9773
2993 -1456.591
2994 -1453.6056
2995 -1457.3085
2996 -1449.1732
2997 -1441.2658
2998 -1440.5898
2999 -1444.9936
3000 -1456.8219
3001 -1432.4849
3002 -1452.4362
3003 -1445.2937
3004 -1325.0436
3005 -1448.9964
3006 -1424.299
3007 -1452.9482
3008 -1443.874
3009 -1426.0627
3010 -1431.7482
3011 -1425.8122
3012 -1445.7131
3013 -1433.5118
3014 -1442.3803
3015 -1444.5682
3016 -1452.0979
3017 -1451.2183
3018 -1441.9421
3019 -1443.0928
3020 -1439.4764
3021 -1449.1061
3022 -1416.3083
3023 -1456.8606
3024 -1434.4606
3025 -1455.9598
3026 -1440.3033
3027 -1428.7342
3028 -1455.9749
3029 -1396.6987
3030 -1455.0354
3031 -1444.6229
3032 -1449.1297
3033 -1427.5284
3034 -1437.3883
3035 -1450.7231
3036 -1437.0738
3037 -1420.483
3038 -1452.5609
3039 -1443.9825
3040 -1456.5178
3041 -1404.5754
3042 -1343.883
3043 -1429.0471
3044 -1424.6356
3045 -1442.2095
3046 -1432.3767
3047 -1451.5812
3048 -1426.3449
3049 -1451.1812
3050 -1457.2366
3051 -1417.967
3052 -1450.7047
3053 -1453.0848
3054 -1430.1762
3055 -1453.3442
3056 -1448.4725
3057 -1400.2535
3058 -1453.4565
3059 -1455.7897
3060 -1450.9792
3061 -1401.0872
3062 -1456.3901
3063 -1427.8648
3064 -1442.8589
3065 -1444.8993
3066 -1456.3867
3067 -1440.9881
3068 -1455.7092
3069 -1413.3683
3070 -1412.9885
3071 -1448.7665
3072 -1454.4509
3073 -1443.5783
3074 -1424.9594
3075 -1439.8171
3076 -1455.6284
3077 -1444.9391
3078 -1415.1569
3079 -1453.3928
3080 -1446.1136
3081 -1453.6452
3082 -1450.6019
3083 -1444.952
3084 -1456.0478
3085 -1453.9124
3086 -1395.232
3087 -1445.7449
3088 -1443.56
3089 -1450.8912
3090 -1443.5407
3091 -1446.9583
3092 -1434.4459
3093 -1449.6968
3094 -1455.9074
3095 -1447.603
3096 -1448.1703
3097 -1450.0541
3098 -1443.0962
3099 -1421.4444
3100 -1441.7172
3101 -1444.5679
3102 -1454.7207
3103 -1437.0146
3104 -1407.4016
3105 -1418.4843
3106 -1418.7781
3107 -1452.882
3108 -1452.1691
3109 -1454.1422
3110 -1420.1716
3111 -1452.3934
3112 -1438.0116
3113 -1450.2538
3114 -1450.2712
3115 -1409.5604
3116 -1435.5341
3117 -1433.8643
3118 -1445.9492
3119 -1436.9369
3120 -1445.2214
3121 -1425.3584
3122 -1389.869
3123 -1419.5379
3124 -1433.7623
3125 -1424.8127
3126 -1455.8727
3127 -1427.9557
3128 -1412.3287
3129 -1435.6824
3130 -1450.5598
3131 -1451.3619
3132 -1457.472
3133 -1435.616
3134 -1418.9924
3135 -1449.0881
3136 -1444.3957
3137 -1441.7262
3138 -1422.0793
3139 -1403.8294
3140 -1373.6029
3141 -1440.3002
3142 -1420.2014
3143 -1456.2591
3144 -1366.1154
3145 -1445.8685
3146 -1421.658
3147 -1448.2428
3148 -1428.8767
3149 -1443.9991
3150 -1442.6423
3151 -1443.3613
3152 -1449.4564
3153 -1455.9913
3154 -1431.4025
3155 -1379.647
3156 -1457.5594
3157 -1409.2687
3158 -1440.0211
3159 -1457.5695
3160 -1445.4036
3161 -1446.3745
3162 -1446.3654
3163 -1421.2317
3164 -1391.3853
3165 -1447.7956
3166 -1421.4195
3167 -1435.1997
3168 -1450.001
3169 -1454.2496
3170 -1446.0233
3171 -1445.6902
3172 -1455.4977
3173 -1428.5972
3174 -1457.3493
3175 -1441.9796
3176 -1448.6412
3177 -1415.9513
3178 -1391.6877
3179 -1406.9125
3180 -1456.9946
3181 -1446.5815
3182 -1421.2216
3183 -1420.3555
3184 -1418.0761
3185 -1422.9544
3186 -1430.4189
3187 -1451.4958
3188 -1426.2274
3189 -1448.983
3190 -1446.4986
3191 -1438.3547
3192 -1442.5624
3193 -1454.7701
3194 -1432.6635
3195 -1446.3576
3196 -1446.9755
3197 -1456.6468
3198 -1373.8739
3199 -1439.3361
3200 -1436.7701
3201 -1451.8535
3202 -1444.4421
3203 -1438.3392
3204 -1455.0217
3205 -1454.4268
3206 -1416.9084
3207 -1445.3948
3208 -1455.716
3209 -1447.6047
3210 -1457.1941
3211 -1449.5907
3212 -1455.1148
3213 -1433.3891
3214 -1456.7785
3215 -1442.5304
3216 -1439.6473
3217 -1423.9016
3218 -1446.1607
3219 -1448.2078
3220 -1452.0277
3221 -1458.2599
3222 -1392.1765
3223 -1457.6358
3224 -1450.3155
3225 -1457.6628
3226 -1444.1204
3227 -1437.9724
3228 -1457.5897
3229 -1420.9116
3230 -1434.2453
3231 -1448.9847
3232 -1453.8127
3233 -1450.8839
3234 -1455.3303
3235 -1443.2412
3236 -1452.7608
3237 -1432.1178
3238 -1456.0486
3239 -1458.264
3240 -1450.9986
3241 -1435.2322
3242 -1458.2936
3243 -1454.0523
3244 -1451.1733
3245 -1437.0062
3246 -1454.1267
3247 -1436.9662
3248 -1435.9265
3249 -1423.8049
3250 -1428.8756
3251 -1448.3036
3252 -1439.3919
3253 -1456.0689
3254 -1425.8817
3255 -1440.7358
3256 -1452.4942
3257 -1436.5484
3258 -1450.1712
3259 -1457.6022
3260 -1439.5305
3261 -1445.352
3262 -1453.0609
3263 -1409.967
3264 -1439.7313
3265 -1453.6626
3266 -1433.0352
3267 -1432.5589
3268 -1451.8354
3269 -1456.8394
3270 -1381.855
3271 -1446.6183
3272 -1451.1581
3273 -1442.4303
3274 -1434.2068
3275 -1376.8935
3276 -1445.8
3277 -1456.291
3278 -1428.1699
3279 -1456.3029
3280 -1417.7775
3281 -1457.6101
3282 -1457.6504
3283 -1445.6084
3284 -1452.0921
3285 -1416.0588
3286 -1454.6163
3287 -1441.3138
3288 -1413.2571
3289 -1450.8788
3290 -1434.4231
3291 -1444.6803
3292 -1451.7602
3293 -1436.5296
3294 -1441.9873
3295 -1423.4662
3296 -1394.4659
3297 -1455.4069
3298 -1441.5908
3299 -1456.0293
3300 -1439.9012
3301 -1407.7636
3302 -1431.2025
3303 -1389.7612
3304 -1450.0116
3305 -1439.4927
3306 -1421.1821
3307 -1442.6623
3308 -1426.2638
3309 -1437.0922
3310 -1447.114
3311 -1447.6851
3312 -1453.7709
3313 -1401.1839
3314 -1439.7966
3315 -1408.2787
3316 -1436.9104
3317 -1440.9772
3318 -1430.0749
3319 -1458.459
3320 -1458.1641
3321 -1443.0133
3322 -1446.8954
3323 -1421.0007
3324 -1427.4004
3325 -1415.3569
3326 -1458.4896
3327 -1442.4137
3328 -1425.8637
3329 -1450.9534
3330 -1458.3303
3331 -1401.2293
3332 -1431.9039
3333 -1430.1861
3334 -1436.8185
3335 -1450.9516
3336 -1456.1985
3337 -1386.4929
3338 -1416.3508
3339 -1453.3941
3340 -1432.0204
3341 -1447.5414
3342 -1451.9894
3343 -1457.9295
3344 -1443.6169
3345 -1317.1493
3346 -1426.4342
3347 -1448.5154
3348 -1434.5541
3349 -1445.9381
3350 -1442.5342
3351 -1450.0818
3352 -1457.2712
3353 -1452.7043
3354 -1448.7286
3355 -1431.1295
3356 -1446.1201
3357 -1435.2827
3358 -1448.2468
3359 -1430.6841
3360 -1441.9331
3361 -1454.006
3362 -1454.9983
3363 -1401.573
3364 -1454.0637
3365 -1457.8039
3366 -1455.3666
3367 -1454.8647
3368 -1437.1345
3369 -1441.0265
3370 -1454.8349
3371 -1442.3795
3372 -1450.9608
3373 -1448.6344
3374 -1441.4089
3375 -1459.1397
3376 -1458.8139
3377 -1450.0182
3378 -1438.4933
3379 -1455.2313
3380 -1377.907
3381 -1434.589
3382 -1429.0137
3383 -1421.0822
3384 -1455.9239
3385 -1447.3551
3386 -1451.4646
3387 -1449.96
3388 -1404.282
3389 -1457.1069
3390 -1436.8421
3391 -1441.3833
3392 -1439.8824
3393 -1453.1571
3394 -1437.8681
3395 -1453.6934
3396 -1442.5942
3397 -1454.0865
3398 -1396.2891
3399 -1453.4504
3400 -1440.6993
3401 -1444.0722
3402 -1422.2573
3403 -1438.806
3404 -1435.8934
3405 -1458.0494
3406 -1449.9103
3407 -1445.9558
3408 -1443.0352
3409 -1441.8473
3410 -1413.4507
3411 -1453.3648
3412 -1438.2722
3413 -1440.2806
3414 -1449.1395
3415 -1443.4642
3416 -1443.1532
3417 -1443.9615
3418 -1441.9473
3419 -1402.121
3420 -1432.2496
3421 -1459.2336
3422 -1372.7649
3423 -1453.8204
3424 -1446.4448
3425 -1441.7326
3426 -1425.4899
3427 -1459.3756
3428 -1445.3658
3429 -1421.2378
3430 -1434.626
3431 -1414.2125
3432 -1447.5769
3433 -1442.5763
3434 -1454.2021
3435 -1458.7727
3436 -1458.0824
3437 -1428.5241
3438 -1455.9334
3439 -1450.521
3440 -1452.5543
3441 -1459.4234
3442 -1455.8672
3443 -1445.7917
3444 -1459.0895
3445 -1440.338
3446 -1456.4111
3447 -1445.9674
3448 -1441.1136
3449 -1445.761
3450 -1449.4662
3451 -1452.6371
3452 -1456.7575
3453 -1449.7264
3454 -1410.9404
3455 -1457.9228
3456 -1452.3689
3457 -1448.4793
3458 -1441.2242
3459 -1406.1816
3460 -1440.5256
3461 -1385.4378
3462 -1444.4089
3463 -1422.26
3464 -1457.2339
3465 -1412.6752
3466 -1436.7733
3467 -1447.6194
3468 -1457.7082
3469 -1430.0893
3470 -1450.1046
3471 -1417.1924
3472 -1449.7976
3473 -1443.1633
3474 -1448.2098
3475 -1447.6969
3476 -1442.8812
3477 -1446.8518
3478 -1442.9448
3479 -1439.6775
3480 -1435.6362
3481 -1457.9631
3482 -1458.2684
3483 -1446.2385
3484 -1453.8843
3485 -1455.1426
3486 -1446.373
3487 -1450.2637
3488 -1451.939
3489 -1421.3181
3490 -1444.9846
3491 -1458.0087
3492 -1387.1155
3493 -1458.365
3494 -1447.005
3495 -1459.2113
3496 -1431.1568
3497 -1422.2171
3498 -1457.6853
3499 -1434.0582
3500 -1444.3617
3501 -1408.4912
3502 -1409.6339
3503 -1411.9193
3504 -1416.1216
3505 -1457.3563
3506 -1450.3996
3507 -1449.0186
3508 -1453.2248
3509 -1444.5471
3510 -1440.7106
3511 -1457.1432
3512 -1459.1182
3513 -1438.5361
3514 -1458.8793
3515 -1432.1233
3516 -1458.6588
3517 -1448.5219
3518 -1432.1998
3519 -1427.9524
3520 -1434.9894
3521 -1410.0365
3522 -1458.7465
3523 -1448.4035
3524 -1454.7662
3525 -1401.091
3526 -1419.9997
3527 -1415.419
3528 -1454.303
3529 -1458.7059
3530 -1456.9067
3531 -1444.4882
3532 -1453.3862
3533 -1456.2067
3534 -1423.6762
3535 -1452.1414
3536 -1437.8563
3537 -1439.011
3538 -1351.7219
3539 -1458.1357
3540 -1451.7801
3541 -1425.6425
3542 -1459.4835
3543 -1394.8045
3544 -1435.4812
3545 -1456.3158
3546 -1402.4522
3547 -1427.6953
3548 -1448.101
3549 -1434.0521
3550 -1448.2789
3551 -1452.5759
3552 -1443.7354
3553 -1451.1947
3554 -1424.8352
3555 -1443.5232
3556 -1410.2024
3557 -1456.595
3558 -1388.3439
3559 -1459.0114
3560 -1445.744
3561 -1455.507
3562 -1457.976
3563 -1454.6223
3564 -1452.2828
3565 -1432.5521
3566 -1454.7999
3567 -1452.7447
3568 -1442.7183
3569 -1451.3973
3570 -1434.1578
3571 -1425.6963
3572 -1458.1245
3573 -1459.6662
3574 -1450.5748
3575 -1418.6356
3576 -1446.7191
3577 -1452.9448
3578 -1384.9212
3579 -1448.1925
3580 -1423.1454
3581 -1415.6498
3582 -1437.5309
3583 -1457.4199
3584 -1455.4806
3585 -1424.1555
3586 -1432.7783
3587 -1435.9995
3588 -1425.0964
3589 -1456.2338
3590 -1456.4595
3591 -1455.2475
3592 -1443.7579
3593 -1453.7028
3594 -1403.9223
3595 -1455.1284
3596 -1452.5921
3597 -1447.2985
3598 -1456.6944
3599 -1459.2081
3600 -1437.2329
3601 -1430.654
3602 -1444.0154
3603 -1439.0661
3604 -1426.7034
3605 -1447.0184
3606 -1454.1406
3607 -1455.8733
3608 -1439.9873
3609 -1445.1995
3610 -1433.7833
3611 -1445.4198
3612 -1450.7246
3613 -1416.9578
3614 -1457.6403
3615 -1459.5345
3616 -1461.9668
3617 -1449.5924
3618 -1457.5835
3619 -1447.2765
3620 -1454.1325
3621 -1460.2493
3622 -1449.7366
3623 -1437.5656
3624 -1434.4124
3625 -1443.0632
3626 -1460.7647
3627 -1453.6974
3628 -1447.343
3629 -1462.487
3630 -1449.5842
3631 -1461.4889
3632 -1419.7985
3633 -1454.8914
3634 -1461.5403
3635 -1453.3231
3636 -1454.9785
3637 -1455.6169
3638 -1462.4851
3639 -1381.8514
3640 -1441.2168
3641 -1435.8868
3642 -1453.583
3643 -1421.4784
3644 -1441.7199
3645 -1456.3001
3646 -1417.6328
3647 -1461.305
3648 -1448.3674
3649 -1461.1343
3650 -1457.5328
3651 -1450.556
3652 -1458.5721
3653 -1428.5967
3654 -1458.8849
3655 -1414.5748
3656 -1460.6092
3657 -1455.5971
3658 -1440.0494
3659 -1461.7894
3660 -1459.2728
3661 -1446.4032
3662 -1423.8747
3663 -1457.9821
3664 -1454.5421
3665 -1448.3303
3666 -1453.2741
3667 -1443.9043
3668 -1448.9845
3669 -1452.2826
3670 -1446.6108
3671 -1455.3406
3672 -1429.3624
3673 -1461.6216
3674 -1422.181
3675 -1423.7356
3676 -1459.2548
3677 -1453.7507
3678 -1455.0616
3679 -1455.7322
3680 -1458.1997
3681 -1452.0448
3682 -1438.4282
3683 -1420.623
3684 -1455.143
3685 -1439.8667
3686 -1462.1105
3687 -1437.4882
3688 -1440.8626
3689 -1447.4811
3690 -1460.0979
3691 -1461.2749
3692 -1452.6924
3693 -1437.0235
3694 -1462.1378
3695 -1460.2572
3696 -1457.3839
3697 -1461.9975
3698 -1450.5862
3699 -1450.5743
3700 -1361.7298
3701 -1441.1208
3702 -1432.9501
3703 -1441.1055
3704 -1454.7017
3705 -1449.1597
3706 -1462.7089
3707 -1443.9178
3708 -1440.4426
3709 -1457.2892
3710 -1453.1384
3711 -1455.0163
3712 -1462.4759
3713 -1455.9097
3714 -1450.8678
3715 -1416.5735
3716 -1452.0403
3717 -1457.0552
3718 -1454.3029
3719 -1423.5866
3720 -1459.7656
3721 -1460.7698
3722 -1443.778
3723 -1424.6987
3724 -1451.4465
3725 -1457.7521
3726 -1451.3731
3727 -1454.6916
3728 -1447.9053
3729 -1458.8265
3730 -1444.1916
3731 -1459.426
3732 -1425.3164
3733 -1461.0554
3734 -1445.4563
3735 -1422.4039
3736 -1445.7226
3737 -1454.8978
3738 -1425.2142
3739 -1445.832
3740 -1449.722
3741 -1442.5651
3742 -1461.9074
3743 -1447.4572
3744 -1460.3303
3745 -1463.0792
3746 -1458.5135
3747 -1445.0753
3748 -1445.9678
3749 -1452.788
3750 -1453.3937
3751 -1457.7842
3752 -1458.168
3753 -1427.1924
3754 -1458.8533
3755 -1457.3343
3756 -1460.0917
3757 -1452.5574
3758 -1442.2823
3759 -1461.1556
3760 -1456.1157
3761 -1457.1304
3762 -1449.562
3763 -1454.3561
3764 -1457.0974
3765 -1458.0783
3766 -1429.0971
3767 -1444.9068
3768 -1430.0683
3769 -1453.3588
3770 -1442.7937
3771 -1449.9863
3772 -1461.6214
3773 -1426.5651
3774 -1455.5251
3775 -1458.6477
3776 -1416.5197
3777 -1421.4971
3778 -1437.3753
3779 -1462.105
3780 -1454.6406
3781 -1459.6744
3782 -1462.5214
3783 -1455.2459
3784 -1404.7444
3785 -1420.6119
3786 -1406.2765
3787 -1459.4798
3788 -1435.6351
3789 -1430.725
3790 -1452.3839
3791 -1434.6179
3792 -1456.9816
3793 -1457.4703
3794 -1413.0733
3795 -1434.9492
3796 -1461.624
3797 -1423.6991
3798 -1443.2511
3799 -1404.1804
3800 -1422.2022
3801 -1444.9801
3802 -1461.0332
3803 -1446.0028
3804 -1448.8622
3805 -1446.4863
3806 -1435.3485
3807 -1461.9169
3808 -1450.5199
3809 -1459.7662
3810 -1451.8746
3811 -1453.9441
3812 -1459.3063
3813 -1448.5837
3814 -1450.066
3815 -1453.9688
3816 -1455.7324
3817 -1459.3099
3818 -1445.6908
3819 -1451.2718
3820 -1446.9857
3821 -1421.6775
3822 -1446.2802
3823 -1457.4188
3824 -1462.5054
3825 -1459.0409
3826 -1450.2629
3827 -1440.2273
3828 -1448.2886
3829 -1423.3635
3830 -1452.8113
3831 -1456.1972
3832 -1432.8166
3833 -1454.0711
3834 -1417.8703
3835 -1457.2819
3836 -1460.6584
3837 -1450.2905
3838 -1440.2805
3839 -1448.8841
3840 -1462.2953
3841 -1443.809
3842 -1449.2963
3843 -1459.6982
3844 -1430.8449
3845 -1456.3717
3846 -1456.9671
3847 -1432.816
3848 -1456.9614
3849 -1449.72
3850 -1458.3257
3851 -1460.2115
3852 -1460.5006
3853 -1445.1603
3854 -1451.6616
3855 -1446.3453
3856 -1416.8071
3857 -1435.6713
3858 -1462.4833
3859 -1435.3038
3860 -1439.291
3861 -1328.1427
3862 -1457.7978
3863 -1451.0659
3864 -1427.0164
3865 -1461.5546
3866 -1460.0029
3867 -1449.628
3868 -1460.1571
3869 -1457.0993
3870 -1434.384
3871 -1453.0611
3872 -1440.4918
3873 -1441.6626
3874 -1432.5992
3875 -1460.3978
3876 -1353.7748
3877 -1460.4056
3878 -1457.2494
3879 -1461.6855
3880 -1458.1552
3881 -1450.3976
3882 -1462.8534
3883 -1463.0632
3884 -1462.701
3885 -1444.6126
3886 -1458.4892
3887 -1454.8745
3888 -1456.6748
3889 -1461.249
3890 -1432.0848
3891 -1459.6407
3892 -1462.1303
3893 -1462.4759
3894 -1442.5957
3895 -1408.3411
3896 -1453.1166
3897 -1392.3562
3898 -1447.5509
3899 -1457.2543
3900 -1461.4739
3901 -1434.5607
3902 -1459.066
3903 -1454.1402
3904 -1459.288
3905 -1461.1097
3906 -1413.07
3907 -1458.7383
3908 -1462.2923
3909 -1445.6144
3910 -1458.4648
3911 -1442.2472
3912 -1461.4434
3913 -1455.7033
3914 -1456.297
3915 -1438.4804
3916 -1459.8384
3917 -1387.7182
3918 -1460.7516
3919 -1455.6052
3920 -1458.7486
3921 -1438.8576
3922 -1462.9491
3923 -1441.9289
3924 -1433.81
3925 -1455.5538
3926 -1437.1028
3927 -1455.3235
3928 -1437.3843
3929 -1461.7956
3930 -1461.7676
3931 -1427.399
3932 -1422.088
3933 -1440.951
3934 -1442.8903
3935 -1458.6261
3936 -1454.7843
3937 -1438.4962
3938 -1460.8325
3939 -1447.925
3940 -1384.5033
3941 -1456.5562
3942 -1457.7688
3943 -1445.7042
3944 -1426.8846
3945 -1463.0864
3946 -1454.9821
3947 -1455.6062
3948 -1415.2059
3949 -1456.4359
3950 -1459.2886
3951 -1429.1415
3952 -1455.8948
3953 -1441.6671
3954 -1458.6868
3955 -1444.5899
3956 -1460.9595
3957 -1460.2717
3958 -1452.5841
3959 -1450.007
3960 -1457.5935
3961 -1446.316
3962 -1455.1667
3963 -1432.6389
3964 -1423.788
3965 -1456.1409
3966 -1462.6346
3967 -1407.7325
3968 -1460.7316
3969 -1462.4246
3970 -1423.0799
3971 -1460.4289
3972 -1426.361
3973 -1423.3159
3974 -1463.1291
3975 -1456.2279
3976 -1457.959
3977 -1452.7162
3978 -1429.2193
3979 -1458.4336
3980 -1439.9286
3981 -1451.3272
3982 -1452.3092
3983 -1449.5363
3984 -1454.2647
3985 -1431.6685
3986 -1419.1525
3987 -1439.586
3988 -1456.1764
3989 -1460.6295
3990 -1453.5835
3991 -1421.069
3992 -1422.6474
3993 -1441.3674
3994 -1452.6032
3995 -1408.7062
3996 -1458.8449
3997 -1441.5806
3998 -1456.1904
3999 -1425.1211
4000 -1452.2959
4001 -1462.7548
4002 -1456.171
4003 -1455.1929
4004 -1461.6834
4005 -1423.7031
4006 -1455.0114
4007 -1457.6464
4008 -1457.1954
4009 -1456.7365
4010 -1462.6238
4011 -1451.3653
4012 -1454.5179
4013 -1428.7445
4014 -1448.3551
4015 -1428.3889
4016 -1449.3352
4017 -1462.4756
4018 -1463.2343
4019 -1461.0004
4020 -1452.4513
4021 -1428.8338
4022 -1442.2457
4023 -1452.2469
4024 -1463.2042
4025 -1462.8697
4026 -1455.2522
4027 -1443.6942
4028 -1463.2939
4029 -1440.95
4030 -1461.4432
4031 -1439.7269
4032 -1450.0212
4033 -1455.9098
4034 -1457.5637
4035 -1455.1416
4036 -1462.825
4037 -1435.451
4038 -1376.5675
4039 -1407.2347
4040 -1434.6003
4041 -1449.3382
4042 -1456.048
4043 -1425.8611
4044 -1446.7013
4045 -1403.1189
4046 -1449.0186
4047 -1459.1154
4048 -1430.2596
4049 -1453.7408
4050 -1439.9691
4051 -1460.6202
4052 -1447.1293
4053 -1461.3959
4054 -1438.1572
4055 -1455.7249
4056 -1430.0242
4057 -1446.2523
4058 -1459.7113
4059 -1449.2227
4060 -1434.7427
4061 -1440.5402
4062 -1439.7904
4063 -1459.345
4064 -1462.7061
4065 -1457.6122
4066 -1453.3399
4067 -1435.886
4068 -1458.9281
4069 -1405.2682
4070 -1443.4899
4071 -1462.9875
4072 -1421.7516
4073 -1462.4799
4074 -1462.271
4075 -1448.1711
4076 -1454.4924
4077 -1457.1055
4078 -1412.224
4079 -1460.0347
4080 -1453.6679
4081 -1455.394
4082 -1463.3043
4083 -1433.0099
4084 -1435.6615
4085 -1462.7653
4086 -1452.7692
4087 -1462.7669
4088 -1458.5641
4089 -1456.7673
4090 -1452.225
4091 -1459.604
4092 -1424.5852
4093 -1457.9791
4094 -1439.6906
4095 -1456.9297
4096 -1462.9634
4097 -1448.0402
4098 -1454.5372
4099 -1452.563
4100 -1460.5184
4101 -1445.2615
4102 -1462.3198
4103 -1447.9342
4104 -1439.8243
4105 -1455.0413
4106 -1458.0784
4107 -1449.7851
4108 -1425.1371
4109 -1463.1285
4110 -1457.2456
4111 -1458.8306
4112 -1447.0559
4113 -1453.934
4114 -1462.9839
4115 -1438.2975
4116 -1431.4417
4117 -1442.7667
4118 -1451.4941
4119 -1432.7544
4120 -1460.9732
4121 -1423.5343
4122 -1441.2629
4123 -1459.5279
4124 -1459.7925
4125 -1451.9237
4126 -1457.6376
4127 -1461.3678
4128 -1457.0329
4129 -1430.8827
4130 -1461.3787
4131 -1435.792
4132 -1440.563
4133 -1453.4182
4134 -1455.164
4135 -1460.2691
4136 -1444.4447
4137 -1458.5393
4138 -1444.2591
4139 -1423.6259
4140 -1462.1241
4141 -1451.3403
4142 -1449.2123
4143 -1456.4948
4144 -1446.813
4145 -1459.0528
4146 -1459.4239
4147 -1449.287
4148 -1456.7007
4149 -1447.8039
4150 -1458.8129
4151 -1451.8584
4152 -1462.8385
4153 -1460.492
4154 -1457.19
4155 -1461.9424
4156 -1461.9862
4157 -1439.2973
4158 -1428.2776
4159 -1460.8878
4160 -1459.2252
4161 -1449.7333
4162 -1399.5947
4163 -1441.5512
4164 -1456.3633
4165 -1457.9998
4166 -1432.651
4167 -1443.5377
4168 -1459.5485
4169 -1447.425
4170 -1442.2305
4171 -1454.3972
4172 -1462.5749
4173 -1456.2682
4174 -1459.8982
4175 -1447.6369
4176 -1441.0938
4177 -1441.52
4178 -1460.2128
4179 -1434.4089
4180 -1400.5281
4181 -1452.9106
4182 -1446.6945
4183 -1462.7999
4184 -1458.611
4185 -1407.8693
4186 -1462.8372
4187 -1444.6408
4188 -1456.6109
4189 -1420.2551
4190 -1459.5943
4191 -1460.6534
4192 -1459.9859
4193 -1446.9198
4194 -1443.8179
4195 -1462.5107
4196 -1460.3403
4197 -1451.939
4198 -1462.0274
4199 -1456.8254
4200 -1460.6708
4201 -1461.4389
4202 -1445.0334
4203 -1460.1341
4204 -1456.117
4205 -1460.4839
4206 -1463.9579
4207 -1455.1519
4208 -1462.5384
4209 -1455.0195
4210 -1464.144
4211 -1457.2187
4212 -1457.9021
4213 -1452.8786
4214 -1455.7999
4215 -1462.2557
4216 -1462.2766
4217 -1451.6154
4218 -1447.7169
4219 -1454.3108
4220 -1439.1926
4221 -1460.6484
4222 -1450.5164
4223 -1437.3576
4224 -1461.4388
4225 -1396.3797
4226 -1460.664
4227 -1459.4946
4228 -1434.9013
4229 -1460.5842
4230 -1459.9969
4231 -1462.5233
4232 -1451.4458
4233 -1464.2808
4234 -1458.9325
4235 -1427.8327
4236 -1446.433
4237 -1464.4771
4238 -1460.6841
4239 -1459.2112
4240 -1456.6644
4241 -1463.158
4242 -1453.8951
4243 -1434.5645
4244 -1441.8735
4245 -1426.9289
4246 -1450.9927
4247 -1462.1232
4248 -1438.5141
4249 -1456.3096
4250 -1460.8769
4251 -1461.7637
4252 -1453.6666
4253 -1455.1281
4254 -1443.248
4255 -1433.6192
4256 -1452.1124
4257 -1461.387
4258 -1458.1462
4259 -1455.8606
4260 -1441.9197
4261 -1458.8761
4262 -1435.8157
4263 -1460.3448
4264 -1459.4462
4265 -1436.8081
4266 -1454.7965
4267 -1453.8306
4268 -1460.9252
4269 -1453.3529
4270 -1458.7469
4271 -1395.6838
4272 -1435.8657
4273 -1463.529
4274 -1462.4636
4275 -1462.2758
4276 -1429.7359
4277 -1451.738
4278 -1454.944
4279 -1446.6487
4280 -1462.8513
4281 -1431.183
4282 -1460.4269
4283 -1435.6438
4284 -1463.2553
4285 -1408.9755
4286 -1415.1652
4287 -1442.3213
4288 -1451.7808
4289 -1460.6266
4290 -1458.6363
4291 -1456.2576
4292 -1444.0541
4293 -1463.1582
4294 -1455.5068
4295 -1453.7176
4296 -1462.549
4297 -1454.8938
4298 -1453.406
4299 -1452.7612
4300 -1450.8322
4301 -1461.3693
4302 -1463.3974
4303 -1458.799
4304 -1432.9327
4305 -1440.4743
4306 -1461.8059
4307 -1432.6729
4308 -1435.8663
4309 -1463.0942
4310 -1460.3
4311 -1462.0535
4312 -1460.4978
4313 -1442.6879
4314 -1456.1231
4315 -1459.397
4316 -1463.0902
4317 -1454.7893
4318 -1458.5864
4319 -1463.5568
4320 -1454.571
4321 -1454.2758
4322 -1460.9443
4323 -1461.2435
4324 -1453.4572
4325 -1441.6773
4326 -1449.7512
4327 -1463.0414
4328 -1452.8718
4329 -1434.0863
4330 -1459.0708
4331 -1441.4134
4332 -1448.8175
4333 -1381.197
4334 -1459.4325
4335 -1455.3271
4336 -1423.1476
4337 -1461.3605
4338 -1446.366
4339 -1430.2148
4340 -1462.8876
4341 -1453.6588
4342 -1457.0724
4343 -1453.1989
4344 -1464.5786
4345 -1454.3059
4346 -1425.3257
4347 -1447.3181
4348 -1438.6435
4349 -1441.4706
4350 -1433.7809
4351 -1460.9722
4352 -1432.6456
4353 -1465.0325
4354 -1464.3597
4355 -1418.3115
4356 -1391.6056
4357 -1462.0321
4358 -1456.7947
4359 -1444.9003
4360 -1440.08
4361 -1453.4914
4362 -1461.8341
4363 -1460.7279
4364 -1460.224
4365 -1431.1851
4366 -1386.0989
4367 -1456.1348
4368 -1434.6776
4369 -1448.2327
4370 -1464.5886
4371 -1435.0719
4372 -1464.6286
4373 -1449.4472
4374 -1459.6382
4375 -1454.1826
4376 -1464.7943
4377 -1444.1134
4378 -1457.7492
4379 -1458.1293
4380 -1434.2211
4381 -1401.458
4382 -1461.6509
4383 -1460.314
4384 -1454.581
4385 -1415.8863
4386 -1454.756
4387 -1459.0677
4388 -1439.7982
4389 -1450.5903
4390 -1416.9716
4391 -1464.3689
4392 -1463.014
4393 -1447.5256
4394 -1460.3063
4395 -1461.7699
4396 -1458.2662
4397 -1435.1003
4398 -1440.2242
4399 -1440.1395
4400 -1461.1451
4401 -1460.7678
4402 -1453.4955
4403 -1465.0215
4404 -1440.9833
4405 -1463.7685
4406 -1454.147
4407 -1442.2484
4408 -1454.2301
4409 -1440.1759
4410 -1454.0054
4411 -1444.7233
4412 -1461.3617
4413 -1463.7733
4414 -1454.722
4415 -1453.8801
4416 -1455.7629
4417 -1454.3882
4418 -1451.5003
4419 -1433.7582
4420 -1462.3725
4421 -1462.3314
4422 -1464.1252
4423 -1463.5088
4424 -1457.5903
4425 -1453.0075
4426 -1403.2366
4427 -1459.9138
4428 -1461.0247
4429 -1450.0879
4430 -1429.878
4431 -1459.0028
4432 -1457.3561
4433 -1463.8452
4434 -1450.805
4435 -1458.1974
4436 -1462.4411
4437 -1459.3462
4438 -1453.6463
4439 -1460.1664
4440 -1462.3304
4441 -1453.8885
4442 -1455.5351
4443 -1447.6696
4444 -1455.2567
4445 -1457.0653
4446 -1457.0684
4447 -1437.7892
4448 -1452.6918
4449 -1457.1258
4450 -1461.1594
4451 -1447.1724
4452 -1450.21
4453 -1465.4847
4454 -1454.9559
4455 -1463.9738
4456 -1441.8586
4457 -1445.5502
4458 -1464.8776
4459 -1464.4323
4460 -1443.6686
4461 -1453.8682
4462 -1417.2269
4463 -1462.7295
4464 -1454.546
4465 -1450.043
4466 -1444.4241
4467 -1438.6276
4468 -1456.7908
4469 -1455.6446
4470 -1442.34
4471 -1463.8434
4472 -1460.8719
4473 -1459.7113
4474 -1462.0469
4475 -1449.719
4476 -1437.8606
4477 -1449.7855
4478 -1460.8097
4479 -1460.6512
4480 -1452.0315
4481 -1428.8868
4482 -1419.8602
4483 -1428.2802
4484 -1464.3649
4485 -1446.7417
4486 -1450.8984
4487 -1406.6965
4488 -1442.1054
4489 -1457.3365
4490 -1433.0243
4491 -1406.0314
4492 -1449.4994
4493 -1445.3081
4494 -1451.3314
4495 -1430.328
4496 -1453.5436
4497 -1455.5479
4498 -1456.3529
4499 -1457.4667
4500 -1458.5475
4501 -1420.9933
4502 -1456.8529
4503 -1413.863
4504 -1444.8461
4505 -1430.1254
4506 -1429.1929
4507 -1428.7311
4508 -1456.9351
4509 -1460.2783
4510 -1451.0223
4511 -1443.6184
4512 -1454.5208
4513 -1437.6911
4514 -1426.8463
4515 -1451.7647
4516 -1429.4305
4517 -1462.6228
4518 -1463.766
4519 -1463.1358
4520 -1434.4589
4521 -1426.9819
4522 -1461.0717
4523 -1437.9161
4524 -1458.1404
4525 -1459.2326
4526 -1452.4067
4527 -1460.8588
4528 -1450.2152
4529 -1461.719
4530 -1448.2278
4531 -1450.759
4532 -1442.9468
4533 -1442.1114
4534 -1421.2256
4535 -1448.1019
4536 -1463.9845
4537 -1434.243
4538 -1465.2916
4539 -1445.0307
4540 -1464.7349
4541 -1451.0349
4542 -1442.0699
4543 -1462.5421
4544 -1453.2386
4545 -1422.2539
4546 -1437.5061
4547 -1465.4138
4548 -1375.2216
4549 -1454.9837
4550 -1462.9762
4551 -1461.8313
4552 -1429.9041
4553 -1433.5769
4554 -1460.5293
4555 -1465.1762
4556 -1458.3896
4557 -1462.2638
4558 -1449.2045
4559 -1448.4346
4560 -1437.9871
4561 -1456.8948
4562 -1397.8288
4563 -1458.2112
4564 -1460.1438
4565 -1460.3325
4566 -1431.8442
4567 -1465.1958
4568 -1461.8566
4569 -1449.8573
4570 -1458.3396
4571 -1465.2199
4572 -1441.9799
4573 -1451.6365
4574 -1452.2745
4575 -1460.434
4576 -1465.482
4577 -1395.3953
4578 -1458.9503
4579 -1460.8434
4580 -1451.5449
4581 -1439.5498
4582 -1452.545
4583 -1458.3412
4584 -1453.3978
4585 -1442.2398
4586 -1458.5467
4587 -1463.0857
4588 -1462.8508
4589 -1460.4103
4590 -1422.9263
4591 -1435.539
4592 -1453.1364
4593 -1451.7488
4594 -1461.0601
4595 -1424.462
4596 -1440.4031
4597 -1455.9416
4598 -1460.2513
4599 -1449.7775
4600 -1460.9829
4601 -1428.235
4602 -1461.1697
4603 -1451.3533
4604 -1459.4307
4605 -1410.4721
4606 -1445.4734
4607 -1450.3035
4608 -1450.9032
4609 -1457.4506
4610 -1459.3867
4611 -1437.9646
4612 -1446.8176
4613 -1461.2286
4614 -1455.044
4615 -1452.0963
4616 -1458.6323
4617 -1465.4059
4618 -1460.9447
4619 -1457.6691
4620 -1440.5428
4621 -1463.298
4622 -1455.0282
4623 -1465.2653
4624 -1461.7192
4625 -1456.0522
4626 -1464.5847
4627 -1435.4587
4628 -1462.7936
4629 -1464.0556
4630 -1460.8806
4631 -1443.7213
4632 -1450.5281
4633 -1454.6097
4634 -1462.8996
4635 -1460.5519
4636 -1437.8039
4637 -1452.3809
4638 -1437.4213
4639 -1464.5952
4640 -1444.8336
4641 -1455.8336
4642 -1456.8985
4643 -1449.0665
4644 -1464.8702
4645 -1455.7043
4646 -1464.9376
4647 -1458.9388
4648 -1438.2014
4649 -1458.6399
4650 -1456.5379
4651 -1464.0835
4652 -1441.1596
4653 -1441.6919
4654 -1439.1216
4655 -1450.3476
4656 -1442.7096
4657 -1434.0527
4658 -1452.1411
4659 -1458.748
4660 -1449.8324
4661 -1463.0991
4662 -1458.9538
4663 -1421.5916
4664 -1438.6124
4665 -1442.3987
4666 -1432.8725
4667 -1453.1385
4668 -1454.4371
4669 -1457.518
4670 -1455.0514
4671 -1437.3144
4672 -1460.3925
4673 -1429.1681
4674 -1434.6867
4675 -1464.125
4676 -1456.6764
4677 -1453.5211
4678 -1442.4312
4679 -1460.0332
4680 -1437.1795
4681 -1464.831
4682 -1458.5929
4683 -1457.3123
4684 -1464.3111
4685 -1459.4912
4686 -1463.507
4687 -1463.555
4688 -1460.1931
4689 -1459.8925
4690 -1441.0555
4691 -1448.3532
4692 -1422.3424
4693 -1464.8074
4694 -1461.6148
4695 -1457.7171
4696 -1458.1213
4697 -1459.5614
4698 -1453.1361
4699 -1451.1936
4700 -1450.7587
4701 -1453.8597
4702 -1453.2535
4703 -1464.2541
4704 -1463.7841
4705 -1450.4241
4706 -1455.2284
4707 -1452.199
4708 -1437.7308
4709 -1464.2126
4710 -1460.5924
4711 -1463.9363
4712 -1453.1127
4713 -1465.8139
4714 -1452.284
4715 -1463.5419
4716 -1416.9152
4717 -1462.5232
4718 -1410.2467
4719 -1434.9151
4720 -1459.3038
4721 -1443.3752
4722 -1464.5409
4723 -1430.0598
4724 -1462.1802
4725 -1439.3859
4726 -1444.6764
4727 -1463.9536
4728 -1434.3936
4729 -1425.9792
4730 -1463.3594
4731 -1458.4455
4732 -1451.3265
4733 -1403.9811
4734 -1452.115
4735 -1453.3136
4736 -1465.212
4737 -1458.1297
4738 -1445.0825
4739 -1465.6001
4740 -1433.3997
4741 -1449.835
4742 -1460.4567
4743 -1464.1967
4744 -1450.3522
4745 -1459.7138
4746 -1453.6025
4747 -1449.2461
4748 -1462.3372
4749 -1458.7457
4750 -1465.9903
4751 -1445.4992
4752 -1464.0652
4753 -1438.3853
4754 -1459.2865
4755 -1460.0844
4756 -1438.7929
4757 -1446.883
4758 -1451.3712
4759 -1455.8417
4760 -1434.0356
4761 -1429.8943
4762 -1451.4732
4763 -1433.4037
4764 -1422.5511
4765 -1455.2813
4766 -1452.5987
4767 -1464.9694
4768 -1463.5607
4769 -1453.1777
4770 -1457.309
4771 -1436.421
4772 -1445.2952
4773 -1455.86
4774 -1461.3963
4775 -1456.1418
4776 -1452.8083
4777 -1465.6544
4778 -1438.9404
4779 -1458.995
4780 -1455.6811
4781 -1425.3192
4782 -1462.7372
4783 -1456.6485
4784 -1460.0768
4785 -1457.788
4786 -1457.6916
4787 -1463.2995
4788 -1463.4216
4789 -1449.0589
4790 -1441.1775
4791 -1438.6426
4792 -1465.092
4793 -1451.9978
4794 -1443.8182
4795 -1462.4115
4796 -1464.1853
4797 -1463.1563
4798 -1457.6912
4799 -1456.5121
4800 -1451.2841
4801 -1429.5032
4802 -1453.3811
4803 -1446.1141
4804 -1465.3738
4805 -1464.8332
4806 -1462.7057
4807 -1448.0596
4808 -1438.9473
4809 -1450.5139
4810 -1431.7266
4811 -1458.0212
4812 -1440.4126
4813 -1455.6603
4814 -1464.7491
4815 -1447.367
4816 -1461.757
4817 -1452.5075
4818 -1456.2338
4819 -1457.5088
4820 -1450.4613
4821 -1447.0768
4822 -1441.9335
4823 -1462.5649
4824 -1463.4577
4825 -1454.5238
4826 -1442.8189
4827 -1457.3388
4828 -1430.8242
4829 -1451.541
4830 -1428.2156
4831 -1462.9356
4832 -1433.6233
4833 -1461.8126
4834 -1437.9144
4835 -1461.0706
4836 -1460.8599
4837 -1464.6967
4838 -1461.8821
4839 -1427.8435
4840 -1459.0583
4841 -1448.0018
4842 -1427.6523
4843 -1442.17
4844 -1454.6903
4845 -1464.2572
4846 -1423.2437
4847 -1459.3735
4848 -1464.036
4849 -1461.1748
4850 -1465.078
4851 -1451.865
4852 -1446.1526
4853 -1398.1809
4854 -1456.3087
4855 -1461.1086
4856 -1462.1723
4857 -1443.8606
4858 -1459.5766
4859 -1451.06
4860 -1461.0304
4861 -1459.4054
4862 -1445.7569
4863 -1430.6975
4864 -1465.2894
4865 -1461.0866
4866 -1413.5431
4867 -1462.806
4868 -1461.2786
4869 -1447.2496
4870 -1466.2819
4871 -1454.8174
4872 -1455.6415
4873 -1442.0808
4874 -1457.9981
4875 -1411.2944
4876 -1460.0482
4877 -1435.9392
4878 -1440.4781
4879 -1426.6914
4880 -1423.5444
4881 -1447.6343
4882 -1441.765
4883 -1451.4989
4884 -1451.9744
4885 -1424.1487
4886 -1462.3137
4887 -1455.3835
4888 -1424.6847
4889 -1417.3332
4890 -1463.7948
4891 -1464.1586
4892 -1415.0501
4893 -1461.0352
4894 -1444.7236
4895 -1464.3903
4896 -1460.5432
4897 -1441.8052
4898 -1448.208
4899 -1452.1804
4900 -1466.0469
4901 -1466.4554
4902 -1446.4381
4903 -1457.9911
4904 -1465.6832
4905 -1436.3238
4906 -1463.1849
4907 -1456.8264
4908 -1452.0064
4909 -1444.9053
4910 -1460.9166
4911 -1464.6506
4912 -1460.1484
4913 -1432.6364
4914 -1441.8247
4915 -1465.702
4916 -1459.5488
4917 -1461.7139
4918 -1462
4919 -1447.4399
4920 -1460.4702
4921 -1431.295
4922 -1449.6487
4923 -1451.4585
4924 -1460.3463
4925 -1460.6198
4926 -1453.4362
4927 -1442.8337
4928 -1452.315
4929 -1451.254
4930 -1436.478
4931 -1441.5718
4932 -1458.0857
4933 -1464.1753
4934 -1439.8822
4935 -1424.737
4936 -1410.0518
4937 -1444.5355
4938 -1466.5072
4939 -1461.1061
4940 -1466.304
4941 -1466.3522
4942 -1457.1627
4943 -1434.9324
4944 -1461.6812
4945 -1378.9139
4946 -1440.4484
4947 -1455.1199
4948 -1463.6607
4949 -1466.3892
4950 -1461.9364
4951 -1463.6593
4952 -1423.7047
4953 -1450.3552
4954 -1459.7474
4955 -1423.2591
4956 -1446.1779
4957 -1465.0553
4958 -1466.2233
4959 -1458.2557
4960 -1441.4614
4961 -1442.4584
4962 -1436.7719
4963 -1459.6211
4964 -1447.626
4965 -1439.1604
4966 -1458.2049
4967 -1460.5694
4968 -1466.6209
4969 -1454.3774
4970 -1434.9309
4971 -1464.0898
4972 -1446.6213
4973 -1461.6009
4974 -1461.6743
4975 -1453.2415
4976 -1454.0298
4977 -1466.2561
4978 -1430.6932
4979 -1458.2859
4980 -1412.9956
4981 -1458.9214
4982 -1465.6843
4983 -1464.2957
4984 -1460.3168
4985 -1450.548
4986 -1461.9014
4987 -1446.9963
4988 -1464.8504
4989 -1460.5519
4990 -1460.851
4991 -1456.1854
4992 -1452.1407
4993 -1460.5793
4994 -1464.9355
4995 -1423.6109
4996 -1410.465
4997 -1458.3269
4998 -1464.0704
4999 -1439.0998
5000 -1462.0816
5001 -1434.4673
5002 -1466.8284
5003 -1467.1085
5004 -1466.3567
5005 -1444.422
5006 -1460.6438
5007 -1465.1446
5008 -1429.009
5009 -1450.2333
5010 -1439.128
5011 -1449.5944
5012 -1458.9439
5013 -1463.3226
5014 -1466.9535
5015 -1465.6587
5016 -1466.8274
5017 -1459.1787
5018 -1458.2985
5019 -1466.1166
5020 -1465.9745
5021 -1465.2892
5022 -1452.2036
5023 -1411.8868
5024 -1433.1143
5025 -1451.8463
5026 -1465.159
5027 -1458.9502
5028 -1466.8124
5029 -1451.7638
5030 -1453.1293
5031 -1452.1981
5032 -1460.6385
5033 -1462.3487
5034 -1463.8283
5035 -1460.6046
5036 -1458.967
5037 -1460.9878
5038 -1442.8406
5039 -1463.1833
5040 -1429.2901
5041 -1444.4931
5042 -1448.5375
5043 -1466.1904
5044 -1463.2228
5045 -1462.3658
5046 -1466.5965
5047 -1463.8606
5048 -1427.7835
5049 -1455.0251
5050 -1437.9764
5051 -1462.993
5052 -1465.1245
5053 -1445.4974
5054 -1456.7886
5055 -1436.0299
5056 -1415.4008
5057 -1445.7338
5058 -1444.2695
5059 -1458.9217
5060 -1464.7964
5061 -1444.8297
5062 -1466.0445
5063 -1466.6167
5064 -1453.7592
5065 -1419.933
5066 -1423.7139
5067 -1460.6558
5068 -1464.8695
5069 -1463.7435
5070 -1418.4889
5071 -1436.0357
5072 -1456.7429
5073 -1398.5494
5074 -1460.3717
5075 -1445.4889
5076 -1399.3882
5077 -1461.9453
5078 -1435.5441
5079 -1447.5853
5080 -1461.9669
5081 -1467.3173
5082 -1463.8843
5083 -1375.5246
5084 -1454.5553
5085 -1423.1108
5086 -1460.2632
5087 -1466.7479
5088 -1455.2747
5089 -1453.545
5090 -1463.0235
5091 -1463.4577
5092 -1446.0479
5093 -1452.0505
5094 -1462.0718
5095 -1466.5463
5096 -1441.1581
5097 -1453.8564
5098 -1459.8478
5099 -1435.2406
5100 -1467.2382
5101 -1465.2445
5102 -1453.7223
5103 -1456.0031
5104 -1448.3636
5105 -1425.6828
5106 -1458.2894
5107 -1434.3833
5108 -1461.9177
5109 -1455.564
5110 -1464.3202
5111 -1462.0128
5112 -1453.5033
5113 -1442.5067
5114 -1454.9152
5115 -1467.2981
5116 -1451.3671
5117 -1465.9207
5118 -1458.9764
5119 -1444.3192
5120 -1455.829
5121 -1451.1264
5122 -1452.3924
5123 -1460.3829
5124 -1465.3869
5125 -1458.2646
5126 -1412.2868
5127 -1466.8637
5128 -1463.2901
5129 -1467.2437
5130 -1462.9202
5131 -1441.978
5132 -1465.3255
5133 -1465.5878
5134 -1438.0656
5135 -1456.0424
5136 -1460.5177
5137 -1463.4698
5138 -1461.9898
5139 -1445.8906
5140 -1449.8246
5141 -1465.1996
5142 -1457.0139
5143 -1460.5843
5144 -1457.7594
5145 -1441.6898
5146 -1460.8281
5147 -1466.3657
5148 -1461.9436
5149 -1402.2134
5150 -1426.5215
5151 -1461.5251
5152 -1446.2157
5153 -1453.5476
5154 -1452.9456
5155 -1418.3216
5156 -1440.9372
5157 -1466.8623
5158 -1447.4567
5159 -1457.7942
5160 -1464.2708
5161 -1455.654
5162 -1458.4437
5163 -1463.8913
5164 -1449.9717
5165 -1458.5852
5166 -1465.6681
5167 -1457.5787
5168 -1463.8676
5169 -1463.5414
5170 -1456.3632
5171 -1439.2409
5172 -1460.3649
5173 -1457.9609
5174 -1463.3284
5175 -1464.9647
5176 -1466.4873
5177 -1465.0296
5178 -1454.818
5179 -1451.3251
5180 -1458.7612
5181 -1453.2634
5182 -1464.7043
5183 -1466.2713
5184 -1435.6467
5185 -1442.1194
5186 -1459.7569
5187 -1440.1272
5188 -1456.2071
5189 -1453.2478
5190 -1462.1828
5191 -1440.6605
5192 -1463.5094
5193 -1466.1066
5194 -1463.9287
5195 -1446.18
5196 -1456.4475
5197 -1431.549
5198 -1459.9155
5199 -1464.6593
5200 -1414.5107
5201 -1454.8436
5202 -1462.2516
5203 -1463.4338
5204 -1374.0396
5205 -1462.7047
5206 -1466.6581
5207 -1459.0525
5208 -1460.3635
5209 -1452.3251
5210 -1462.0116
5211 -1462.3821
5212 -1459.2425
5213 -1445.619
5214 -1456.6776
5215 -1418.6504
5216 -1428.7967
5217 -1467.1722
5218 -1461.0334
5219 -1433.4607
5220 -1452.9547
5221 -1465.0666
5222 -1465.8337
5223 -1461.2093
5224 -1447.2691
5225 -1455.6564
5226 -1467.1492
5227 -1442.7172
5228 -1465.5564
5229 -1422.5443
5230 -1463.7724
5231 -1467.0655
5232 -1463.9421
5233 -1458.9187
5234 -1464.8551
5235 -1464.3831
5236 -1440.9529
5237 -1460.6336
5238 -1461.8671
5239 -1458.8536
5240 -1446.7738
5241 -1464.8254
5242 -1455.278
5243 -1464.5004
5244 -1460.7862
5245 -1455.1908
5246 -1438.6976
5247 -1417.1866
5248 -1416.7737
5249 -1461.9144
5250 -1449.493
5251 -1462.6074
5252 -1460.8286
5253 -1466.4203
5254 -1461.9816
5255 -1437.5017
5256 -1463.3038
5257 -1448.9886
5258 -1433.7447
5259 -1462.5655
5260 -1466.8779
5261 -1453.7677
5262 -1463.8367
5263 -1386.288
5264 -1465.9439
5265 -1449.7994
5266 -1460.2991
5267 -1460.8342
5268 -1447.4877
5269 -1438.833
5270 -1455.573
5271 -1444.0078
5272 -1437.8714
5273 -1457.3765
5274 -1456.7113
5275 -1447.1745
5276 -1461.3011
5277 -1450.6284
5278 -1464.0225
5279 -1431.5957
5280 -1443.6056
5281 -1453.0936
5282 -1429.695
5283 -1462.0149
5284 -1425.0615
5285 -1424.3838
5286 -1439.5797
5287 -1453.047
5288 -1445.7054
5289 -1436.9642
5290 -1452.4233
5291 -1437.7434
5292 -1467.4911
5293 -1457.8355
5294 -1464.789
5295 -1462.2959
5296 -1442.1368
5297 -1425.864
5298 -1463.0674
5299 -1456.9712
5300 -1462.6151
5301 -1464.9834
5302 -1443.9472
5303 -1451.261
5304 -1464.3168
5305 -1444.5695
5306 -1460.8904
5307 -1441.9234
5308 -1465.1037
5309 -1460.4802
5310 -1450.9328
5311 -1441.1452
5312 -1450.3587
5313 -1451.0105
5314 -1456.7599
5315 -1462.1689
5316 -1462.57
5317 -1467.2221
5318 -1461.731
5319 -1443.8693
5320 -1463.5499
5321 -1459.0853
5322 -1459.4732
5323 -1450.6813
5324 -1465.8801
5325 -1457.0494
5326 -1463.4422
5327 -1439.4235
5328 -1425.9219
5329 -1451.5412
5330 -1467.9598
5331 -1464.6784
5332 -1443.7768
5333 -1460.5551
5334 -1459.0507
5335 -1455.7248
5336 -1445.3417
5337 -1455.0207
5338 -1456.9179
5339 -1467.9276
5340 -1444.1552
5341 -1445.3545
5342 -1459.8651
5343 -1468.0821
5344 -1462.787
5345 -1458.8856
5346 -1449.9881
5347 -1434.7464
5348 -1462.7112
5349 -1449.9038
5350 -1462.5822
5351 -1445.8118
5352 -1462.2304
5353 -1437.0449
5354 -1458.8731
5355 -1440.329
5356 -1455.4155
5357 -1466.0835
5358 -1456.4961
5359 -1440.5106
5360 -1466.8039
5361 -1442.343
5362 -1447.1834
5363 -1463.4075
5364 -1452.432
5365 -1456.3923
5366 -1465.5421
5367 -1400.281
5368 -1467.7401
5369 -1464.7024
5370 -1442.9787
5371 -1455.2405
5372 -1464.2145
5373 -1456.8585
5374 -1467.1865
5375 -1459.6085
5376 -1467.5451
5377 -1465.0303
5378 -1404.8072
5379 -1460.4248
5380 -1464.5731
5381 -1466.112
5382 -1445.1745
5383 -1454.2634
5384 -1453.884
5385 -1417.8197
5386 -1441.6845
5387 -1454.6429
5388 -1468.4858
5389 -1454.3839
5390 -1458.5108
5391 -1450.4378
5392 -1449.7249
5393 -1455.3711
5394 -1455.421
5395 -1442.0188
5396 -1451.7545
5397 -1434.674
5398 -1435.4333
5399 -1451.8034
5400 -1462.3008
5401 -1442.9362
5402 -1455.039
5403 -1421.2959
5404 -1447.095
5405 -1451.8887
5406 -1457.836
5407 -1463.0597
5408 -1462.5389
5409 -1453.7281
5410 -1449.8636
5411 -1463.0389
5412 -1429.524
5413 -1466.7732
5414 -1454.0215
5415 -1447.7291
5416 -1465.6769
5417 -1466.4912
5418 -1463.1735
5419 -1456.0402
5420 -1461.4896
5421 -1460.2893
5422 -1462.0218
5423 -1462.8295
5424 -1464.2942
5425 -1442.8752
5426 -1462.8461
5427 -1469.0851
5428 -1458.5902
5429 -1462.7302
5430 -1464.0282
5431 -1453.1557
5432 -1457.9817
5433 -1457.3643
5434 -1468.1196
5435 -1464.4237
5436 -1458.2352
5437 -1425.0179
5438 -1461.2515
5439 -1466.0532
5440 -1467.3757
5441 -1443.7798
5442 -1456.6034
5443 -1455.7607
5444 -1444.8839
5445 -1462.097
5446 -1442.9781
5447 -1463.5059
5448 -1443.2
5449 -1443.7367
5450 -1456.196
5451 -1465.0153
5452 -1443.5853
5453 -1467.4906
5454 -1462.8429
5455 -1447.4835
5456 -1461.3549
5457 -1452.2074
5458 -1442.6816
5459 -1467.8045
5460 -1449.7246
5461 -1455.1437
5462 -1427.0506
5463 -1467.6244
5464 -1466.9146
5465 -1457.1411
5466 -1443.4751
5467 -1466.2807
5468 -1461.6573
5469 -1452.4879
5470 -1468.6671
5471 -1448.1262
5472 -1468.7417
5473 -1462.5652
5474 -1443.9983
5475 -1458.0054
5476 -1454.3107
5477 -1440.1525
5478 -1456.381
5479 -1457.1484
5480 -1467.7656
5481 -1440.3103
5482 -1463.4688
5483 -1466.7049
5484 -1454.092
5485 -1452.655
5486 -1467.5602
5487 -1429.308
5488 -1456.7098
5489 -1429.7018
5490 -1464.4154
5491 -1466.9008
5492 -1448.4759
5493 -1466.6836
5494 -1437.5953
5495 -1417.4054
5496 -1450.3799
5497 -1440.3019
5498 -1465.2178
5499 -1463.7673
5500 -1428.655
5501 -1464.7053
5502 -1459.4534
5503 -1441.1646
5504 -1467.4624
5505 -1441.1768
5506 -1467.4875
5507 -1441.3375
5508 -1466.4456
5509 -1454.5197
5510 -1468.7451
5511 -1448.6016
5512 -1427.5275
5513 -1423.5304
5514 -1465.1676
5515 -1454.2878
5516 -1415.8285
5517 -1459.1857
5518 -1465.4711
5519 -1454.32
5520 -1431.8946
5521 -1438.8569
5522 -1468.3152
5523 -1429.3087
5524 -1436.713
5525 -1464.5872
5526 -1433.8853
5527 -1464.1345
5528 -1451.3621
5529 -1455.9834
5530 -1420.1707
5531 -1463.0685
5532 -1449.6073
5533 -1434.9312
5534 -1444.9753
5535 -1463.8154
5536 -1450.6045
5537 -1465.2272
5538 -1466.1125
5539 -1458.0764
5540 -1464.7704
5541 -1450.4297
5542 -1467.3203
5543 -1450.1816
5544 -1468.0708
5545 -1466.1742
5546 -1463.8242
5547 -1434.6853
5548 -1468.6977
5549 -1468.8526
5550 -1447.9884
5551 -1455.0298
5552 -1458.2068
5553 -1463.3205
5554 -1468.3373
5555 -1445.6058
5556 -1467.7296
5557 -1443.7992
5558 -1440.4748
5559 -1455.5702
5560 -1469.181
5561 -1446.8466
5562 -1457.0607
5563 -1460.8726
5564 -1433.1459
5565 -1463.0889
5566 -1447.8991
5567 -1467.5847
5568 -1463.9494
5569 -1467.8068
5570 -1461.3341
5571 -1452.8642
5572 -1411.3587
5573 -1441.0702
5574 -1468.2288
5575 -1419.5754
5576 -1449.5502
5577 -1469.597
5578 -1462.5752
5579 -1457.5205
5580 -1460.5478
5581 -1439.8006
5582 -1468.6099
5583 -1439.3978
5584 -1432.7246
5585 -1458.8802
5586 -1462.3276
5587 -1457.4234
5588 -1464.8291
5589 -1465.4934
5590 -1450.781
5591 -1467.9224
5592 -1466.8003
5593 -1461.1617
5594 -1465.0557
5595 -1450.062
5596 -1461.0712
5597 -1467.333
5598 -1462.8712
5599 -1469.6206
5600 -1437.9012
5601 -1464.9662
5602 -1467.0138
5603 -1461.3109
5604 -1464.449
5605 -1456.8784
5606 -1449.1049
5607 -1466.1339
5608 -1451.1497
5609 -1468.1679
5610 -1389.4367
5611 -1465.1743
5612 -1432.7122
5613 -1461.5573
5614 -1465.9419
5615 -1430.3168
5616 -1468.7803
5617 -1463.3435
5618 -1456.263
5619 -1459.7216
5620 -1446.854
5621 -1450.1208
5622 -1454.7776
5623 -1460.3478
5624 -1454.8113
5625 -1433.6942
5626 -1451.7154
5627 -1467.9645
5628 -1426.7177
5629 -1466.5126
5630 -1430.8062
5631 -1460.8498
5632 -1448.7589
5633 -1466.0762
5634 -1445.8833
5635 -1435.3964
5636 -1453.7645
5637 -1465.9479
5638 -1453.8908
5639 -1466.2326
5640 -1445.4589
5641 -1445.696
5642 -1468.7221
5643 -1466.8403
5644 -1469.5999
5645 -1450.2186
5646 -1462.5967
5647 -1463.3034
5648 -1460.3739
5649 -1458.1114
5650 -1463.5246
5651 -1448.1322
5652 -1450.9788
5653 -1442.62
5654 -1441.1356
5655 -1458.8528
5656 -1452.7718
5657 -1445.7724
5658 -1469.353
5659 -1441.7864
5660 -1459.3192
5661 -1434.313
5662 -1456.7275
5663 -1464.3018
5664 -1453.6602
5665 -1444.9723
5666 -1466.1075
5667 -1446.5761
5668 -1446.1097
5669 -1462.2131
5670 -1456.8914
5671 -1441.7259
5672 -1463.6311
5673 -1456.0506
5674 -1441.5445
5675 -1446.057
5676 -1468.1298
5677 -1449.2907
5678 -1455.1302
5679 -1453.9178
5680 -1468.2343
5681 -1460.6154
5682 -1460.4807
5683 -1447.7248
5684 -1465.9594
5685 -1448.9286
5686 -1436.1331
5687 -1448.3967
5688 -1469.4915
5689 -1466.8889
5690 -1467.3811
5691 -1451.562
5692 -1446.9307
5693 -1453.7437
5694 -1469.655
5695 -1465.4346
5696 -1458.7499
5697 -1468.2741
5698 -1469.4645
5699 -1463.8061
5700 -1447.3971
5701 -1423.3732
5702 -1451.9263
5703 -1466.0393
5704 -1466.8271
5705 -1446.6286
5706 -1461.6297
5707 -1458.4175
5708 -1468.5579
5709 -1450.0814
5710 -1448.7239
5711 -1460.5291
5712 -1457.578
5713 -1462.6042
5714 -1453.2756
5715 -1464.7319
5716 -1468.3611
5717 -1464.0196
5718 -1462.2845
5719 -1429.8287
5720 -1462.8029
5721 -1459.061
5722 -1462.8649
5723 -1451.4544
5724 -1467.7553
5725 -1468.4026
5726 -1466.3927
5727 -1468.4826
5728 -1459.9762
5729 -1429.9117
5730 -1467.663
5731 -1457.1158
5732 -1453.9688
5733 -1459.4687
5734 -1466.1675
5735 -1464.7827
5736 -1460.8009
5737 -1429.2964
5738 -1463.6066
5739 -1456.3374
5740 -1399.1037
5741 -1469.6682
5742 -1438.7351
5743 -1450.0342
5744 -1466.8854
5745 -1447.239
5746 -1468.2445
5747 -1460.3366
5748 -1459.2939
5749 -1464.3708
5750 -1408.3152
5751 -1441.2647
5752 -1456.0391
5753 -1466.6874
5754 -1453.1456
5755 -1456.0119
5756 -1467.8221
5757 -1453.9315
5758 -1459.6846
5759 -1425.3844
5760 -1448.6232
5761 -1448.5763
5762 -1456.7338
5763 -1469.6777
5764 -1468.8137
5765 -1456.4374
5766 -1468.8408
5767 -1461.9132
5768 -1463.1564
5769 -1458.1237
5770 -1456.4584
5771 -1451.1755
5772 -1469.6171
5773 -1453.7291
5774 -1435.8922
5775 -1457.8219
5776 -1463.3163
5777 -1465.333
5778 -1469.8333
5779 -1459.1888
5780 -1460.943
5781 -1452.6123
5782 -1459.9051
5783 -1406.3499
5784 -1469.2499
5785 -1462.8574
5786 -1452.6016
5787 -1461.2823
5788 -1448.923
5789 -1459.3104
5790 -1467.6271
5791 -1468.1708
5792 -1467.8674
5793 -1434.3236
5794 -1443.7755
5795 -1467.3678
5796 -1449.5652
5797 -1460.0168
5798 -1466.1833
5799 -1469.8508
5800 -1434.9369
5801 -1428.0256
5802 -1455.7581
5803 -1457.6803
5804 -1466.9582
5805 -1456.7258
5806 -1466.5377
5807 -1464.8951
5808 -1436.759
5809 -1457.6227
5810 -1427.8755
5811 -1467.8948
5812 -1465.5818
5813 -1445.6297
5814 -1470.4172
5815 -1445.1743
5816 -1449.0219
5817 -1456.1352
5818 -1468.8799
5819 -1450.5848
5820 -1469.0688
5821 -1454.9157
5822 -1463.1163
5823 -1467.5967
5824 -1469.7615
5825 -1441.736
5826 -1453.3033
5827 -1445.0956
5828 -1464.3255
5829 -1446.849
5830 -1446.6229
5831 -1451.2753
5832 -1469.9535
5833 -1453.068
5834 -1464.3764
5835 -1470.1366
5836 -1403.7041
5837 -1446.9239
5838 -1469.5867
5839 -1461.6911
5840 -1449.4888
5841 -1465.3799
5842 -1436.7119
5843 -1469.8976
5844 -1469.8198
5845 -1447.9764
5846 -1464.6193
5847 -1464.2278
5848 -1465.2856
5849 -1467.8205
5850 -1465.2794
5851 -1467.9792
5852 -1457.3903
5853 -1455.7106
5854 -1448.6867
5855 -1442.4079
5856 -1433.4677
5857 -1462.9132
5858 -1467.014
5859 -1457.8052
5860 -1466.1058
5861 -1438.2988
5862 -1428.3683
5863 -1457.6114
5864 -1451.8683
5865 -1453.6391
5866 -1457.7321
5867 -1455.9226
5868 -1471.3868
5869 -1469.9105
5870 -1465.1469
5871 -1471.0729
5872 -1443.7878
5873 -1437.6454
5874 -1465.7023
5875 -1467.7572
5876 -1444.1829
5877 -1452.661
5878 -1471.1602
5879 -1466.0465
5880 -1470.5177
5881 -1469.9679
5882 -1456.2974
5883 -1471.2044
5884 -1469.6883
5885 -1459.4185
5886 -1439.0031
5887 -1466.6064
5888 -1466.7851
5889 -1471.4569
5890 -1471.2069
5891 -1450.2759
5892 -1471.4111
5893 -1469.8817
5894 -1458.738
5895 -1430.9511
5896 -1466.1075
5897 -1461.0698
5898 -1452.8639
5899 -1463.1702
5900 -1458.0367
5901 -1466.1209
5902 -1471.3702
5903 -1463.7066
5904 -1462.9953
5905 -1463.1398
5906 -1439.2853
5907 -1465.8315
5908 -1451.153
5909 -1451.4797
5910 -1458.334
5911 -1456.4162
5912 -1465.5146
5913 -1456.406
5914 -1468.6076
5915 -1463.5776
5916 -1450.8616
5917 -1458.023
5918 -1453.4096
5919 -1454.1003
5920 -1445.7952
5921 -1447.6145
5922 -1467.52
5923 -1468.1579
5924 -1462.5674
5925 -1457.21
5926 -1453.1057
5927 -1432.1546
5928 -1459.4248
5929 -1458.8434
5930 -1452.9112
5931 -1463.765
5932 -1470.4722
5933 -1467.1787
5934 -1468.7554
5935 -1453.6403
5936 -1451.6105
5937 -1462.6176
5938 -1452.8155
5939 -1467.9256
5940 -1469.4962
5941 -1454.8104
5942 -1464.1357
5943 -1463.7573
5944 -1465.5203
5945 -1470.5127
5946 -1437.1915
5947 -1459.7541
5948 -1468.2683
5949 -1455.7854
5950 -1457.6316
5951 -1467.0696
5952 -1456.2489
5953 -1471.1479
5954 -1468.8342
5955 -1455.1747
5956 -1460.3907
5957 -1466.3432
5958 -1425.1938
5959 -1467.1359
5960 -1451.9689
5961 -1460.7403
5962 -1470.28
5963 -1471.6636
5964 -1457.7784
5965 -1451.1679
5966 -1462.78
5967 -1471.0912
5968 -1460.2161
5969 -1460.4578
5970 -1465.7853
5971 -1444.236
5972 -1465.9414
5973 -1452.2933
5974 -1456.3995
5975 -1455.444
5976 -1471.7187
5977 -1463.9112
5978 -1458.1948
5979 -1463.1123
5980 -1464.7041
5981 -1433.3811
5982 -1393.3549
5983 -1467.4745
5984 -1439.8326
5985 -1418.6313
5986 -1462.2187
5987 -1471.6642
5988 -1471.8376
5989 -1467.0473
5990 -1461.9902
5991 -1465.8695
5992 -1463.1644
5993 -1471.0208
5994 -1468.35
5995 -1450.9468
5996 -1437.4974
5997 -1452.3186
5998 -1446.7026
5999 -1454.8114
6000 -1471.0422
