1500 -1427.01423178661
2000 -1443.21350052734
2500 -1451.98081241793
3000 -1455.32482682287
3500 -1459.65071926734
4000 -1463.90525846414
4500 -1465.80064245334
5000 -1468.72144637524
5500 -1472.18302215976
6000 -1473.24355800472
1500 -1427.01423178661
2000 -1443.21350052734
2500 -1451.98081241793
3000 -1455.32482682287
3500 -1459.65071926734
4000 -1463.90525846414
4500 -1465.80064245334
5000 -1468.72144637524
5500 -1472.18302215976
6000 -1473.24355800472
1500 -1427.01423178661
2000 -1443.21350052734
2500 -1451.98081241793
3000 -1455.32482682287
3500 -1459.65071926734
4000 -1463.90525846414
4500 -1465.80064245334
5000 -1468.72144637524
5500 -1472.18302215976
6000 -1473.24355800472
1500 -1427.01423178661
2000 -1443.21350052734
2500 -1451.98081241793
3000 -1455.32482682287
3500 -1459.65071926734
4000 -1463.90525846414
4500 -1465.80064245334
5000 -1468.72144637524
5500 -1472.18302215976
6000 -1473.24355800472
1500 -1427.01423178661
2000 -1443.21350052734
2500 -1451.98081241793
3000 -1455.32482682287
3500 -1459.65071926734
4000 -1463.90525846414
4500 -1465.80064245334
5000 -1468.72144637524
5500 -1472.18302215976
6000 -1473.24355800472
1500 -1427.01423178661
2000 -1445.37784216683
2500 -1452.75986115941
3000 -1457.30853556028
3500 -1459.42341420254
4000 -1463.12912129172
4500 -1464.27720815288
5000 -1465.72850614226
5500 -1466.54664732457
6000 -1467.66801069234
1500 -1427.01423178661
2000 -1445.37784216683
2500 -1452.75986115941
3000 -1457.30853556028
3500 -1459.42341420254
4000 -1463.12912129172
4500 -1464.27720815288
5000 -1465.72850614226
5500 -1466.54664732457
6000 -1467.66801069234
1500 -1427.01423178661
2000 -1445.37784216683
2500 -1452.75986115941
3000 -1457.30853556028
3500 -1459.42341420254
4000 -1463.12912129172
4500 -1464.27720815288
5000 -1465.72850614226
5500 -1466.54664732457
6000 -1467.66801069234
1500 -1427.01423178661
2000 -1445.37784216683
2500 -1452.75986115941
3000 -1457.30853556028
3500 -1459.42341420254
4000 -1463.12912129172
4500 -1464.27720815288
5000 -1465.72850614226
5500 -1466.54664732457
6000 -1467.66801069234
1500 -1427.01423178661
2000 -1445.37784216683
2500 -1452.75986115941
3000 -1457.30853556028
3500 -1459.42341420254
4000 -1463.12912129172
4500 -1464.27720815288
5000 -1465.72850614226
5500 -1466.54664732457
6000 -1467.66801069234
