5000 -5481.4211
5002 -5484.7797
5004 -5484.7797
5006 -5484.7797
5008 -5484.7797
5010 -5484.7797
5012 -5484.7797
5014 -5484.7797
5016 -5484.7797
5018 -5484.7797
5020 -5485.3924
5022 -5485.3924
5024 -5485.5437
5026 -5485.5437
5028 -5486.196
5030 -5486.196
5032 -5486.196
5034 -5486.196
5036 -5487.9398
5038 -5487.9398
5040 -5487.9398
5042 -5490.2547
5044 -5490.2547
5046 -5490.2547
5048 -5490.2547
5050 -5490.2547
5052 -5490.2547
5054 -5490.4879
5056 -5490.4879
5058 -5492.4332
5060 -5492.4332
5062 -5492.4332
5064 -5492.4332
5066 -5492.4332
5068 -5492.4332
5070 -5492.4332
5072 -5492.4332
5074 -5492.4332
5076 -5492.4332
5078 -5492.4332
5080 -5492.4332
5082 -5492.4332
5084 -5492.4332
5086 -5492.4332
5088 -5492.4332
5090 -5492.4332
5092 -5492.4332
5094 -5492.4332
5096 -5499.0151
5098 -5499.0151
5100 -5499.0151
5102 -5499.0151
5104 -5501.4815
5106 -5501.4815
5108 -5501.4815
5110 -5501.4815
5112 -5501.4815
5114 -5503.9632
5116 -5503.9632
5118 -5503.9632
5120 -5505.8084
5122 -5516.4601
5124 -5516.4601
5126 -5516.4601
5128 -5524.0783
5130 -5526.7824
5132 -5526.7824
5134 -5528.3055
5136 -5528.3055
5138 -5528.3055
5140 -5528.3055
5142 -5528.3055
5144 -5528.3055
5146 -5528.3055
5148 -5528.3055
5150 -5528.3055
5152 -5528.3055
5154 -5528.3055
5156 -5528.3055
5158 -5528.3055
5160 -5528.3055
5162 -5528.3055
5164 -5528.3055
5166 -5528.3055
5168 -5528.3055
5170 -5528.3055
5172 -5528.3055
5174 -5528.3055
5176 -5528.3055
5178 -5528.3055
5180 -5528.3649
5182 -5529.1023
5184 -5529.1023
5186 -5529.1023
5188 -5529.1023
5190 -5529.1023
5192 -5534.6248
5194 -5538.938
5196 -5538.938
5198 -5538.938
5200 -5538.938
5202 -5538.938
5204 -5539.6904
5206 -5539.6904
5208 -5539.6904
5210 -5539.7011
5212 -5539.7011
5214 -5539.7011
5216 -5539.7011
5218 -5539.7011
5220 -5539.7011
5222 -5539.7011
5224 -5539.7011
5226 -5539.7011
5228 -5539.7011
5230 -5539.7011
5232 -5543.3616
5234 -5543.3616
5236 -5543.3616
5238 -5543.3616
5240 -5544.3652
5242 -5544.3652
5244 -5544.3652
5246 -5544.3652
5248 -5544.3652
5250 -5544.3652
5252 -5544.3652
5254 -5544.3652
5256 -5544.3652
5258 -5544.3652
5260 -5544.7011
5262 -5544.7011
5264 -5544.7011
5266 -5544.7011
5268 -5544.7011
5270 -5545.5058
5272 -5546.2215
5274 -5546.9309
5276 -5546.9309
5278 -5546.9309
5280 -5547.5116
5282 -5547.9241
5284 -5548.4465
5286 -5548.4465
5288 -5548.4465
5290 -5548.4465
5292 -5548.4465
5294 -5548.4465
5296 -5548.4465
5298 -5548.4465
5300 -5548.4465
5302 -5548.4465
5304 -5548.4465
5306 -5548.4465
5308 -5548.4465
5310 -5548.4465
5312 -5548.4465
5314 -5548.4465
5316 -5548.4465
5318 -5548.8301
5320 -5548.8301
5322 -5548.8301
5324 -5548.8301
5326 -5548.8301
5328 -5548.8301
5330 -5548.8301
5332 -5552.3557
5334 -5553.2296
5336 -5553.2296
5338 -5553.2296
5340 -5553.2296
5342 -5553.2296
5344 -5553.2296
5346 -5554.8674
5348 -5555.085
5350 -5555.085
5352 -5555.085
5354 -5555.085
5356 -5555.085
5358 -5557.9507
5360 -5557.9507
5362 -5557.9507
5364 -5557.9507
5366 -5557.9507
5368 -5557.9507
5370 -5557.9507
5372 -5557.9507
5374 -5557.9507
5376 -5557.9507
5378 -5557.9507
5380 -5557.9507
5382 -5557.9507
5384 -5557.9507
5386 -5557.9507
5388 -5557.9507
5390 -5557.9507
5392 -5557.9507
5394 -5557.9507
5396 -5557.9507
5398 -5562.5958
5400 -5562.5958
5402 -5562.5958
5404 -5562.5958
5406 -5564.0892
5408 -5566.4271
5410 -5566.4271
5412 -5566.4271
5414 -5566.4271
5416 -5566.4271
5418 -5566.4271
5420 -5566.4271
5422 -5566.4271
5424 -5566.4271
5426 -5566.4271
5428 -5569.9301
5430 -5570.2119
5432 -5570.2119
5434 -5570.2119
5436 -5570.2119
5438 -5570.2119
5440 -5570.2119
5442 -5570.2119
5444 -5570.2119
5446 -5570.2119
5448 -5570.2119
5450 -5570.554
5452 -5571.3774
5454 -5571.3774
5456 -5571.3774
5458 -5571.3774
5460 -5571.3774
5462 -5571.3774
5464 -5571.3774
5466 -5571.6973
5468 -5572.7185
5470 -5572.7185
5472 -5572.7185
5474 -5572.7185
5476 -5583.5189
5478 -5583.5189
5480 -5583.5189
5482 -5583.5189
5484 -5583.5189
5486 -5583.5189
5488 -5584.0033
5490 -5584.0033
5492 -5584.9313
5494 -5587.9469
5496 -5587.9469
5498 -5587.9469
5500 -5587.9469
5502 -5587.9469
5504 -5587.9469
5506 -5587.9469
5508 -5587.9469
5510 -5587.9469
5512 -5587.9469
5514 -5587.9469
5516 -5589.5386
5518 -5589.5386
5520 -5596.3772
5522 -5596.3772
5524 -5596.3772
5526 -5596.3772
5528 -5597.2774
5530 -5597.2774
5532 -5597.2774
5534 -5597.2774
5536 -5597.2774
5538 -5597.2774
5540 -5597.2774
5542 -5597.2774
5544 -5597.2774
5546 -5597.2774
5548 -5597.2774
5550 -5597.2774
5552 -5597.8082
5554 -5597.8082
5556 -5597.8082
5558 -5597.8082
5560 -5597.8082
5562 -5597.8082
5564 -5597.8082
5566 -5597.8082
5568 -5598.1983
5570 -5598.1983
5572 -5598.1983
5574 -5598.4343
5576 -5598.4343
5578 -5602.1831
5580 -5602.1831
5582 -5602.1831
5584 -5602.1831
5586 -5602.1831
5588 -5602.1831
5590 -5602.1831
5592 -5602.1831
5594 -5602.1831
5596 -5611.4564
5598 -5612.4716
5600 -5612.4716
5602 -5612.4716
5604 -5612.4716
5606 -5612.4716
5608 -5612.4716
5610 -5612.4716
5612 -5612.4716
5614 -5612.4716
5616 -5612.4716
5618 -5612.4716
5620 -5612.4716
5622 -5612.4716
5624 -5612.4716
5626 -5612.9514
5628 -5612.9514
5630 -5612.9514
5632 -5612.9514
5634 -5612.9514
5636 -5612.9514
5638 -5612.9514
5640 -5612.9514
5642 -5612.9514
5644 -5612.9514
5646 -5612.9514
5648 -5612.9514
5650 -5612.9514
5652 -5616.0483
5654 -5616.0483
5656 -5617.5614
5658 -5617.5614
5660 -5618.0446
5662 -5618.7409
5664 -5618.7409
5666 -5618.7409
5668 -5618.7409
5670 -5621.5645
5672 -5621.5645
5674 -5621.5645
5676 -5621.5645
5678 -5621.5645
5680 -5621.5645
5682 -5621.5645
5684 -5621.5645
5686 -5621.5645
5688 -5621.5645
5690 -5621.5645
5692 -5621.755
5694 -5621.755
5696 -5621.755
5698 -5621.755
5700 -5622.3186
5702 -5622.3186
5704 -5622.3186
5706 -5622.3186
5708 -5625.7408
5710 -5625.7408
5712 -5625.7408
5714 -5626.4622
5716 -5626.4622
5718 -5626.4622
5720 -5626.4622
5722 -5626.4622
5724 -5626.4622
5726 -5626.4622
5728 -5626.4622
5730 -5626.4622
5732 -5626.4622
5734 -5626.4622
5736 -5626.4622
5738 -5626.4622
5740 -5626.4622
5742 -5628.7552
5744 -5628.7552
5746 -5628.7552
5748 -5628.7552
5750 -5628.7552
5752 -5628.7552
5754 -5628.7552
5756 -5628.7552
5758 -5628.7552
5760 -5630.4244
5762 -5630.4244
5764 -5631.3187
5766 -5631.3187
5768 -5631.3187
5770 -5631.3187
5772 -5631.3692
5774 -5631.3692
5776 -5631.3692
5778 -5631.3692
5780 -5631.3692
5782 -5631.3692
5784 -5631.3692
5786 -5631.3692
5788 -5634.9636
5790 -5634.9636
5792 -5634.9636
5794 -5634.9636
5796 -5634.9636
5798 -5634.9636
5800 -5634.9636
5802 -5634.9636
5804 -5635.5408
5806 -5635.5408
5808 -5635.5408
5810 -5635.9627
5812 -5635.9627
5814 -5635.9627
5816 -5635.9627
5818 -5635.9627
5820 -5635.9627
5822 -5641.4507
5824 -5644.8154
5826 -5644.8154
5828 -5644.8154
5830 -5644.8154
5832 -5644.8154
5834 -5644.8154
5836 -5644.8154
5838 -5644.8154
5840 -5644.8154
5842 -5644.8154
5844 -5644.8154
5846 -5644.8154
5848 -5649.044
5850 -5649.044
5852 -5649.044
5854 -5650.2115
5856 -5650.2115
5858 -5650.2115
5860 -5650.2115
5862 -5650.2115
5864 -5650.2115
5866 -5650.2115
5868 -5650.2115
5870 -5650.2115
5872 -5650.2115
5874 -5650.2115
5876 -5650.2115
5878 -5650.2115
5880 -5650.9636
5882 -5650.9636
5884 -5652.9785
5886 -5652.9785
5888 -5652.9785
5890 -5652.9785
5892 -5652.9785
5894 -5652.9785
5896 -5652.9785
5898 -5652.9785
5900 -5652.9785
5902 -5652.9785
5904 -5652.9785
5906 -5652.9785
5908 -5652.9785
5910 -5652.9785
5912 -5652.9785
5914 -5652.9785
5916 -5652.9785
5918 -5652.9785
5920 -5652.9785
5922 -5652.9785
5924 -5652.9785
5926 -5652.9785
5928 -5652.9785
5930 -5652.9785
5932 -5652.9785
5934 -5652.9785
5936 -5652.9785
5938 -5652.9785
5940 -5652.9785
5942 -5652.9785
5944 -5652.9785
5946 -5652.9785
5948 -5652.9785
5950 -5652.9785
5952 -5652.9785
5954 -5652.9785
5956 -5654.0239
5958 -5655.0825
5960 -5655.0825
5962 -5655.0825
5964 -5655.0825
5966 -5655.0825
5968 -5655.0825
5970 -5655.0825
5972 -5655.0825
5974 -5655.0825
5976 -5655.0825
5978 -5656.39
5980 -5656.39
5982 -5656.39
5984 -5656.39
5986 -5656.39
5988 -5656.39
5990 -5656.39
5992 -5656.39
5994 -5658.7873
5996 -5658.7873
5998 -5658.7873
6000 -5658.7873
6002 -5658.7873
6004 -5658.7873
6006 -5659.4143
6008 -5659.4143
6010 -5659.4143
6012 -5659.4143
6014 -5659.4143
6016 -5659.4143
6018 -5659.4143
6020 -5659.4143
6022 -5659.4143
6024 -5659.4143
6026 -5659.4143
6028 -5659.4143
6030 -5664.3293
6032 -5664.3293
6034 -5664.3293
6036 -5664.3293
6038 -5664.3293
6040 -5664.3293
6042 -5664.3293
6044 -5664.3293
6046 -5664.3293
6048 -5664.3293
6050 -5665.4454
6052 -5665.4454
6054 -5665.4454
6056 -5665.4454
6058 -5665.4454
6060 -5668.3243
6062 -5668.3243
6064 -5673.3918
6066 -5673.3918
6068 -5673.3918
6070 -5673.3918
6072 -5673.3918
6074 -5673.3918
6076 -5679.5856
6078 -5679.5856
6080 -5679.5856
6082 -5679.6796
6084 -5679.6796
6086 -5679.6796
6088 -5679.6796
6090 -5679.6796
6092 -5680.1203
6094 -5680.1203
6096 -5680.1203
6098 -5680.1203
6100 -5680.1203
6102 -5680.1203
6104 -5680.1203
6106 -5680.1203
6108 -5680.1203
6110 -5680.7159
6112 -5680.7159
6114 -5680.7159
6116 -5680.7159
6118 -5680.7159
6120 -5680.7159
6122 -5680.7159
6124 -5680.7159
6126 -5680.7159
6128 -5681.6185
6130 -5684.0678
6132 -5684.0678
6134 -5686.7569
6136 -5686.7569
6138 -5686.7569
6140 -5686.7569
6142 -5686.7569
6144 -5686.7569
6146 -5686.7569
6148 -5686.7569
6150 -5686.7569
6152 -5686.7569
6154 -5687.2666
6156 -5687.2666
6158 -5692.1832
6160 -5692.1832
6162 -5692.1832
6164 -5692.1832
6166 -5692.1832
6168 -5692.1832
6170 -5692.1832
6172 -5692.1832
6174 -5692.1832
6176 -5692.1832
6178 -5692.1832
6180 -5692.1832
6182 -5692.1832
6184 -5692.1832
6186 -5693.3204
6188 -5693.3204
6190 -5693.3204
6192 -5693.3204
6194 -5693.3204
6196 -5693.3204
6198 -5693.3204
6200 -5693.3204
6202 -5693.3204
6204 -5693.3204
6206 -5693.3204
6208 -5693.3204
6210 -5693.3204
6212 -5695.6567
6214 -5695.6567
6216 -5695.6567
6218 -5695.6567
6220 -5697.0175
6222 -5697.0175
6224 -5698.0037
6226 -5698.0037
6228 -5698.0535
6230 -5698.7278
6232 -5698.7278
6234 -5698.7278
6236 -5698.7278
6238 -5699.5322
6240 -5699.5322
6242 -5699.5322
6244 -5699.5322
6246 -5699.5322
6248 -5699.5322
6250 -5701.4994
6252 -5701.4994
6254 -5701.4994
6256 -5701.4994
6258 -5701.4994
6260 -5701.4994
6262 -5701.4994
6264 -5701.4994
6266 -5701.4994
6268 -5701.4994
6270 -5701.4994
6272 -5701.4994
6274 -5701.4994
6276 -5701.4994
6278 -5701.4994
6280 -5701.4994
6282 -5701.4994
6284 -5701.4994
6286 -5701.4994
6288 -5701.4994
6290 -5704.3104
6292 -5704.3104
6294 -5704.3104
6296 -5704.3104
6298 -5704.3104
6300 -5704.3104
6302 -5704.3104
6304 -5704.3104
6306 -5705.7126
6308 -5705.7126
6310 -5705.7126
6312 -5705.7126
6314 -5705.7126
6316 -5705.7126
6318 -5705.7126
6320 -5705.7126
6322 -5705.7126
6324 -5706.0869
6326 -5706.0869
6328 -5706.0869
6330 -5706.0869
6332 -5706.0869
6334 -5706.0869
6336 -5706.0869
6338 -5706.0869
6340 -5706.0869
6342 -5706.0869
6344 -5706.0869
6346 -5706.0869
6348 -5706.0869
6350 -5706.0869
6352 -5706.0869
6354 -5706.0869
6356 -5706.0869
6358 -5706.1381
6360 -5706.1381
6362 -5706.1381
6364 -5706.1381
6366 -5706.1381
6368 -5706.1381
6370 -5706.1381
6372 -5706.1381
6374 -5706.1381
6376 -5706.1381
6378 -5706.1381
6380 -5706.1381
6382 -5706.1381
6384 -5706.1381
6386 -5706.1381
6388 -5706.1381
6390 -5706.1381
6392 -5706.1381
6394 -5706.1381
6396 -5706.1381
6398 -5706.1381
6400 -5706.1381
6402 -5706.1381
6404 -5706.1381
6406 -5706.8852
6408 -5707.8247
6410 -5707.8247
6412 -5707.8247
6414 -5707.8247
6416 -5707.8247
6418 -5707.8247
6420 -5707.8247
6422 -5707.8247
6424 -5708.8078
6426 -5708.8078
6428 -5708.8078
6430 -5708.8078
6432 -5708.8078
6434 -5708.8078
6436 -5708.8078
6438 -5708.8078
6440 -5708.8078
6442 -5708.8078
6444 -5708.8078
6446 -5708.8078
6448 -5710.6283
6450 -5710.6283
6452 -5710.6283
6454 -5710.6283
6456 -5710.6283
6458 -5710.6283
6460 -5710.6283
6462 -5710.6441
6464 -5710.6441
6466 -5710.6441
6468 -5710.6441
6470 -5710.6441
6472 -5710.6441
6474 -5710.6441
6476 -5710.6441
6478 -5712.1216
6480 -5712.1216
6482 -5712.1216
6484 -5712.1216
6486 -5712.1216
6488 -5712.1216
6490 -5712.1216
6492 -5712.1216
6494 -5712.1216
6496 -5712.1216
6498 -5712.1216
6500 -5712.1216
6502 -5712.1216
6504 -5712.1216
6506 -5712.1216
6508 -5712.1216
6510 -5712.1216
6512 -5712.1216
6514 -5712.1216
6516 -5712.1216
6518 -5712.1216
6520 -5712.1216
6522 -5712.1216
6524 -5712.1216
6526 -5712.7337
6528 -5712.7514
6530 -5712.7514
6532 -5712.7514
6534 -5712.7514
6536 -5712.7514
6538 -5712.7514
6540 -5712.7514
6542 -5712.7514
6544 -5712.7514
6546 -5712.7514
6548 -5712.7514
6550 -5712.7514
6552 -5714.3419
6554 -5714.3419
6556 -5714.3419
6558 -5714.3419
6560 -5714.4677
6562 -5714.4677
6564 -5714.4677
6566 -5717.5717
6568 -5717.9199
6570 -5718.0734
6572 -5718.0734
6574 -5718.0734
6576 -5718.0734
6578 -5718.0734
6580 -5718.1997
6582 -5718.1997
6584 -5718.1997
6586 -5718.1997
6588 -5718.1997
6590 -5718.1997
6592 -5718.1997
6594 -5718.1997
6596 -5718.1997
6598 -5718.1997
6600 -5718.602
6602 -5718.602
6604 -5718.602
6606 -5718.602
6608 -5718.602
6610 -5718.602
6612 -5720.7481
6614 -5720.7481
6616 -5720.7481
6618 -5723.32
6620 -5723.32
6622 -5723.32
6624 -5723.32
6626 -5723.32
6628 -5723.32
6630 -5723.32
6632 -5723.32
6634 -5723.32
6636 -5723.32
6638 -5723.32
6640 -5723.32
6642 -5723.32
6644 -5723.32
6646 -5723.32
6648 -5723.32
6650 -5723.32
6652 -5724.6189
6654 -5724.6189
6656 -5724.6189
6658 -5724.6189
6660 -5724.6189
6662 -5724.6189
6664 -5724.6189
6666 -5724.6189
6668 -5724.6189
6670 -5724.6189
6672 -5724.6189
6674 -5724.887
6676 -5725.6225
6678 -5725.6225
6680 -5727.9338
6682 -5727.9338
6684 -5727.9338
6686 -5727.9338
6688 -5727.9338
6690 -5727.9338
6692 -5727.9338
6694 -5727.9338
6696 -5727.9338
6698 -5727.9338
6700 -5727.9338
6702 -5727.9338
6704 -5727.9338
6706 -5727.9338
6708 -5727.9338
6710 -5727.9338
6712 -5727.9338
6714 -5727.9338
6716 -5727.9338
6718 -5727.9338
6720 -5727.9338
6722 -5727.9338
6724 -5727.9338
6726 -5727.9338
6728 -5727.9338
6730 -5727.9338
6732 -5727.9338
6734 -5727.9338
6736 -5727.9338
6738 -5727.9338
6740 -5727.9338
6742 -5727.9338
6744 -5727.9338
6746 -5728.7278
6748 -5728.7278
6750 -5728.7278
6752 -5728.7278
6754 -5728.7278
6756 -5728.7278
6758 -5728.7278
6760 -5728.7278
6762 -5728.7278
6764 -5728.7278
6766 -5728.7278
6768 -5728.7278
6770 -5728.7278
6772 -5728.7278
6774 -5728.7278
6776 -5728.7278
6778 -5728.7278
6780 -5728.7278
6782 -5728.7278
6784 -5728.7278
6786 -5729.7056
6788 -5729.7056
6790 -5729.7056
6792 -5729.7056
6794 -5729.7056
6796 -5729.7056
6798 -5729.7056
6800 -5730.971
6802 -5730.971
6804 -5730.971
6806 -5730.971
6808 -5730.971
6810 -5730.971
6812 -5730.971
6814 -5730.971
6816 -5730.971
6818 -5730.971
6820 -5730.971
6822 -5730.971
6824 -5730.971
6826 -5730.971
6828 -5730.971
6830 -5730.971
6832 -5730.971
6834 -5730.971
6836 -5730.971
6838 -5730.971
6840 -5730.971
6842 -5731.4672
6844 -5731.4672
6846 -5731.4672
6848 -5731.4672
6850 -5731.4672
6852 -5731.4672
6854 -5731.4672
6856 -5731.4672
6858 -5731.8951
6860 -5731.8951
6862 -5731.8951
6864 -5731.8951
6866 -5731.8951
6868 -5731.8951
6870 -5731.8951
6872 -5731.8951
6874 -5731.8951
6876 -5732.0122
6878 -5732.0122
6880 -5732.0122
6882 -5732.0122
6884 -5734.5146
6886 -5734.5146
6888 -5734.5146
6890 -5736.0122
6892 -5736.0122
6894 -5736.0122
6896 -5736.0122
6898 -5737.6914
6900 -5737.6914
6902 -5737.6914
6904 -5737.6914
6906 -5737.6914
6908 -5737.6914
6910 -5737.8848
6912 -5737.8848
6914 -5737.8848
6916 -5737.8848
6918 -5737.8848
6920 -5737.8848
6922 -5737.8848
6924 -5737.8848
6926 -5737.8848
6928 -5737.8848
6930 -5737.8848
6932 -5737.8848
6934 -5737.8848
6936 -5737.8848
6938 -5737.8848
6940 -5737.8848
6942 -5737.8848
6944 -5737.8848
6946 -5737.8848
6948 -5737.8848
6950 -5737.8848
6952 -5737.8848
6954 -5737.8848
6956 -5737.8848
6958 -5737.8848
6960 -5739.1885
6962 -5739.1885
6964 -5739.1885
6966 -5739.1885
6968 -5739.1885
6970 -5739.1885
6972 -5739.1885
6974 -5739.1885
6976 -5739.1885
6978 -5739.1885
6980 -5739.1885
6982 -5740.3566
6984 -5740.3566
6986 -5740.3566
6988 -5740.3566
6990 -5740.3566
6992 -5740.3566
6994 -5740.3566
6996 -5740.3566
6998 -5740.3566
7000 -5740.3566
7002 -5740.3566
7004 -5740.3566
7006 -5740.3566
7008 -5740.3566
7010 -5740.3566
7012 -5740.3566
7014 -5740.3566
7016 -5740.3566
7018 -5740.3566
7020 -5740.3566
7022 -5742.1309
7024 -5742.1309
7026 -5742.1309
7028 -5742.2853
7030 -5742.3792
7032 -5742.3792
7034 -5742.3792
7036 -5742.3792
7038 -5742.3792
7040 -5742.3792
7042 -5742.3792
7044 -5742.3792
7046 -5742.3792
7048 -5742.3792
7050 -5744.0545
7052 -5744.0545
7054 -5744.0545
7056 -5744.0545
7058 -5744.0545
7060 -5744.0545
7062 -5744.0545
7064 -5744.0545
7066 -5744.813
7068 -5744.813
7070 -5744.813
7072 -5744.813
7074 -5744.813
7076 -5744.813
7078 -5744.813
7080 -5744.813
7082 -5744.813
7084 -5744.813
7086 -5744.813
7088 -5744.813
7090 -5744.813
7092 -5744.813
7094 -5744.813
7096 -5744.813
7098 -5744.813
7100 -5744.813
7102 -5744.813
7104 -5744.813
7106 -5744.813
7108 -5745.8137
7110 -5745.8137
7112 -5745.8137
7114 -5745.8137
7116 -5745.8137
7118 -5745.8137
7120 -5745.8137
7122 -5745.8137
7124 -5745.8137
7126 -5745.8795
7128 -5745.8795
7130 -5745.8795
7132 -5745.8795
7134 -5746.8225
7136 -5746.8225
7138 -5746.8225
7140 -5746.8225
7142 -5746.8225
7144 -5746.8225
7146 -5746.8225
7148 -5746.8225
7150 -5746.8225
7152 -5746.8225
7154 -5746.8225
7156 -5746.8225
7158 -5746.8225
7160 -5747.1198
7162 -5747.7594
7164 -5747.7594
7166 -5747.7594
7168 -5747.9654
7170 -5747.9654
7172 -5747.9654
7174 -5747.9654
7176 -5747.9654
7178 -5747.9721
7180 -5747.9721
7182 -5747.9721
7184 -5747.9721
7186 -5747.9721
7188 -5747.9721
7190 -5747.9721
7192 -5747.9721
7194 -5747.9721
7196 -5747.9721
7198 -5748.837
7200 -5748.837
7202 -5748.837
7204 -5748.837
7206 -5748.837
7208 -5748.837
7210 -5748.837
7212 -5748.837
7214 -5748.837
7216 -5748.837
7218 -5752.4761
7220 -5752.4761
7222 -5752.4761
7224 -5752.4761
7226 -5752.4761
7228 -5752.4761
7230 -5752.4761
7232 -5752.4761
7234 -5752.4761
7236 -5752.4761
7238 -5752.4761
7240 -5752.4761
7242 -5752.4761
7244 -5752.4761
7246 -5752.4761
7248 -5752.4761
7250 -5752.4761
7252 -5752.4761
7254 -5752.4761
7256 -5752.4761
7258 -5752.4761
7260 -5752.6931
7262 -5752.8403
7264 -5752.8403
7266 -5752.8403
7268 -5752.8403
7270 -5752.8403
7272 -5752.8403
7274 -5752.8403
7276 -5752.8403
7278 -5752.8403
7280 -5752.8403
7282 -5752.8403
7284 -5752.8403
7286 -5752.8403
7288 -5752.8403
7290 -5752.8403
7292 -5752.8403
7294 -5752.8403
7296 -5752.8403
7298 -5752.8403
7300 -5752.8403
7302 -5753.3756
7304 -5753.3756
7306 -5753.3756
7308 -5753.3756
7310 -5753.3756
7312 -5753.3756
7314 -5753.3756
7316 -5753.3756
7318 -5753.3756
7320 -5753.3756
7322 -5753.3756
7324 -5753.3756
7326 -5753.3756
7328 -5753.3756
7330 -5753.3756
7332 -5753.3756
7334 -5753.3756
7336 -5753.3756
7338 -5753.3756
7340 -5753.3756
7342 -5753.3756
7344 -5753.3756
7346 -5753.3756
7348 -5753.3756
7350 -5753.3756
7352 -5753.7285
7354 -5753.7285
7356 -5753.7285
7358 -5753.7285
7360 -5753.7285
7362 -5753.7285
7364 -5753.7285
7366 -5753.7285
7368 -5753.7285
7370 -5753.7285
7372 -5753.7285
7374 -5753.7285
7376 -5753.7285
7378 -5753.7285
7380 -5753.7285
7382 -5753.7285
7384 -5753.7285
7386 -5753.7285
7388 -5753.7285
7390 -5753.7285
7392 -5753.7285
7394 -5753.7285
7396 -5753.7285
7398 -5753.7285
7400 -5753.7285
7402 -5754.0603
7404 -5754.0603
7406 -5754.0603
7408 -5754.0603
7410 -5754.0603
7412 -5754.0603
7414 -5754.0603
7416 -5754.0603
7418 -5754.0603
7420 -5754.0603
7422 -5754.0603
7424 -5755.4108
7426 -5755.4108
7428 -5755.4108
7430 -5755.4108
7432 -5755.4108
7434 -5755.4108
7436 -5755.4108
7438 -5755.4108
7440 -5755.4108
7442 -5755.4108
7444 -5755.4108
7446 -5755.4108
7448 -5756.0464
7450 -5756.0464
7452 -5756.0464
7454 -5756.0464
7456 -5756.0464
7458 -5756.0464
7460 -5756.0464
7462 -5757.8526
7464 -5757.8526
7466 -5757.8526
7468 -5757.8526
7470 -5757.8526
7472 -5757.8526
7474 -5757.8526
7476 -5757.8526
7478 -5757.8526
7480 -5757.8526
7482 -5757.8526
7484 -5757.8526
7486 -5757.8526
7488 -5757.8526
7490 -5757.8526
7492 -5757.8526
7494 -5757.8526
7496 -5757.8526
7498 -5757.8526
7500 -5757.8526
7502 -5757.8526
7504 -5757.8526
7506 -5757.8526
7508 -5757.8526
7510 -5757.8526
7512 -5758.7145
7514 -5758.7145
7516 -5758.7145
7518 -5758.7145
7520 -5759.2653
7522 -5759.2653
7524 -5759.862
7526 -5760.1762
7528 -5760.1762
7530 -5760.1762
7532 -5760.1762
7534 -5760.1762
7536 -5760.1762
7538 -5760.1762
7540 -5760.1762
7542 -5760.1762
7544 -5760.1762
7546 -5760.1762
7548 -5760.9287
7550 -5760.9287
7552 -5760.9287
7554 -5760.9287
7556 -5760.9287
7558 -5760.9287
7560 -5760.9287
7562 -5760.9287
7564 -5760.9287
7566 -5760.9287
7568 -5760.9287
7570 -5760.9287
7572 -5760.9287
7574 -5760.9287
7576 -5760.9287
7578 -5760.9287
7580 -5760.9287
7582 -5760.9287
7584 -5760.9287
7586 -5760.9287
7588 -5761.0482
7590 -5761.0482
7592 -5761.0482
7594 -5761.0482
7596 -5761.0482
7598 -5761.0482
7600 -5761.0482
7602 -5761.0482
7604 -5761.0482
7606 -5761.0482
7608 -5761.0482
7610 -5761.0482
7612 -5761.0482
7614 -5761.0482
7616 -5761.0482
7618 -5761.0482
7620 -5761.0482
7622 -5761.0482
7624 -5761.0482
7626 -5761.0482
7628 -5761.0482
7630 -5761.0482
7632 -5761.0482
7634 -5761.0482
7636 -5761.0482
7638 -5761.0482
7640 -5761.0482
7642 -5761.0482
7644 -5761.0482
7646 -5761.0482
7648 -5761.0482
7650 -5761.0482
7652 -5761.0482
7654 -5761.0482
7656 -5761.0482
7658 -5761.0482
7660 -5761.0482
7662 -5761.0482
7664 -5761.0482
7666 -5761.0482
7668 -5761.0482
7670 -5761.0482
7672 -5761.0482
7674 -5761.0482
7676 -5761.0482
7678 -5761.0482
7680 -5761.0482
7682 -5761.0482
7684 -5761.0482
7686 -5761.0482
7688 -5761.0482
7690 -5761.0482
7692 -5763.755
7694 -5763.755
7696 -5763.755
7698 -5763.755
7700 -5763.755
7702 -5763.755
7704 -5763.755
7706 -5764.4328
7708 -5764.4328
7710 -5764.4328
7712 -5764.4328
7714 -5764.4328
7716 -5764.4328
7718 -5764.4328
7720 -5764.4328
7722 -5764.4328
7724 -5764.4328
7726 -5764.4328
7728 -5766.0542
7730 -5766.0542
7732 -5766.0542
7734 -5766.0542
7736 -5771.3273
7738 -5771.3273
7740 -5771.3273
7742 -5771.3273
7744 -5771.3273
7746 -5771.3273
7748 -5771.3273
7750 -5771.3273
7752 -5771.3273
7754 -5771.3273
7756 -5771.3273
7758 -5771.3273
7760 -5771.3273
7762 -5771.3273
7764 -5771.3273
7766 -5771.4742
7768 -5772.2695
7770 -5772.2695
7772 -5772.2695
7774 -5772.2695
7776 -5772.2695
7778 -5772.2695
7780 -5772.2695
7782 -5772.2695
7784 -5772.2695
7786 -5772.2695
7788 -5772.2695
7790 -5772.2695
7792 -5772.2695
7794 -5772.2695
7796 -5772.2695
7798 -5772.2695
7800 -5772.2695
7802 -5772.2695
7804 -5772.2695
7806 -5772.2695
7808 -5772.2695
7810 -5772.2695
7812 -5772.2695
7814 -5772.2695
7816 -5772.2695
7818 -5772.2695
7820 -5772.2695
7822 -5772.2695
7824 -5772.2695
7826 -5772.2695
7828 -5772.2695
7830 -5772.2695
7832 -5772.2695
7834 -5772.2695
7836 -5772.8083
7838 -5772.8083
7840 -5773.2865
7842 -5773.2865
7844 -5773.6008
7846 -5773.6008
7848 -5773.6008
7850 -5773.6008
7852 -5773.6008
7854 -5773.6008
7856 -5773.6008
7858 -5773.6008
7860 -5774.4356
7862 -5774.4356
7864 -5774.4356
7866 -5774.4356
7868 -5774.4356
7870 -5774.4356
7872 -5774.4356
7874 -5774.4356
7876 -5774.4356
7878 -5774.4356
7880 -5774.4356
7882 -5774.4356
7884 -5774.4356
7886 -5774.4356
7888 -5774.4356
7890 -5774.4356
7892 -5774.4356
7894 -5774.4356
7896 -5774.4356
7898 -5774.4356
7900 -5774.4356
7902 -5774.4356
7904 -5774.4356
7906 -5774.4356
7908 -5774.4356
7910 -5774.4356
7912 -5774.4356
7914 -5774.4356
7916 -5774.4356
7918 -5774.4356
7920 -5775.2419
7922 -5775.2419
7924 -5775.2419
7926 -5775.2419
7928 -5775.2419
7930 -5775.2419
7932 -5775.2419
7934 -5775.2419
7936 -5775.2419
7938 -5775.2419
7940 -5775.2419
7942 -5775.2419
7944 -5775.2419
7946 -5775.2419
7948 -5775.337
7950 -5775.337
7952 -5775.337
7954 -5775.337
7956 -5775.337
7958 -5775.337
7960 -5775.337
7962 -5775.337
7964 -5775.337
7966 -5777.543
7968 -5777.543
7970 -5777.543
7972 -5777.543
7974 -5777.543
7976 -5777.543
7978 -5777.543
7980 -5777.543
7982 -5777.543
7984 -5778.2753
7986 -5778.2753
7988 -5778.2753
7990 -5778.2753
7992 -5778.2753
7994 -5778.2753
7996 -5778.2753
7998 -5778.2753
8000 -5778.2753
8002 -5778.2753
8004 -5778.2753
8006 -5779.2697
8008 -5779.2697
8010 -5779.2697
8012 -5779.2697
8014 -5779.2697
8016 -5779.2697
8018 -5779.2697
8020 -5779.2697
8022 -5779.2697
8024 -5779.2697
8026 -5779.2697
8028 -5779.2697
8030 -5779.4739
8032 -5779.4739
8034 -5779.4739
8036 -5779.4739
8038 -5779.4739
8040 -5779.4739
8042 -5779.4939
8044 -5779.4939
8046 -5779.4939
8048 -5779.4939
8050 -5779.9267
8052 -5779.9267
8054 -5779.9267
8056 -5779.9267
8058 -5779.9267
8060 -5779.9267
8062 -5779.9267
8064 -5779.9267
8066 -5779.9267
8068 -5779.9267
8070 -5779.9267
8072 -5779.9267
8074 -5779.9267
8076 -5781.4184
8078 -5781.4184
8080 -5781.4184
8082 -5781.4184
8084 -5781.4184
8086 -5781.4184
8088 -5781.4184
8090 -5781.4184
8092 -5781.4184
8094 -5781.4184
8096 -5781.4184
8098 -5781.4184
8100 -5781.4184
8102 -5781.4184
8104 -5781.4184
8106 -5781.4184
8108 -5781.4184
8110 -5781.4184
8112 -5782.4494
8114 -5782.4494
8116 -5782.4663
8118 -5782.4663
8120 -5782.4663
8122 -5782.4663
8124 -5782.4663
8126 -5782.4663
8128 -5782.4663
8130 -5782.4663
8132 -5782.4663
8134 -5782.7115
8136 -5782.7115
8138 -5782.7115
8140 -5782.7115
8142 -5782.7115
8144 -5782.8715
8146 -5782.8715
8148 -5782.8715
8150 -5782.8715
8152 -5782.8715
8154 -5782.8715
8156 -5782.8715
8158 -5782.8715
8160 -5783.6494
8162 -5783.6494
8164 -5783.6494
8166 -5783.6494
8168 -5783.6494
8170 -5783.6494
8172 -5783.6494
8174 -5783.6494
8176 -5783.6494
8178 -5783.6494
8180 -5784.4494
8182 -5784.4494
8184 -5784.4494
8186 -5784.4494
8188 -5784.4494
8190 -5784.9463
8192 -5784.9463
8194 -5784.9463
8196 -5784.9463
8198 -5784.9463
8200 -5784.9463
8202 -5784.9463
8204 -5784.9463
8206 -5784.9463
8208 -5784.9463
8210 -5784.9463
8212 -5784.9463
8214 -5784.9463
8216 -5784.9463
8218 -5784.9463
8220 -5784.9463
8222 -5784.9463
8224 -5784.9463
8226 -5784.9463
8228 -5784.9463
8230 -5784.9463
8232 -5784.9463
8234 -5784.9463
8236 -5785.1605
8238 -5785.6962
8240 -5785.6962
8242 -5785.6962
8244 -5785.6962
8246 -5785.6962
8248 -5785.6962
8250 -5785.6962
8252 -5785.6962
8254 -5785.6962
8256 -5786.766
8258 -5786.766
8260 -5786.766
8262 -5786.766
8264 -5786.766
8266 -5786.766
8268 -5786.766
8270 -5786.766
8272 -5786.766
8274 -5786.766
8276 -5786.766
8278 -5786.766
8280 -5786.766
8282 -5786.766
8284 -5786.766
8286 -5786.766
8288 -5786.766
8290 -5786.766
8292 -5786.766
8294 -5787.0453
8296 -5787.093
8298 -5787.093
8300 -5787.093
8302 -5787.093
8304 -5788.7587
8306 -5788.7587
8308 -5788.7587
8310 -5788.7587
8312 -5788.7587
8314 -5788.7587
8316 -5788.7587
8318 -5789.6822
8320 -5789.6822
8322 -5789.6822
8324 -5789.6822
8326 -5789.6822
8328 -5789.6822
8330 -5789.6822
8332 -5789.6822
8334 -5789.6822
8336 -5789.6822
8338 -5789.6822
8340 -5789.6822
8342 -5790.2292
8344 -5790.2292
8346 -5790.3646
8348 -5790.3646
8350 -5790.3646
8352 -5790.3646
8354 -5790.3646
8356 -5790.3646
8358 -5790.3646
8360 -5790.3646
8362 -5790.3646
8364 -5790.3646
8366 -5790.3646
8368 -5790.3646
8370 -5790.3646
8372 -5790.3646
8374 -5790.3646
8376 -5790.3646
8378 -5790.3646
8380 -5790.3646
8382 -5790.3646
8384 -5790.3646
8386 -5790.3646
8388 -5790.3646
8390 -5790.3646
8392 -5790.3646
8394 -5790.3646
8396 -5790.3646
8398 -5790.3646
8400 -5790.3646
8402 -5790.3646
8404 -5790.3646
8406 -5790.3646
8408 -5790.3646
8410 -5790.9906
8412 -5790.9906
8414 -5790.9906
8416 -5790.9906
8418 -5790.9906
8420 -5790.9906
8422 -5790.9906
8424 -5790.9906
8426 -5790.9906
8428 -5790.9906
8430 -5791.1874
8432 -5791.1874
8434 -5791.1874
8436 -5791.1874
8438 -5791.9618
8440 -5791.9618
8442 -5791.9618
8444 -5792.8625
8446 -5792.8625
8448 -5792.8625
8450 -5792.8625
8452 -5794.7835
8454 -5794.7835
8456 -5794.7835
8458 -5794.7835
8460 -5794.7835
8462 -5794.7835
8464 -5794.7835
8466 -5794.7835
8468 -5794.7835
8470 -5794.7835
8472 -5794.9642
8474 -5794.9642
8476 -5794.9642
8478 -5794.9642
8480 -5794.9642
8482 -5794.9642
8484 -5794.9642
8486 -5794.9642
8488 -5794.9642
8490 -5794.9642
8492 -5794.9642
8494 -5794.9642
8496 -5794.9642
8498 -5794.9642
8500 -5794.9642
8502 -5794.9642
8504 -5794.9642
8506 -5794.9642
8508 -5794.9642
8510 -5794.9642
8512 -5794.9642
8514 -5794.9642
8516 -5794.9642
8518 -5794.9642
8520 -5794.9642
8522 -5794.9642
8524 -5794.9642
8526 -5794.9642
8528 -5794.9642
8530 -5794.9642
8532 -5794.9642
8534 -5794.9642
8536 -5794.9642
8538 -5794.9642
8540 -5794.9642
8542 -5794.9642
8544 -5794.9642
8546 -5794.9642
8548 -5794.9642
8550 -5794.9642
8552 -5794.9642
8554 -5794.9642
8556 -5794.9642
8558 -5794.9642
8560 -5794.9642
8562 -5794.9642
8564 -5794.9642
8566 -5794.9642
8568 -5794.9642
8570 -5794.9642
8572 -5794.9642
8574 -5794.9642
8576 -5794.9642
8578 -5794.9642
8580 -5794.9642
8582 -5794.9642
8584 -5794.9642
8586 -5795.8518
8588 -5795.8518
8590 -5795.8518
8592 -5795.8518
8594 -5795.8518
8596 -5795.8518
8598 -5795.8518
8600 -5795.8518
8602 -5795.8518
8604 -5795.8518
8606 -5795.8518
8608 -5795.8518
8610 -5795.8518
8612 -5795.8518
8614 -5795.8518
8616 -5795.8518
8618 -5795.8518
8620 -5795.8518
8622 -5795.8518
8624 -5795.8518
8626 -5795.8518
8628 -5795.8518
8630 -5795.8518
8632 -5795.8518
8634 -5795.8518
8636 -5795.8518
8638 -5795.8518
8640 -5795.8518
8642 -5795.8518
8644 -5795.8518
8646 -5795.8518
8648 -5795.8518
8650 -5795.8518
8652 -5795.8518
8654 -5795.8518
8656 -5795.8518
8658 -5795.8518
8660 -5795.8518
8662 -5795.8518
8664 -5795.8518
8666 -5795.8518
8668 -5796.5379
8670 -5796.5379
8672 -5796.5379
8674 -5796.5379
8676 -5796.5379
8678 -5796.5379
8680 -5796.5379
8682 -5796.5379
8684 -5796.5379
8686 -5796.5379
8688 -5796.5379
8690 -5796.5379
8692 -5796.5379
8694 -5797.7947
8696 -5797.7947
8698 -5797.7947
8700 -5797.7947
8702 -5797.7947
8704 -5797.7947
8706 -5797.7947
8708 -5797.7947
8710 -5797.7947
8712 -5797.7947
8714 -5797.7947
8716 -5797.7947
8718 -5797.7947
8720 -5797.7947
8722 -5797.7947
8724 -5797.7947
8726 -5797.7947
8728 -5797.7947
8730 -5797.7947
8732 -5797.7947
8734 -5797.7947
8736 -5797.7947
8738 -5797.7947
8740 -5797.7947
8742 -5797.7947
8744 -5797.7947
8746 -5798.0829
8748 -5798.0829
8750 -5798.0829
8752 -5798.0829
8754 -5798.0829
8756 -5798.0829
8758 -5798.0829
8760 -5798.0829
8762 -5798.0829
8764 -5798.0829
8766 -5798.0829
8768 -5798.6888
8770 -5798.6888
8772 -5798.6888
8774 -5798.6888
8776 -5798.6888
8778 -5798.6888
8780 -5798.6888
8782 -5798.6888
8784 -5798.6888
8786 -5798.6888
8788 -5798.6888
8790 -5798.6888
8792 -5798.8262
8794 -5798.8262
8796 -5798.8262
8798 -5798.8262
8800 -5798.8262
8802 -5798.8262
8804 -5798.8262
8806 -5800.5655
8808 -5800.5655
8810 -5800.5655
8812 -5800.5655
8814 -5800.5655
8816 -5800.5655
8818 -5800.5655
8820 -5800.5655
8822 -5800.5655
8824 -5800.5655
8826 -5800.5655
8828 -5800.5655
8830 -5800.5655
8832 -5800.5655
8834 -5800.5655
8836 -5800.5655
8838 -5800.5655
8840 -5800.5655
8842 -5800.5655
8844 -5800.5655
8846 -5800.5655
8848 -5800.6312
8850 -5800.9106
8852 -5800.9106
8854 -5800.9106
8856 -5800.9106
8858 -5800.9106
8860 -5800.9106
8862 -5800.9106
8864 -5800.9106
8866 -5800.9106
8868 -5800.9106
8870 -5800.9106
8872 -5800.9106
8874 -5800.9106
8876 -5800.9106
8878 -5800.9106
8880 -5800.9106
8882 -5800.9106
8884 -5800.9106
8886 -5800.9106
8888 -5800.9106
8890 -5800.9106
8892 -5800.9106
8894 -5800.9106
8896 -5800.9106
8898 -5804.1031
8900 -5804.1031
8902 -5804.1031
8904 -5804.1031
8906 -5804.1031
8908 -5804.1031
8910 -5804.1031
8912 -5804.1031
8914 -5804.1031
8916 -5804.1031
8918 -5804.1031
8920 -5804.1031
8922 -5804.1031
8924 -5804.2283
8926 -5804.2283
8928 -5804.2283
8930 -5804.2283
8932 -5804.2283
8934 -5804.2283
8936 -5804.2283
8938 -5804.2283
8940 -5804.2283
8942 -5804.2283
8944 -5804.2283
8946 -5804.2283
8948 -5804.2283
8950 -5804.2283
8952 -5804.2283
8954 -5804.2283
8956 -5805.1425
8958 -5805.1425
8960 -5805.1425
8962 -5805.1425
8964 -5805.1425
8966 -5805.1425
8968 -5805.1425
8970 -5805.1425
8972 -5805.1425
8974 -5805.1425
8976 -5805.1425
8978 -5805.1425
8980 -5805.1425
8982 -5805.1425
8984 -5805.1425
8986 -5805.1425
8988 -5805.371
8990 -5805.8223
8992 -5805.8223
8994 -5806.2708
8996 -5807.0209
8998 -5807.0209
9000 -5807.4427
9002 -5807.4427
9004 -5807.4427
9006 -5809.087
9008 -5809.087
9010 -5809.087
9012 -5809.087
9014 -5809.087
9016 -5809.087
9018 -5809.087
9020 -5809.087
9022 -5809.087
9024 -5809.087
9026 -5809.087
9028 -5809.087
9030 -5809.087
9032 -5809.087
9034 -5809.087
9036 -5809.5657
9038 -5809.5657
9040 -5809.5657
9042 -5809.5657
9044 -5809.5657
9046 -5809.5657
9048 -5809.5657
9050 -5809.5657
9052 -5809.5657
9054 -5809.5657
9056 -5809.5657
9058 -5809.5657
9060 -5809.5657
9062 -5809.5657
9064 -5809.5657
9066 -5809.5657
9068 -5809.5657
9070 -5809.5657
9072 -5809.5657
9074 -5809.5657
9076 -5809.5657
9078 -5809.5657
9080 -5809.5657
9082 -5809.5657
9084 -5809.5657
9086 -5809.5657
9088 -5809.5657
9090 -5809.5657
9092 -5809.5657
9094 -5809.5657
9096 -5809.5657
9098 -5809.5657
9100 -5809.5657
9102 -5809.5657
9104 -5809.5657
9106 -5809.5657
9108 -5809.5657
9110 -5809.5657
9112 -5809.5657
9114 -5809.5975
9116 -5809.5975
9118 -5809.5975
9120 -5809.5975
9122 -5809.5975
9124 -5809.5975
9126 -5809.8569
9128 -5809.8569
9130 -5809.8569
9132 -5809.8569
9134 -5809.8569
9136 -5809.8569
9138 -5809.8569
9140 -5809.8569
9142 -5809.8569
9144 -5809.8569
9146 -5809.8569
9148 -5809.8569
9150 -5809.8569
9152 -5809.8569
9154 -5809.8569
9156 -5809.8569
9158 -5809.8569
9160 -5809.8569
9162 -5809.8569
9164 -5809.8569
9166 -5809.8569
9168 -5809.8569
9170 -5809.8569
9172 -5809.8569
9174 -5809.8569
9176 -5809.8569
9178 -5810.4866
9180 -5810.4866
9182 -5810.4866
9184 -5810.4866
9186 -5810.4866
9188 -5810.4866
9190 -5810.4866
9192 -5810.4866
9194 -5810.4866
9196 -5810.4866
9198 -5810.4866
9200 -5810.4866
9202 -5810.4866
9204 -5810.4866
9206 -5810.4866
9208 -5810.4866
9210 -5810.4866
9212 -5810.4866
9214 -5810.4866
9216 -5810.4866
9218 -5810.4866
9220 -5810.4866
9222 -5810.4866
9224 -5810.4866
9226 -5810.4866
9228 -5810.4866
9230 -5810.4866
9232 -5810.4866
9234 -5810.4866
9236 -5810.4866
9238 -5810.4866
9240 -5810.4866
9242 -5810.4866
9244 -5811.3227
9246 -5811.3227
9248 -5811.3227
9250 -5811.3227
9252 -5811.3227
9254 -5811.7378
9256 -5811.7378
9258 -5811.7378
9260 -5811.7378
9262 -5811.7378
9264 -5811.7378
9266 -5811.7378
9268 -5811.7378
9270 -5811.7378
9272 -5811.7378
9274 -5811.7378
9276 -5811.7378
9278 -5811.7378
9280 -5811.7378
9282 -5811.7378
9284 -5811.7378
9286 -5811.7378
9288 -5811.7378
9290 -5811.7378
9292 -5811.7378
9294 -5811.7378
9296 -5811.7378
9298 -5811.7378
9300 -5811.7378
9302 -5811.7378
9304 -5811.7378
9306 -5811.7378
9308 -5811.7378
9310 -5811.7378
9312 -5811.7378
9314 -5811.7378
9316 -5811.7378
9318 -5811.7378
9320 -5811.7378
9322 -5811.7378
9324 -5811.7378
9326 -5811.7378
9328 -5811.7378
9330 -5811.7378
9332 -5812.5023
9334 -5812.5023
9336 -5812.9211
9338 -5812.9211
9340 -5812.9211
9342 -5812.9211
9344 -5812.9211
9346 -5812.9211
9348 -5812.9211
9350 -5812.9211
9352 -5812.9211
9354 -5812.9211
9356 -5812.9211
9358 -5812.9211
9360 -5812.9211
9362 -5812.9211
9364 -5812.9211
9366 -5812.9211
9368 -5812.9211
9370 -5812.9211
9372 -5812.9211
9374 -5812.9211
9376 -5813.3778
9378 -5813.3778
9380 -5813.3778
9382 -5813.3778
9384 -5813.3778
9386 -5813.3778
9388 -5813.3778
9390 -5813.3778
9392 -5813.3778
9394 -5813.3778
9396 -5813.3778
9398 -5813.7094
9400 -5813.7094
9402 -5813.7094
9404 -5813.7094
9406 -5814.8148
9408 -5814.8148
9410 -5814.8148
9412 -5814.8148
9414 -5814.8148
9416 -5814.8148
9418 -5814.8148
9420 -5814.8148
9422 -5814.8148
9424 -5814.8148
9426 -5814.8148
9428 -5814.8148
9430 -5814.8148
9432 -5814.8148
9434 -5814.8148
9436 -5814.8148
9438 -5814.8148
9440 -5814.8148
9442 -5814.8148
9444 -5814.8148
9446 -5814.8148
9448 -5814.8148
9450 -5814.8148
9452 -5814.8148
9454 -5814.8148
9456 -5814.8148
9458 -5814.8148
9460 -5814.8148
9462 -5814.8148
9464 -5814.9517
9466 -5814.9517
9468 -5814.9517
9470 -5814.9517
9472 -5814.9517
9474 -5814.9517
9476 -5816.6897
9478 -5816.6897
9480 -5816.6897
9482 -5816.6897
9484 -5816.6897
9486 -5816.6897
9488 -5816.6897
9490 -5816.6897
9492 -5816.6897
9494 -5816.6897
9496 -5816.6897
9498 -5816.6897
9500 -5816.6897
9502 -5816.6897
9504 -5816.6897
9506 -5816.6897
9508 -5816.6897
9510 -5817.0205
9512 -5817.0205
9514 -5817.0205
9516 -5817.0205
9518 -5817.3986
9520 -5817.3986
9522 -5817.3986
9524 -5817.3986
9526 -5817.3986
9528 -5817.3986
9530 -5817.3986
9532 -5817.3986
9534 -5817.3986
9536 -5817.3986
9538 -5817.3986
9540 -5817.3986
9542 -5817.3986
9544 -5817.3986
9546 -5817.3986
9548 -5817.3986
9550 -5817.3986
9552 -5817.3986
9554 -5817.3986
9556 -5817.3986
9558 -5817.3986
9560 -5817.3986
9562 -5817.3986
9564 -5817.3986
9566 -5817.3986
9568 -5817.3986
9570 -5817.3986
9572 -5817.3986
9574 -5817.3986
9576 -5817.3986
9578 -5817.3986
9580 -5817.3986
9582 -5817.3986
9584 -5817.3986
9586 -5817.3986
9588 -5817.3986
9590 -5817.3986
9592 -5817.3986
9594 -5817.7033
9596 -5817.7033
9598 -5817.7033
9600 -5817.7033
9602 -5817.7033
9604 -5817.7033
9606 -5817.7033
9608 -5817.7033
9610 -5817.7033
9612 -5817.7033
9614 -5817.7033
9616 -5817.7033
9618 -5817.7033
9620 -5817.7033
9622 -5817.7033
9624 -5817.7033
9626 -5817.7033
9628 -5817.7033
9630 -5817.8441
9632 -5817.8441
9634 -5817.8441
9636 -5817.9175
9638 -5817.9175
9640 -5817.9175
9642 -5817.9175
9644 -5817.9175
9646 -5817.9175
9648 -5817.9175
9650 -5817.9175
9652 -5817.9175
9654 -5817.9175
9656 -5817.9175
9658 -5817.9175
9660 -5817.9175
9662 -5817.9175
9664 -5817.9175
9666 -5817.9175
9668 -5817.9175
9670 -5817.9175
9672 -5817.9175
9674 -5817.9175
9676 -5817.9175
9678 -5817.9175
9680 -5817.9175
9682 -5817.9175
9684 -5817.9175
9686 -5817.9175
9688 -5817.9175
9690 -5817.9175
9692 -5817.9175
9694 -5817.9175
9696 -5817.9175
9698 -5817.9175
9700 -5817.9175
9702 -5817.9175
9704 -5817.9175
9706 -5817.9175
9708 -5818.271
9710 -5818.271
9712 -5818.271
9714 -5818.271
9716 -5818.271
9718 -5818.271
9720 -5818.3773
9722 -5818.3773
9724 -5818.3773
9726 -5818.3773
9728 -5818.3773
9730 -5818.3773
9732 -5818.3773
9734 -5818.3773
9736 -5818.3773
9738 -5818.3773
9740 -5818.3773
9742 -5818.3773
9744 -5818.3773
9746 -5818.3773
9748 -5818.3773
9750 -5818.3773
9752 -5818.3773
9754 -5818.3773
9756 -5818.3773
9758 -5818.3773
9760 -5818.3773
9762 -5818.3773
9764 -5818.3773
9766 -5818.3773
9768 -5818.3773
9770 -5818.3773
9772 -5818.6357
9774 -5818.6357
9776 -5818.6357
9778 -5818.6357
9780 -5818.6357
9782 -5818.6357
9784 -5818.6357
9786 -5818.6357
9788 -5818.6357
9790 -5818.6357
9792 -5818.6357
9794 -5818.6357
9796 -5818.6357
9798 -5818.6357
9800 -5818.6357
9802 -5818.6357
9804 -5818.6357
9806 -5818.6357
9808 -5818.6357
9810 -5818.6357
9812 -5818.6357
9814 -5818.6357
9816 -5818.6357
9818 -5818.6357
9820 -5818.6357
9822 -5818.6357
9824 -5818.6357
9826 -5818.6357
9828 -5818.6357
9830 -5818.6357
9832 -5818.6357
9834 -5818.6357
9836 -5818.6357
9838 -5818.6961
9840 -5818.6961
9842 -5818.6961
9844 -5818.6961
9846 -5818.6961
9848 -5818.6961
9850 -5818.6961
9852 -5818.6961
9854 -5818.6961
9856 -5818.6961
9858 -5818.6961
9860 -5818.6961
9862 -5818.6961
9864 -5818.6961
9866 -5818.6961
9868 -5818.6961
9870 -5818.6961
9872 -5818.6961
9874 -5818.6961
9876 -5818.6961
9878 -5818.6961
9880 -5818.6961
9882 -5818.6961
9884 -5818.6961
9886 -5818.6961
9888 -5818.6961
9890 -5818.6961
9892 -5818.6961
9894 -5818.6961
9896 -5818.6961
9898 -5818.6961
9900 -5818.6961
9902 -5818.6961
9904 -5818.6961
9906 -5818.6961
9908 -5818.6961
9910 -5818.6961
9912 -5818.6961
9914 -5818.6961
9916 -5818.6961
9918 -5818.6961
9920 -5818.6961
9922 -5818.6961
9924 -5818.6961
9926 -5818.6961
9928 -5818.6961
9930 -5818.6961
9932 -5818.8242
9934 -5818.8242
9936 -5818.8242
9938 -5818.8242
9940 -5818.8242
9942 -5818.8242
9944 -5818.8242
9946 -5818.8242
9948 -5818.8242
9950 -5818.8958
9952 -5818.8958
9954 -5818.8958
9956 -5818.8958
9958 -5818.8958
9960 -5818.8958
9962 -5818.8958
9964 -5818.8958
9966 -5818.8958
9968 -5818.8958
9970 -5819.9991
9972 -5819.9991
9974 -5819.9991
9976 -5819.9991
9978 -5819.9991
9980 -5819.9991
9982 -5819.9991
9984 -5821.0704
9986 -5821.0704
9988 -5821.0704
9990 -5821.0704
9992 -5821.0704
9994 -5821.0704
9996 -5821.0704
9998 -5821.0704
10000 -5821.0704
10002 -5821.0704
10004 -5821.0704
10006 -5821.0704
10008 -5821.0704
10010 -5821.0704
10012 -5821.0704
10014 -5821.0704
10016 -5821.0704
10018 -5821.0704
10020 -5821.0704
10022 -5821.0704
10024 -5821.0704
10026 -5821.0704
10028 -5821.0704
10030 -5821.0704
10032 -5821.0704
10034 -5821.0704
10036 -5821.0704
10038 -5821.6825
10040 -5821.9785
10042 -5821.9785
10044 -5821.9785
10046 -5821.9785
10048 -5821.9785
10050 -5821.9785
10052 -5821.9785
10054 -5821.9785
10056 -5821.9785
10058 -5821.9785
10060 -5821.9785
10062 -5821.9785
10064 -5821.9785
10066 -5821.9785
10068 -5821.9785
10070 -5821.9785
10072 -5822.025
10074 -5822.025
10076 -5822.025
10078 -5822.025
10080 -5822.025
10082 -5822.025
10084 -5822.025
10086 -5822.025
10088 -5822.025
10090 -5822.025
10092 -5822.025
10094 -5822.025
10096 -5822.025
10098 -5822.025
10100 -5822.025
10102 -5822.025
10104 -5822.025
10106 -5822.025
10108 -5822.025
10110 -5822.025
10112 -5822.025
10114 -5822.025
10116 -5822.025
10118 -5822.025
10120 -5822.025
10122 -5822.025
10124 -5822.025
10126 -5822.025
10128 -5822.025
10130 -5822.025
10132 -5822.025
10134 -5822.025
10136 -5822.025
10138 -5822.025
10140 -5822.025
10142 -5822.025
10144 -5822.025
10146 -5822.371
10148 -5822.371
10150 -5822.371
10152 -5822.371
10154 -5822.371
10156 -5822.371
10158 -5822.371
10160 -5822.371
10162 -5822.371
10164 -5822.371
10166 -5822.371
10168 -5822.371
10170 -5822.371
10172 -5822.371
10174 -5822.371
10176 -5822.371
10178 -5822.371
10180 -5822.371
10182 -5822.371
10184 -5822.371
10186 -5822.371
10188 -5822.371
10190 -5822.371
10192 -5822.371
10194 -5822.371
10196 -5822.371
10198 -5822.371
10200 -5822.371
10202 -5822.371
10204 -5822.371
10206 -5822.371
10208 -5822.371
10210 -5822.371
10212 -5822.371
10214 -5822.371
10216 -5822.371
10218 -5822.371
10220 -5822.371
10222 -5822.371
10224 -5822.371
10226 -5822.371
10228 -5822.371
10230 -5822.371
10232 -5822.371
10234 -5822.371
10236 -5822.371
10238 -5822.371
10240 -5822.371
10242 -5822.371
10244 -5822.371
10246 -5822.8063
10248 -5822.8063
10250 -5822.8063
10252 -5822.8063
10254 -5822.8063
10256 -5822.8063
10258 -5822.8063
10260 -5822.8063
10262 -5822.8063
10264 -5822.8063
10266 -5822.8063
10268 -5822.8063
10270 -5822.8063
10272 -5822.8063
10274 -5822.8063
10276 -5822.8063
10278 -5822.8063
10280 -5822.8063
10282 -5823.1269
10284 -5823.1269
10286 -5823.1269
10288 -5823.1269
10290 -5823.1269
10292 -5823.1269
10294 -5823.1269
10296 -5823.6661
10298 -5823.6661
10300 -5823.6661
10302 -5823.6661
10304 -5823.6661
10306 -5823.6661
10308 -5823.6661
10310 -5823.6661
10312 -5823.6661
10314 -5823.6661
10316 -5823.6661
10318 -5823.6661
10320 -5823.6661
10322 -5823.6661
10324 -5823.6661
10326 -5823.6661
10328 -5823.6661
10330 -5823.6661
10332 -5823.6661
10334 -5824.2758
10336 -5824.2758
10338 -5824.2758
10340 -5824.2758
10342 -5824.2758
10344 -5824.2758
10346 -5824.2758
10348 -5824.2758
10350 -5824.2758
10352 -5824.2758
10354 -5824.2758
10356 -5824.2758
10358 -5824.2758
10360 -5824.2758
10362 -5824.2758
10364 -5824.2758
10366 -5824.2758
10368 -5824.2758
10370 -5824.2758
10372 -5824.2758
10374 -5824.2758
10376 -5824.2758
10378 -5824.2758
10380 -5824.2758
10382 -5824.2758
10384 -5824.2758
10386 -5824.2758
10388 -5824.2758
10390 -5824.2758
10392 -5824.2758
10394 -5824.2758
10396 -5824.2758
10398 -5824.2758
10400 -5824.2758
10402 -5824.2758
10404 -5824.2758
10406 -5824.2758
10408 -5824.2758
10410 -5824.2758
10412 -5824.4953
10414 -5824.4953
10416 -5824.4953
10418 -5824.4953
10420 -5824.4953
10422 -5824.4953
10424 -5824.4953
10426 -5824.4953
10428 -5824.4953
10430 -5824.4953
10432 -5824.4953
10434 -5824.4953
10436 -5824.4953
10438 -5824.4953
10440 -5824.4953
10442 -5824.5994
10444 -5824.5994
10446 -5824.5994
10448 -5824.5994
10450 -5824.5994
10452 -5824.5994
10454 -5824.5994
10456 -5824.5994
10458 -5824.5994
10460 -5824.5994
10462 -5824.5994
10464 -5824.5994
10466 -5824.5994
10468 -5824.5994
10470 -5824.5994
10472 -5824.5994
10474 -5824.5994
10476 -5824.5994
10478 -5824.5994
10480 -5824.5994
10482 -5824.5994
10484 -5824.5994
10486 -5824.5994
10488 -5824.5994
10490 -5824.5994
10492 -5824.5994
10494 -5824.5994
10496 -5824.5994
10498 -5824.5994
10500 -5824.5994
10502 -5824.9081
10504 -5824.9081
10506 -5824.9081
10508 -5824.9081
10510 -5824.9081
10512 -5824.9577
10514 -5824.9577
10516 -5824.9577
10518 -5824.9577
10520 -5825.9727
10522 -5825.9727
10524 -5825.9727
10526 -5825.9727
10528 -5825.9727
10530 -5825.9727
10532 -5825.9727
10534 -5825.9727
10536 -5825.9727
10538 -5825.9727
10540 -5825.9727
10542 -5825.9727
10544 -5825.9727
10546 -5825.9727
10548 -5825.9727
10550 -5825.9727
10552 -5825.9727
10554 -5825.9727
10556 -5825.9727
10558 -5825.9727
10560 -5826.0295
10562 -5826.0295
10564 -5826.0295
10566 -5826.0295
10568 -5826.0295
10570 -5826.0295
10572 -5826.0295
10574 -5826.0295
10576 -5826.0295
10578 -5826.0295
10580 -5826.0295
10582 -5826.0295
10584 -5826.0295
10586 -5828.309
10588 -5828.309
10590 -5829.1866
10592 -5829.1866
10594 -5829.1866
10596 -5829.1866
10598 -5829.1866
10600 -5829.1866
10602 -5829.1866
10604 -5829.1866
10606 -5829.1866
10608 -5829.1866
10610 -5829.1866
10612 -5829.1866
10614 -5829.1866
10616 -5829.1866
10618 -5829.1866
10620 -5829.1866
10622 -5829.1866
10624 -5829.1866
10626 -5829.1866
10628 -5829.1866
10630 -5829.1866
10632 -5829.1866
10634 -5829.8131
10636 -5829.8131
10638 -5829.8131
10640 -5829.8131
10642 -5829.8131
10644 -5829.8131
10646 -5829.8131
10648 -5829.8131
10650 -5829.8131
10652 -5829.8131
10654 -5829.8131
10656 -5829.8131
10658 -5829.8131
10660 -5829.8131
10662 -5829.8131
10664 -5829.8131
10666 -5829.8131
10668 -5829.8131
10670 -5829.8131
10672 -5829.8131
10674 -5829.8131
10676 -5829.8131
10678 -5829.8131
10680 -5829.8131
10682 -5829.8131
10684 -5829.9182
10686 -5829.9182
10688 -5829.9182
10690 -5829.9182
10692 -5829.9182
10694 -5829.9182
10696 -5829.9182
10698 -5829.9182
10700 -5829.9182
10702 -5829.9182
10704 -5829.9182
10706 -5829.9182
10708 -5829.9182
10710 -5829.9182
10712 -5829.9182
10714 -5829.9182
10716 -5829.9182
10718 -5830.2349
10720 -5830.2349
10722 -5830.2349
10724 -5830.2349
10726 -5830.2349
10728 -5830.2349
10730 -5830.2349
10732 -5830.2349
10734 -5830.2349
10736 -5830.2349
10738 -5830.2349
10740 -5830.2349
10742 -5830.2349
10744 -5830.2349
10746 -5830.2349
10748 -5830.2349
10750 -5830.2349
10752 -5830.2349
10754 -5830.2349
10756 -5830.2349
10758 -5830.2349
10760 -5830.2349
10762 -5830.2349
10764 -5830.2349
10766 -5830.2349
10768 -5830.4153
10770 -5830.4153
10772 -5830.4153
10774 -5830.4153
10776 -5830.4153
10778 -5830.4153
10780 -5830.4153
10782 -5830.5411
10784 -5830.5411
10786 -5830.5411
10788 -5830.5411
10790 -5830.5411
10792 -5830.5411
10794 -5830.5411
10796 -5830.5411
10798 -5830.5411
10800 -5830.5411
10802 -5830.5411
10804 -5830.5411
10806 -5830.5411
10808 -5830.5411
10810 -5830.5411
10812 -5830.5411
10814 -5830.5543
10816 -5830.5543
10818 -5830.5543
10820 -5830.5543
10822 -5830.5543
10824 -5830.5543
10826 -5830.5543
10828 -5830.5543
10830 -5830.5543
10832 -5830.5543
10834 -5830.5543
10836 -5830.5543
10838 -5830.5543
10840 -5830.5543
10842 -5830.5543
10844 -5830.5543
10846 -5830.5543
10848 -5830.5543
10850 -5830.5543
10852 -5830.5543
10854 -5830.5543
10856 -5830.5543
10858 -5830.5543
10860 -5830.5543
10862 -5830.5543
10864 -5830.5543
10866 -5830.5543
10868 -5830.5543
10870 -5830.5543
10872 -5830.5543
10874 -5830.5543
10876 -5830.5543
10878 -5830.7933
10880 -5830.7933
10882 -5830.7933
10884 -5830.7933
10886 -5830.7933
10888 -5830.7933
10890 -5830.7933
10892 -5830.7933
10894 -5830.7933
10896 -5830.7933
10898 -5830.7933
10900 -5830.7933
10902 -5830.7933
10904 -5830.7933
10906 -5830.7933
10908 -5830.7933
10910 -5830.7933
10912 -5830.7933
10914 -5830.7933
10916 -5830.7933
10918 -5830.7933
10920 -5830.7933
10922 -5830.7933
10924 -5830.7933
10926 -5830.7933
10928 -5830.7933
10930 -5830.7933
10932 -5830.7933
10934 -5830.7933
10936 -5830.7933
10938 -5830.7933
10940 -5830.7933
10942 -5830.7933
10944 -5830.7933
10946 -5830.7933
10948 -5830.7933
10950 -5830.7933
10952 -5830.7933
10954 -5830.7933
10956 -5830.7933
10958 -5830.7933
10960 -5830.7933
10962 -5830.7933
10964 -5830.7933
10966 -5830.7933
10968 -5830.7933
10970 -5830.7933
10972 -5830.7933
10974 -5830.7933
10976 -5830.7933
10978 -5830.7933
10980 -5830.7933
10982 -5830.7933
10984 -5830.7933
10986 -5830.9835
10988 -5830.9835
10990 -5830.9835
10992 -5830.9835
10994 -5830.9835
10996 -5830.9835
10998 -5830.9835
11000 -5830.9835
11002 -5830.9835
11004 -5831.309
11006 -5831.309
11008 -5831.7077
11010 -5831.7077
11012 -5831.7077
11014 -5831.7077
11016 -5831.7077
11018 -5831.7077
11020 -5831.7077
11022 -5831.7077
11024 -5831.7077
11026 -5831.7077
11028 -5831.7077
11030 -5831.7077
11032 -5831.7077
11034 -5831.7077
11036 -5831.7077
11038 -5831.7077
11040 -5831.7077
11042 -5831.7077
11044 -5831.7077
11046 -5831.7077
11048 -5831.7077
11050 -5831.7077
11052 -5831.7077
11054 -5831.7077
11056 -5831.7077
11058 -5831.7077
11060 -5831.7493
11062 -5831.7493
11064 -5831.7493
11066 -5831.7493
11068 -5831.7493
11070 -5831.7493
11072 -5831.8499
11074 -5831.8499
11076 -5831.8499
11078 -5831.8499
11080 -5831.8499
11082 -5831.8499
11084 -5831.8499
11086 -5831.8499
11088 -5831.8499
11090 -5831.8499
11092 -5831.8499
11094 -5831.8499
11096 -5831.8499
11098 -5831.8499
11100 -5831.8499
11102 -5831.8499
11104 -5831.8499
11106 -5831.8499
11108 -5831.8499
11110 -5831.8499
11112 -5831.9617
11114 -5831.9617
11116 -5831.9617
11118 -5831.9617
11120 -5831.9617
11122 -5831.9617
11124 -5831.9617
11126 -5831.9617
11128 -5831.9617
11130 -5831.9617
11132 -5831.9617
11134 -5831.9617
11136 -5831.9617
11138 -5831.9617
11140 -5831.9617
11142 -5831.9617
11144 -5831.9617
11146 -5831.9617
11148 -5831.9617
11150 -5831.9617
11152 -5831.9617
11154 -5831.9617
11156 -5831.9617
11158 -5831.9617
11160 -5831.9617
11162 -5831.9617
11164 -5831.9617
11166 -5831.9617
11168 -5831.9617
11170 -5831.9617
11172 -5831.9617
11174 -5831.9617
11176 -5832.0702
11178 -5832.0702
11180 -5832.0702
11182 -5832.0702
11184 -5832.0702
11186 -5832.0702
11188 -5832.1731
11190 -5832.1731
11192 -5832.1731
11194 -5832.1731
11196 -5832.1731
11198 -5832.2786
11200 -5832.2786
11202 -5832.2786
11204 -5832.2786
11206 -5832.2786
11208 -5832.2786
11210 -5832.2786
11212 -5832.2786
11214 -5832.2786
11216 -5832.2786
11218 -5832.2786
11220 -5832.2786
11222 -5832.2786
11224 -5832.2786
11226 -5832.2786
11228 -5832.2786
11230 -5833.3656
11232 -5833.3656
11234 -5833.3656
11236 -5834.8992
11238 -5834.8992
11240 -5834.8992
11242 -5834.8992
11244 -5834.8992
11246 -5834.8992
11248 -5834.8992
11250 -5834.8992
11252 -5834.8992
11254 -5834.8992
11256 -5834.8992
11258 -5834.8992
11260 -5834.8992
11262 -5834.8992
11264 -5834.8992
11266 -5834.8992
11268 -5834.8992
11270 -5834.8992
11272 -5834.8992
11274 -5834.8992
11276 -5834.8992
11278 -5834.8992
11280 -5834.8992
11282 -5834.8992
11284 -5834.8992
11286 -5834.8992
11288 -5834.8992
11290 -5834.8992
11292 -5834.8992
11294 -5834.8992
11296 -5834.8992
11298 -5834.8992
11300 -5834.8992
11302 -5834.9518
11304 -5834.9518
11306 -5834.9518
11308 -5834.9518
11310 -5834.9518
11312 -5834.9518
11314 -5834.9518
11316 -5834.9518
11318 -5834.9518
11320 -5834.9518
11322 -5834.9518
11324 -5834.9518
11326 -5834.9518
11328 -5834.9518
11330 -5835.1877
11332 -5835.1877
11334 -5835.1877
11336 -5835.1877
11338 -5835.1877
11340 -5835.1877
11342 -5835.1877
11344 -5835.1877
11346 -5835.1877
11348 -5835.1877
11350 -5835.1877
11352 -5835.1877
11354 -5835.1877
11356 -5835.1877
11358 -5835.1877
11360 -5835.1877
11362 -5835.1877
11364 -5835.1877
11366 -5835.1877
11368 -5835.1877
11370 -5835.1877
11372 -5835.1877
11374 -5835.1877
11376 -5835.1877
11378 -5835.1877
11380 -5835.1877
11382 -5835.1877
11384 -5835.1877
11386 -5835.1877
11388 -5835.1877
11390 -5835.1877
11392 -5835.1877
11394 -5835.1877
11396 -5835.1877
11398 -5835.1877
11400 -5835.1877
11402 -5835.1877
11404 -5835.1877
11406 -5835.1877
11408 -5835.1877
11410 -5835.1877
11412 -5835.1877
11414 -5835.1877
11416 -5835.1877
11418 -5835.1877
11420 -5835.1877
11422 -5835.1877
11424 -5835.1877
11426 -5835.1877
11428 -5835.1877
11430 -5835.1877
11432 -5835.1877
11434 -5835.1877
11436 -5835.1877
11438 -5835.1877
11440 -5835.1877
11442 -5835.1877
11444 -5835.1877
11446 -5835.1877
11448 -5835.1877
11450 -5835.1877
11452 -5835.1877
11454 -5835.1877
11456 -5835.1877
11458 -5835.1877
11460 -5835.1877
11462 -5835.1877
11464 -5835.1877
11466 -5835.1877
11468 -5835.1877
11470 -5835.1877
11472 -5835.279
11474 -5835.3226
11476 -5835.3226
11478 -5835.3226
11480 -5835.3226
11482 -5835.3226
11484 -5835.3226
11486 -5835.3226
11488 -5835.3226
11490 -5835.5227
11492 -5835.5227
11494 -5835.5227
11496 -5835.5227
11498 -5835.5227
11500 -5835.5227
11502 -5835.5227
11504 -5835.5227
11506 -5835.5227
11508 -5835.5227
11510 -5835.5227
11512 -5835.5227
11514 -5835.5227
11516 -5835.5227
11518 -5835.5227
11520 -5835.5227
11522 -5835.5227
11524 -5835.5227
11526 -5835.5227
11528 -5835.5227
11530 -5835.5227
11532 -5835.5227
11534 -5835.5227
11536 -5835.5227
11538 -5835.5227
11540 -5835.5227
11542 -5835.5227
11544 -5835.5227
11546 -5835.5227
11548 -5835.5227
11550 -5835.5227
11552 -5835.5227
11554 -5835.5227
11556 -5835.5227
11558 -5835.5227
11560 -5835.5227
11562 -5835.5227
11564 -5835.5227
11566 -5835.5227
11568 -5835.5227
11570 -5835.5227
11572 -5835.5227
11574 -5835.5227
11576 -5835.5444
11578 -5835.5444
11580 -5836.0183
11582 -5836.0183
11584 -5836.0183
11586 -5836.0183
11588 -5836.0183
11590 -5836.0183
11592 -5836.0183
11594 -5836.0183
11596 -5836.0183
11598 -5836.0183
11600 -5836.0183
11602 -5836.0183
11604 -5836.0183
11606 -5836.0183
11608 -5836.0183
11610 -5836.0183
11612 -5836.0183
11614 -5836.0183
11616 -5836.0183
11618 -5836.0183
11620 -5836.2184
11622 -5836.2184
11624 -5836.2184
11626 -5836.2184
11628 -5836.2184
11630 -5836.2184
11632 -5836.2184
11634 -5836.2184
11636 -5836.2184
11638 -5836.2184
11640 -5836.2184
11642 -5836.2184
11644 -5836.2184
11646 -5836.2184
11648 -5836.2184
11650 -5836.2184
11652 -5836.2184
11654 -5836.2184
11656 -5836.2184
11658 -5836.2184
11660 -5836.2184
11662 -5836.2184
11664 -5836.2184
11666 -5836.2184
11668 -5836.5405
11670 -5836.5405
11672 -5836.5405
11674 -5836.5405
11676 -5836.5405
11678 -5836.5405
11680 -5836.5405
11682 -5836.5405
11684 -5836.625
11686 -5836.625
11688 -5836.625
11690 -5836.625
11692 -5836.625
11694 -5836.625
11696 -5836.625
11698 -5836.625
11700 -5836.625
11702 -5836.625
11704 -5836.625
11706 -5836.625
11708 -5836.625
11710 -5836.625
11712 -5836.625
11714 -5836.625
11716 -5836.625
11718 -5836.625
11720 -5836.625
11722 -5836.625
11724 -5836.625
11726 -5836.625
11728 -5836.625
11730 -5836.625
11732 -5836.625
11734 -5836.625
11736 -5836.625
11738 -5836.625
11740 -5837.9845
11742 -5837.9845
11744 -5837.9845
11746 -5837.9845
11748 -5837.9845
11750 -5837.9845
11752 -5837.9845
11754 -5837.9845
11756 -5837.9845
11758 -5837.9845
11760 -5837.9845
11762 -5837.9845
11764 -5837.9845
11766 -5837.9845
11768 -5837.9845
11770 -5837.9845
11772 -5837.9845
11774 -5837.9845
11776 -5837.9845
11778 -5837.9845
11780 -5837.9845
11782 -5837.9845
11784 -5837.9845
11786 -5837.9845
11788 -5837.9845
11790 -5837.9845
11792 -5837.9845
11794 -5837.9845
11796 -5837.9845
11798 -5837.9845
11800 -5838.2678
11802 -5838.2678
11804 -5838.2678
11806 -5838.2678
11808 -5838.2678
11810 -5838.2678
11812 -5838.2678
11814 -5838.2678
11816 -5838.2678
11818 -5838.2678
11820 -5838.2678
11822 -5838.2678
11824 -5838.2678
11826 -5838.2678
11828 -5838.2678
11830 -5838.2678
11832 -5838.6915
11834 -5838.6915
11836 -5838.6915
11838 -5838.6915
11840 -5838.6915
11842 -5838.6915
11844 -5838.6915
11846 -5838.6915
11848 -5838.6915
11850 -5838.6915
11852 -5838.6915
11854 -5838.6915
11856 -5838.6915
11858 -5838.6915
11860 -5838.6915
11862 -5838.6915
11864 -5838.6915
11866 -5838.6915
11868 -5838.6915
11870 -5838.6915
11872 -5838.6915
11874 -5838.6915
11876 -5838.6915
11878 -5838.6915
11880 -5838.6915
11882 -5838.6915
11884 -5838.6915
11886 -5838.6915
11888 -5838.6915
11890 -5838.6915
11892 -5838.6915
11894 -5838.6915
11896 -5838.6915
11898 -5838.6915
11900 -5838.6915
11902 -5838.6915
11904 -5838.6915
11906 -5838.6915
11908 -5838.6915
11910 -5838.6915
11912 -5838.6915
11914 -5838.6915
11916 -5838.7609
11918 -5838.7609
11920 -5838.7609
11922 -5838.7609
11924 -5838.7609
11926 -5838.7609
11928 -5838.7609
11930 -5838.7609
11932 -5838.7609
11934 -5838.7609
11936 -5838.9908
11938 -5838.9908
11940 -5838.9908
11942 -5838.9908
11944 -5838.9908
11946 -5838.9908
11948 -5838.9908
11950 -5838.9908
11952 -5838.9908
11954 -5838.9908
11956 -5838.9908
11958 -5838.9908
11960 -5838.9908
11962 -5838.9908
11964 -5838.9908
11966 -5838.9908
11968 -5838.9908
11970 -5838.9908
11972 -5838.9908
11974 -5838.9908
11976 -5838.9908
11978 -5838.9908
11980 -5838.9908
11982 -5838.9908
11984 -5838.9908
11986 -5839.709
11988 -5839.709
11990 -5839.709
11992 -5839.709
11994 -5839.709
11996 -5839.709
11998 -5839.709
12000 -5839.709
12002 -5839.709
12004 -5839.709
12006 -5839.709
12008 -5839.709
12010 -5839.7634
12012 -5839.7634
12014 -5839.7634
12016 -5839.7634
12018 -5839.7634
12020 -5839.7634
12022 -5839.7634
12024 -5839.7634
12026 -5839.7634
12028 -5839.7634
12030 -5839.7634
12032 -5839.7634
12034 -5839.7634
12036 -5839.9819
12038 -5839.9819
12040 -5839.9819
12042 -5839.9819
12044 -5839.9819
12046 -5839.9819
12048 -5839.9819
12050 -5839.9819
12052 -5839.9819
12054 -5840.1276
12056 -5840.1276
12058 -5840.1276
12060 -5840.1276
12062 -5840.1276
12064 -5840.1276
12066 -5840.1276
12068 -5840.1276
12070 -5840.1276
12072 -5840.1276
12074 -5840.1276
12076 -5840.1276
12078 -5840.1276
12080 -5840.4658
12082 -5840.4658
12084 -5840.4658
12086 -5840.4658
12088 -5840.4658
12090 -5840.4658
12092 -5840.4658
12094 -5840.4658
12096 -5840.4658
12098 -5840.4658
12100 -5840.4658
12102 -5840.4658
12104 -5840.4658
12106 -5840.4658
12108 -5840.4658
12110 -5840.4658
12112 -5840.4658
12114 -5840.4658
12116 -5840.4658
12118 -5840.8209
12120 -5840.8209
12122 -5840.8209
12124 -5840.8209
12126 -5840.8209
12128 -5840.8209
12130 -5840.8209
12132 -5840.8209
12134 -5840.8209
12136 -5840.8209
12138 -5840.8209
12140 -5840.8209
12142 -5840.8209
12144 -5840.8209
12146 -5840.8209
12148 -5840.8209
12150 -5840.8209
12152 -5840.8209
12154 -5840.8209
12156 -5840.8209
12158 -5840.8209
12160 -5840.8209
12162 -5840.8209
12164 -5840.8209
12166 -5840.8209
12168 -5840.8209
12170 -5840.8209
12172 -5840.8209
12174 -5840.8209
12176 -5840.8209
12178 -5840.8209
12180 -5840.8209
12182 -5840.8209
12184 -5840.8209
12186 -5840.8209
12188 -5840.8209
12190 -5840.8651
12192 -5840.8651
12194 -5840.8651
12196 -5840.8651
12198 -5840.8651
12200 -5840.8651
12202 -5840.8651
12204 -5840.8651
12206 -5840.8651
12208 -5840.8651
12210 -5840.8651
12212 -5840.8651
12214 -5840.8651
12216 -5840.8651
12218 -5840.8651
12220 -5840.8651
12222 -5840.8651
12224 -5840.8651
12226 -5840.9353
12228 -5840.9353
12230 -5840.9353
12232 -5840.9353
12234 -5841.2042
12236 -5841.2042
12238 -5841.2042
12240 -5841.2042
12242 -5841.2042
12244 -5841.2042
12246 -5841.2042
12248 -5841.2042
12250 -5841.2042
12252 -5841.2042
12254 -5841.2042
12256 -5841.2042
12258 -5841.2042
12260 -5841.2042
12262 -5841.23
12264 -5841.23
12266 -5841.23
12268 -5841.23
12270 -5841.23
12272 -5841.23
12274 -5841.23
12276 -5841.23
12278 -5841.23
12280 -5841.23
12282 -5841.23
12284 -5841.23
12286 -5841.4189
12288 -5841.4189
12290 -5841.4189
12292 -5841.4189
12294 -5841.4189
12296 -5841.4189
12298 -5841.4189
12300 -5841.4189
12302 -5841.4189
12304 -5841.4189
12306 -5841.4189
12308 -5841.4189
12310 -5841.4189
12312 -5841.4189
12314 -5841.4189
12316 -5841.4189
12318 -5841.4189
12320 -5841.4189
12322 -5841.4189
12324 -5841.4189
12326 -5841.4189
12328 -5841.4189
12330 -5841.4189
12332 -5841.4189
12334 -5841.4189
12336 -5841.4189
12338 -5841.4189
12340 -5841.7559
12342 -5841.7559
12344 -5841.7559
12346 -5841.7559
12348 -5841.7559
12350 -5841.7559
12352 -5841.7559
12354 -5841.7559
12356 -5841.7559
12358 -5841.7559
12360 -5841.9643
12362 -5841.9643
12364 -5841.9643
12366 -5841.9643
12368 -5841.9643
12370 -5841.9643
12372 -5841.9643
12374 -5841.9643
12376 -5841.9643
12378 -5841.9643
12380 -5841.9643
12382 -5841.9643
12384 -5841.9643
12386 -5841.9643
12388 -5841.9643
12390 -5841.9643
12392 -5841.9643
12394 -5841.9643
12396 -5841.9643
12398 -5841.9643
12400 -5841.9643
12402 -5842.1868
12404 -5842.1868
12406 -5842.1868
12408 -5842.1868
12410 -5842.1868
12412 -5842.1868
12414 -5842.1868
12416 -5842.1868
12418 -5842.1868
12420 -5842.1868
12422 -5842.1868
12424 -5842.1868
12426 -5842.1868
12428 -5842.1868
12430 -5842.1868
12432 -5842.1868
12434 -5842.1868
12436 -5842.1868
12438 -5842.1868
12440 -5842.1868
12442 -5842.1868
12444 -5842.1868
12446 -5842.1868
12448 -5842.1868
12450 -5842.1868
12452 -5842.1868
12454 -5842.1868
12456 -5842.1868
12458 -5842.1868
12460 -5842.1868
12462 -5842.1868
12464 -5842.1868
12466 -5842.1868
12468 -5842.1868
12470 -5842.1868
12472 -5842.1868
12474 -5842.1868
12476 -5842.1868
12478 -5842.1868
12480 -5842.1868
12482 -5842.1868
12484 -5842.1868
12486 -5842.1868
12488 -5842.1868
12490 -5842.1868
12492 -5842.1868
12494 -5842.1868
12496 -5842.1868
12498 -5842.1868
12500 -5842.1868
12502 -5842.1868
12504 -5842.1868
12506 -5842.1868
12508 -5842.1868
12510 -5842.1868
12512 -5842.1868
12514 -5842.1868
12516 -5843.3778
12518 -5843.3778
12520 -5843.3778
12522 -5843.3778
12524 -5843.3778
12526 -5843.3778
12528 -5843.3778
12530 -5843.3778
12532 -5843.3778
12534 -5843.3778
12536 -5843.3778
12538 -5843.3778
12540 -5843.3778
12542 -5843.3778
12544 -5843.3778
12546 -5843.3778
12548 -5843.3778
12550 -5843.3778
12552 -5843.3778
12554 -5843.3778
12556 -5843.3778
12558 -5843.3778
12560 -5843.3778
12562 -5843.3778
12564 -5843.3778
12566 -5843.3778
12568 -5843.3778
12570 -5843.3778
12572 -5843.3778
12574 -5843.3778
12576 -5843.3778
12578 -5843.3778
12580 -5843.3778
12582 -5843.6092
12584 -5843.6092
12586 -5843.616
12588 -5843.616
12590 -5843.616
12592 -5843.616
12594 -5843.616
12596 -5843.616
12598 -5843.616
12600 -5843.616
12602 -5843.616
12604 -5843.616
12606 -5843.6823
12608 -5843.6823
12610 -5843.6823
12612 -5843.6823
12614 -5843.6823
12616 -5843.6823
12618 -5843.6823
12620 -5843.6823
12622 -5843.6823
12624 -5843.6823
12626 -5844.4621
12628 -5844.4621
12630 -5844.4621
12632 -5844.4621
12634 -5844.4621
12636 -5844.4621
12638 -5844.4621
12640 -5844.4621
12642 -5845.0013
12644 -5845.0013
12646 -5845.0013
12648 -5845.0013
12650 -5845.0013
12652 -5845.0013
12654 -5845.0013
12656 -5845.0013
12658 -5845.0013
12660 -5845.0013
12662 -5845.0013
12664 -5845.0013
12666 -5845.0013
12668 -5845.0013
12670 -5845.0013
12672 -5845.0013
12674 -5845.0013
12676 -5845.0013
12678 -5845.0013
12680 -5845.0013
12682 -5845.0013
12684 -5845.0013
12686 -5845.0013
12688 -5845.0013
12690 -5845.0013
12692 -5845.0013
12694 -5845.0013
12696 -5845.0013
12698 -5845.0013
12700 -5845.0013
12702 -5845.0013
12704 -5845.0013
12706 -5845.0013
12708 -5845.0013
12710 -5845.0013
12712 -5845.0013
12714 -5845.0013
12716 -5845.0013
12718 -5845.0013
12720 -5845.0013
12722 -5845.0013
12724 -5845.0013
12726 -5845.3944
12728 -5845.3944
12730 -5845.3944
12732 -5845.3944
12734 -5845.3944
12736 -5845.3944
12738 -5845.3944
12740 -5845.3944
12742 -5845.3944
12744 -5845.3944
12746 -5845.3944
12748 -5845.3944
12750 -5845.3944
12752 -5845.3944
12754 -5845.3944
12756 -5845.3944
12758 -5845.3944
12760 -5845.3944
12762 -5845.3944
12764 -5845.3944
12766 -5845.3944
12768 -5845.5115
12770 -5845.5115
12772 -5845.5115
12774 -5845.7605
12776 -5845.7605
12778 -5845.7605
12780 -5845.7605
