501 -1152.8758
502 -1144.2813
503 -1149.947
504 -1123.1447
505 -1141.1888
506 -1151.9041
507 -916.8351
508 -1128.1029
509 -1120.8978
510 -1143.339
511 -1099.9516
512 -913.54593
513 -1007.2023
514 -1122.0829
515 -1136.8581
516 -1101.6886
517 -1137.0472
518 -991.19844
519 -958.13821
520 -1036.2696
521 -1016.3734
522 -1148.056
523 -1146.937
524 -1145.6885
525 -1101.0484
526 -1158.0571
527 -1127.9843
528 -903.48886
529 -1157.8256
530 -1174.6506
531 -1182.3667
532 -1173.1162
533 -1182.7814
534 -1161.5809
535 -1180.7891
536 -1183.499
537 -1182.961
538 -1037.985
539 -1048.1753
540 -1182.4969
541 -1177.1088
542 -1172.5983
543 -1178.4202
544 -1148.6001
545 -1160.3471
546 -1168.942
547 -1186.4215
548 -1189.1692
549 -1127.1635
550 -1164.3413
551 -1143.2745
552 -1120.8248
553 -1186.3623
554 -1192.3265
555 -1186.9654
556 -1003.5985
557 -1171.9211
558 -1043.8557
559 -1038.4277
560 -1196.2264
561 -1148.5902
562 -1194.0181
563 -1131.3094
564 -749.03572
565 -1174.4619
566 -1195.8074
567 -1194.2626
568 -1183.9375
569 -1120.0399
570 -1090.6002
571 -999.08872
572 -1200.2494
573 -1161.8091
574 -1161.1509
575 -1197.8621
576 -1049.0734
577 -1150.4108
578 -1207.9786
579 -1194.7386
580 -1174.7297
581 -1167.5679
582 -1201.336
583 -1218.672
584 -1202.4125
585 -1190.6765
586 -1183.6309
587 -1171.8959
588 -1210.1151
589 -1216.2842
590 -1219.1606
591 -1249.4908
592 -1234.1276
593 -1248.1058
594 -1216.9812
595 -1238.1877
596 -1194.9321
597 -1260.5001
598 -1259.4261
599 -1247.919
600 -962.2029
601 -1208.7136
602 -1260.5908
603 -1257.7111
604 -1126.0734
605 -1263.6126
606 -1264.0785
607 -1258.999
608 -1257.2498
609 -1245.0937
610 -1264.4057
611 -1243.4028
612 -1256.4888
613 -1265.0473
614 -1251.4364
615 -1257.2526
616 -1263.1538
617 -1265.2549
618 -1257.0828
619 -1245.9354
620 -1272.6816
621 -1260.7911
622 -1268.4142
623 -1223.5786
624 -1240.5348
625 -1268.2317
626 -1244.4234
627 -1227.5813
628 -1273.8087
629 -1263.3168
630 -1271.2359
631 -1272.7021
632 -1251.6457
633 -1276.8884
634 -1215.5866
635 -1252.4256
636 -1240.398
637 -1273.8767
638 -1244.7189
639 -1179.3727
640 -1266.792
641 -1231.8595
642 -1177.2801
643 -1221.5924
644 -1269.1757
645 -1258.256
646 -1279.3192
647 -1260.7171
648 -1081.723
649 -1196.9739
650 -1281.7675
651 -1263.35
652 -1255.5003
653 -1278.4386
654 -1275.2347
655 -1003.3991
656 -1278.5038
657 -1214.3337
658 -1249.4355
659 -1268.2719
660 -1282.6574
661 -1257.212
662 -1263.1974
663 -1268.7625
664 -1259.6156
665 -1254.8573
666 -1231.1387
667 -1267.6361
668 -835.74771
669 -1282.8866
670 -1261.4187
671 -1229.0725
672 -1290.8551
673 -1276.2265
674 -1303.9572
675 -1239.357
676 -1293.8739
677 -1296.9408
678 -1315.0176
679 -1314.8603
680 -1254.368
681 -1128.0386
682 -1317.9818
683 -1316.0913
684 -1270.5076
685 -1298.8539
686 -1306.7875
687 -1303.4398
688 -1310.7425
689 -1258.3577
690 -1307.0174
691 -1311.9097
692 -1300.3921
693 -1320.2453
694 -1303.2322
695 -1325.0134
696 -1320.5136
697 -1295.1938
698 -1220.2928
699 -1323.6794
700 -1320.8846
701 -1295.6833
702 -1272.2943
703 -1311.4632
704 -1317.3467
705 -1310.835
706 -1309.0099
707 -1314.3847
708 -1297.5676
709 -1267.8306
710 -1327.327
711 -1309.6583
712 -1225.4006
713 -1323.759
714 -1323.0296
715 -1317.7168
716 -1325.3424
717 -1326.7159
718 -1308.1265
719 -1252.0692
720 -1287.2852
721 -1329.2193
722 -1336.6486
723 -1332.9153
724 -1360.6839
725 -1361.0171
726 -1360.6393
727 -1347.4586
728 -1234.8891
729 -1280.0186
730 -1317.558
731 -1355.9387
732 -1360.214
733 -1347.8713
734 -1287.0605
735 -1358.8284
736 -1338.5504
737 -1351.6994
738 -1270.3865
739 -1328.4026
740 -1356.3368
741 -1322.7917
742 -1359.4508
743 -1342.1577
744 -1333.2279
745 -1342.7299
746 -1362.7554
747 -1354.418
748 -1359.6613
749 -1328.3422
750 -1260.2647
751 -1319.5053
752 -1352.7053
753 -1340.8959
754 -1344.1985
755 -1356.173
756 -1336.2806
757 -1344.0565
758 -1341.2688
759 -1355.8643
760 -1353.3838
761 -1328.3598
762 -1359.0656
763 -1313.2829
764 -1364.0329
765 -1345.1336
766 -1352.6029
767 -1297.4107
768 -1328.1797
769 -1363.0722
770 -1298.0841
771 -1360.2719
772 -1314.792
773 -1329.6893
774 -1299.2025
775 -1325.0044
776 -1351.432
777 -1362.5315
778 -1361.0649
779 -1349.3713
780 -1365.5532
781 -1237.1485
782 -1363.3157
783 -1341.6179
784 -1346.837
785 -1354.2124
786 -1353.8757
787 -1364.9546
788 -1301.006
789 -1366.2462
790 -1351.203
791 -1343.4084
792 -1342.8044
793 -1359.3407
794 -1351.3498
795 -1361.4921
796 -1350.3971
797 -1358.3132
798 -1361.9475
799 -1354.3406
800 -1363.8445
801 -1202.6194
802 -1280.5931
803 -1357.388
804 -1348.264
805 -1361.1462
806 -1352.5654
807 -1352.6229
808 -1366.0004
809 -1336.8442
810 -1355.0552
811 -1364.3948
812 -1274.5436
813 -1364.7737
814 -1349.4565
815 -1363.8488
816 -1346.1742
817 -1365.0667
818 -1361.943
819 -1366.3997
820 -1358.7938
821 -1328.9927
822 -1318.4832
823 -1359.4716
824 -1328.7615
825 -1324.9944
826 -1337.6932
827 -1310.4421
828 -1358.964
829 -1365.2971
830 -1348.7334
831 -1365.0839
832 -1238.8988
833 -1365.7205
834 -1366.9005
835 -1366.0051
836 -1278.2478
837 -1359.6156
838 -1357.8517
839 -1357.3669
840 -1355.6841
841 -1364.9849
842 -1349.641
843 -1341.3358
844 -1363.3427
845 -1348.4356
846 -1343.2758
847 -1344.7047
848 -1362.8626
849 -1363.9088
850 -1347.0342
851 -1359.0059
852 -1362.6584
853 -1351.0797
854 -1348.6183
855 -1355.0486
856 -1347.1153
857 -1367.1208
858 -1340.0243
859 -1353.134
860 -1362.523
861 -1341.0604
862 -1346.1507
863 -1356.1419
864 -1354.3897
865 -1355.4
866 -1319.2477
867 -1070.2577
868 -1350.8175
869 -1363.2334
870 -1225.416
871 -1359.6383
872 -1310.1527
873 -1327.6035
874 -1364.7745
875 -1355.7237
876 -1273.4935
877 -1376.3317
878 -1361.6082
879 -1369.6748
880 -1357.988
881 -1369.7716
882 -1372.9392
883 -1320.2547
884 -1317.2641
885 -1363.0812
886 -1324.933
887 -1377.0152
888 -1376.7502
889 -1373.2045
890 -1377.9023
891 -1377.4608
892 -1349.1631
893 -1376.8988
894 -1365.3398
895 -1372.5411
896 -1372.932
897 -1342.6101
898 -1334.6924
899 -1375.9557
900 -1223.4456
901 -1304.6856
902 -1372.9221
903 -1376.7451
904 -1373.8436
905 -1371.7394
906 -1358.1775
907 -1367.9023
908 -1374.3555
909 -1377.827
910 -1307.5549
911 -1362.0358
912 -1359.5259
913 -1352.9288
914 -1364.6388
915 -1174.9215
916 -1374.7703
917 -1320.0624
918 -1377.782
919 -1287.7599
920 -1377.6634
921 -1375.7985
922 -1374.968
923 -1369.9184
924 -1371.4699
925 -1375.668
926 -1378.4946
927 -1381.3652
928 -1367.2797
929 -1357.89
930 -1318.9603
931 -1377.9764
932 -1315.0559
933 -1375.6814
934 -1377.7435
935 -1321.5036
936 -1360.4016
937 -1381.2293
938 -1349.5004
939 -1380.5593
940 -1237.6815
941 -1345.1813
942 -1381.425
943 -1379.9906
944 -1372.7053
945 -1326.8892
946 -1378.8849
947 -1383.5814
948 -1351.1948
949 -1383.1601
950 -1331.5087
951 -1376.8046
952 -1355.767
953 -1226.2451
954 -1367.5672
955 -1382.1759
956 -1382.471
957 -1383.448
958 -1350.7846
959 -1372.7214
960 -1379.7036
961 -1370.2854
962 -1383.8188
963 -1362.3583
964 -1335.509
965 -1361.8192
966 -1372.4047
967 -1382.6259
968 -1384.2748
969 -1383.7993
970 -1306.5373
971 -1375.5952
972 -1376.8114
973 -1373.8129
974 -1327.7621
975 -1385.2496
976 -1349.3926
977 -1272.4025
978 -1385.3792
979 -1383.8451
980 -1347.0055
981 -1360.0148
982 -1368.2799
983 -1386.9355
984 -1389.1506
985 -1369.0197
986 -1308.5871
987 -1390.1124
988 -1389.9374
989 -1371.1388
990 -1381.3409
991 -1385.6865
992 -1345.9312
993 -1387.658
994 -1345.1018
995 -1245.4808
996 -1301.0272
997 -1388.1501
998 -1357.2601
999 -1380.5465
1000 -1390.7049
1001 -1380.613
1002 -1276.1899
1003 -1388.9186
1004 -1150.1691
1005 -1393.371
1006 -1287.7751
1007 -1391.1657
1008 -1385.9685
1009 -1376.8723
1010 -1356.9734
1011 -1342.4905
1012 -1375.4981
1013 -1364.1155
1014 -1394.5413
1015 -1395.1492
1016 -1370.4519
1017 -1393.1432
1018 -1248.3683
1019 -1345.4891
1020 -1334.2991
1021 -1369.0585
1022 -1385.622
1023 -1344.6426
1024 -1385.4419
1025 -1389.209
1026 -1376.3796
1027 -1390.3151
1028 -1391.4123
1029 -1394.3678
1030 -1388.7445
1031 -1385.4171
1032 -1202.757
1033 -1396.2953
1034 -1384.7818
1035 -1395.0424
1036 -1390.3951
1037 -1356.8996
1038 -1395.7276
1039 -1380.5002
1040 -1325.6291
1041 -1396.0214
1042 -1366.4706
1043 -1391.0087
1044 -1396.1573
1045 -1374.6423
1046 -1386.5485
1047 -1364.1812
1048 -1371.386
1049 -1366.1404
1050 -1367.8037
1051 -1391.6595
1052 -1393.8625
1053 -1388.2282
1054 -1375.8732
1055 -1395.492
1056 -1392.0554
1057 -1362.2422
1058 -1329.9581
1059 -1391.986
1060 -1390.2381
1061 -1314.436
1062 -1389.6528
1063 -1393.7593
1064 -1387.4231
1065 -1362.5814
1066 -1391.9321
1067 -1375.0654
1068 -1344.6672
1069 -1388.7804
1070 -1390.7341
1071 -1390.4005
1072 -1393.8785
1073 -1401.9962
1074 -1387.6196
1075 -1382.1692
1076 -1393.8015
1077 -1365.6211
1078 -1378.9178
1079 -1330.4479
1080 -1399.9732
1081 -1402.4088
1082 -1401.717
1083 -1399.959
1084 -1392.7394
1085 -1387.38
1086 -1361.4362
1087 -1383.4794
1088 -1350.6775
1089 -1384.484
1090 -1328.9151
1091 -1361.5314
1092 -1371.4538
1093 -1391.5762
1094 -1357.0546
1095 -1387.8936
1096 -1392.3651
1097 -1399.8479
1098 -1399.9298
1099 -1364.5652
1100 -1397.8116
1101 -1396.9818
1102 -1359.0007
1103 -1401.3561
1104 -1397.128
1105 -1394.8677
1106 -1377.9374
1107 -1400.9229
1108 -1324.2344
1109 -1374.0001
1110 -1351.6766
1111 -1384.9596
1112 -1345.5743
1113 -1396.5867
1114 -1355.2604
1115 -1377.2527
1116 -1281.6657
1117 -1379.4059
1118 -1403.2481
1119 -1400.8704
1120 -1379.0322
1121 -1402.2168
1122 -1399.9889
1123 -1365.0232
1124 -1366.9967
1125 -1401.6868
1126 -1347.3693
1127 -1398.6531
1128 -1256.669
1129 -1374.9972
1130 -1354.7615
1131 -1344.3135
1132 -1389.3305
1133 -1403.6766
1134 -1379.8981
1135 -1393.73
1136 -1391.9574
1137 -1384.2121
1138 -1394.2283
1139 -1383.3828
1140 -1329.8762
1141 -1379.8675
1142 -1390.6308
1143 -1398.0867
1144 -1400.1126
1145 -1358.483
1146 -1368.226
1147 -1301.7704
1148 -1386.7918
1149 -1368.9324
1150 -1376.7739
1151 -1394.7777
1152 -1360.6945
1153 -1373.5084
1154 -1395.9609
1155 -1377.4009
1156 -1404.86
1157 -1403.8886
1158 -1395.1791
1159 -1400.7521
1160 -1365.2422
1161 -1352.2435
1162 -1262.8723
1163 -1390.3982
1164 -1379.856
1165 -1398.8566
1166 -1396.2025
1167 -1385.4454
1168 -1365.7853
1169 -1384.3766
1170 -1395.4609
1171 -1401.9977
1172 -1352.9826
1173 -1347.9269
1174 -1309.7624
1175 -1407.0772
1176 -1402.3259
1177 -1397.5108
1178 -1386.6482
1179 -1398.0579
1180 -1384.7446
1181 -1347.7824
1182 -1406.4299
1183 -1332.6003
1184 -1404.1177
1185 -1393.716
1186 -1397.1805
1187 -1326.2202
1188 -1349.9515
1189 -1405.9614
1190 -1407.0928
1191 -1409.9998
1192 -1392.1109
1193 -1377.7093
1194 -1398.9467
1195 -1371.8904
1196 -1347.1974
1197 -1348.7335
1198 -1408.89
1199 -1377.3589
1200 -1398.4711
1201 -1402.4554
1202 -1394.9311
1203 -1401.6984
1204 -1396.9235
1205 -1406.699
1206 -1405.7397
1207 -1407.0562
1208 -1333.9546
1209 -1403.7691
1210 -1403.843
1211 -1365.9003
1212 -1384.2794
1213 -1408.9905
1214 -1411.0722
1215 -1323.2091
1216 -1383.4878
1217 -1405.7121
1218 -1405.4477
1219 -1388.4246
1220 -1414.0596
1221 -1405.4862
1222 -1403.1504
1223 -1346.7991
1224 -1385.9917
1225 -1404.8062
1226 -1420.8922
1227 -1405.1671
1228 -1418.4301
1229 -1401.4517
1230 -1419.4605
1231 -1377.5712
1232 -1411.6671
1233 -1419.8836
1234 -1392.3118
1235 -1396.6333
1236 -1420.1341
1237 -1416.7408
1238 -1406.1049
1239 -1418.9085
1240 -1414.3981
1241 -1415.5641
1242 -1390.7327
1243 -1420.6954
1244 -1367.3934
1245 -1420.4659
1246 -1296.4937
1247 -1389.227
1248 -1402.5073
1249 -1350.5211
1250 -1417.5595
1251 -1403.8834
1252 -1403.7445
1253 -1416.9619
1254 -1380.0422
1255 -1384.5434
1256 -1403.1835
1257 -1394.5847
1258 -1392.3603
1259 -1412.6787
1260 -1384.0895
1261 -1408.214
1262 -1342.9431
1263 -1418.8675
1264 -1419.5452
1265 -1414.1004
1266 -1415.8991
1267 -1409.1849
1268 -1420.6975
1269 -1414.7339
1270 -1412.4871
1271 -1345.6294
1272 -1401.3761
1273 -1416.457
1274 -1416.8998
1275 -1383.9654
1276 -1400.9969
1277 -1414.221
1278 -1418.7174
1279 -1420.6099
1280 -1312.3803
1281 -1417.9713
1282 -1388.1759
1283 -1410.1834
1284 -1370.176
1285 -1405.9901
1286 -1415.7797
1287 -1411.1741
1288 -1403.7112
1289 -1405.0763
1290 -1408.3202
1291 -1406.9968
1292 -1406.6586
1293 -1415.7414
1294 -1396.3543
1295 -1342.9632
1296 -1421.5415
1297 -1367.9499
1298 -1401.6093
1299 -1405.5477
1300 -1383.6798
1301 -1360.4515
1302 -1376.2588
1303 -1408.5414
1304 -1403.6527
1305 -1416.7028
1306 -1352.641
1307 -1418.5607
1308 -1418.0371
1309 -1420.7424
1310 -1412.6832
1311 -1412.5211
1312 -1416.4793
1313 -1423.4988
1314 -1404.172
1315 -1422.715
1316 -1391.0384
1317 -1316.9002
1318 -1410.7399
1319 -1371.8962
1320 -1380.468
1321 -1407.5296
1322 -1421.874
1323 -1404.4716
1324 -1421.4495
1325 -1418.6708
1326 -1418.6992
1327 -1344.294
1328 -1401.7237
1329 -1420.9555
1330 -1406.4221
1331 -1346.7828
1332 -1409.1874
1333 -1397.0672
1334 -1390.7101
1335 -1415.2252
1336 -1420.9808
1337 -1375.3571
1338 -1412.593
1339 -1423.0876
1340 -1421.6804
1341 -1415.8454
1342 -1416.731
1343 -1411.0861
1344 -1420.9801
1345 -1402.0345
1346 -1409.2791
1347 -1417.6031
1348 -1423.5334
1349 -1402.2754
1350 -1404.5341
1351 -1420.247
1352 -1367.9814
1353 -1398.1761
1354 -1420.3243
1355 -1409.8054
1356 -1403.7297
1357 -1422.4967
1358 -1403.7305
1359 -1422.02
1360 -1423.0866
1361 -1412.5972
1362 -1422.4781
1363 -1420.8646
1364 -1405.5765
1365 -1414.3735
1366 -1406.7151
1367 -1387.1729
1368 -1413.0071
1369 -1390.7943
1370 -1408.7859
1371 -1419.1151
1372 -1388.6803
1373 -1403.6674
1374 -1392.5538
1375 -1344.1823
1376 -1423.8623
1377 -1422.4049
1378 -1418.286
1379 -1407.1215
1380 -1423.2159
1381 -1389.4793
1382 -1414.3354
1383 -1411.6303
1384 -1424.0388
1385 -1401.7649
1386 -1421.0839
1387 -1423.1531
1388 -1336.7115
1389 -1387.8774
1390 -1422.7252
1391 -1398.5022
1392 -1401.3301
1393 -1400.8944
1394 -1406.2902
1395 -1358.0572
1396 -1420.0586
1397 -1407.6501
1398 -1421.2355
1399 -1422.0185
1400 -1406.6371
1401 -1246.0077
1402 -1419.3806
1403 -1423.0783
1404 -1413.5826
1405 -1394.8697
1406 -1395.5511
1407 -1376.1966
1408 -1349.2596
1409 -1410.3595
1410 -1420.4239
1411 -1415.5669
1412 -1416.1935
1413 -1394.7531
1414 -1384.3503
1415 -1387.3278
1416 -1413.8769
1417 -1310.6799
1418 -1424.5163
1419 -1414.6643
1420 -1420.6082
1421 -1363.3986
1422 -1415.9755
1423 -1421.4511
1424 -1408.9733
1425 -1422.2486
1426 -1412.2819
1427 -1411.2278
1428 -1424.7229
1429 -1419.1825
1430 -1413.3247
1431 -1418.0483
1432 -1403.2565
1433 -1406.5914
1434 -1414.2178
1435 -1421.0897
1436 -1421.9625
1437 -1405.6316
1438 -1417.4922
1439 -1424.3917
1440 -1420.9664
1441 -1415.8966
1442 -1418.4594
1443 -1411.6952
1444 -1401.6643
1445 -1414.9223
1446 -1424.5667
1447 -1412.246
1448 -1416.3906
1449 -1417.5785
1450 -1399.5597
1451 -1419.7688
1452 -1356.1703
1453 -1363.8822
1454 -1376.2608
1455 -1410.5471
1456 -1424.6496
1457 -1414.4628
1458 -1420.6784
1459 -1337.3794
1460 -1397.4149
1461 -1420.3787
1462 -1421.7819
1463 -1421.4344
1464 -1381.1056
1465 -1424.4687
1466 -1409.1837
1467 -1390.6372
1468 -1312.3044
1469 -1340.4408
1470 -1327.095
1471 -1401.2161
1472 -1415.6282
1473 -1412.7069
1474 -1409.3569
1475 -1427.0142
1476 -1422.2121
1477 -1423.7871
1478 -1418.1244
1479 -1409.4076
1480 -1423.4343
1481 -1396.6495
1482 -1385.3632
1483 -1416.953
1484 -1406.8674
1485 -1399.469
1486 -1412.3909
1487 -1405.4694
1488 -1411.9681
1489 -1316.5436
1490 -1425.7851
1491 -1420.9506
1492 -1399.8396
1493 -1422.3101
1494 -1423.3136
1495 -1340.4552
1496 -1424.8218
1497 -1402.5187
1498 -1422.2276
1499 -1424.959
1500 -1426.7165
1501 -1417.0329
1502 -1429.3287
1503 -1429.8167
1504 -1417.7796
1505 -1427.0687
1506 -1415.6238
1507 -1323.0986
1508 -1425.091
1509 -1397.6259
1510 -1419.799
1511 -1427.4339
1512 -1422.1284
1513 -1428.1333
1514 -1415.475
1515 -1402.3355
1516 -1404.8248
1517 -1426.1481
1518 -1424.2128
1519 -1427.6586
1520 -1429.9301
1521 -1429.9094
1522 -1411.8712
1523 -1430.0722
1524 -1415.4275
1525 -1421.2696
1526 -1406.9841
1527 -1428.8579
1528 -1333.6046
1529 -1391.6232
1530 -1426.0817
1531 -1426.6183
1532 -1423.3886
1533 -1411.1635
1534 -1372.8991
1535 -1415.0676
1536 -1424.4988
1537 -1430.8304
1538 -1278.5265
1539 -1424.2016
1540 -1430.8248
1541 -1419.7245
1542 -1410.1008
1543 -1416.1693
1544 -1431.8444
1545 -1415.6953
1546 -1428.6275
1547 -1429.2763
1548 -1407.506
1549 -1426.2552
1550 -1400.7982
1551 -1431.696
1552 -1326.2252
1553 -1394.7835
1554 -1424.1523
1555 -1421.513
1556 -1423.2378
1557 -1411.9782
1558 -1414.4939
1559 -1397.3989
1560 -1407.6954
1561 -1417.0969
1562 -1430.7664
1563 -1385.7557
1564 -1426.4304
1565 -1397.0499
1566 -1412.5944
1567 -1429.2544
1568 -1428.2322
1569 -1431.6876
1570 -1336.8713
1571 -1425.3178
1572 -1424.5393
1573 -1430.7656
1574 -1319.7769
1575 -1429.4449
1576 -1390.8714
1577 -1419.923
1578 -1421.09
1579 -1395.9112
1580 -1395.2252
1581 -1411.4556
1582 -1411.9414
1583 -1427.4846
1584 -1420.5069
1585 -1428.1173
1586 -1425.8633
1587 -1385.4567
1588 -1421.7417
1589 -1375.6983
1590 -1426.8888
1591 -1412.764
1592 -1385.1428
1593 -1414.7754
1594 -1430.3323
1595 -1403.4416
1596 -1402.7872
1597 -1425.8907
1598 -1401.6014
1599 -1431.9475
1600 -1427.2574
1601 -1430.4528
1602 -1422.6762
1603 -1424.7733
1604 -1362.9275
1605 -1301.7357
1606 -1429.1515
1607 -1414.4553
1608 -1423.4877
1609 -1430.9798
1610 -1385.5185
1611 -1428.8969
1612 -1398.1616
1613 -1397.5623
1614 -1432.8885
1615 -1431.3648
1616 -1428.9301
1617 -1426.3799
1618 -1427.2654
1619 -1412.1885
1620 -1432.7575
1621 -1424.9308
1622 -1418.5958
1623 -1411.4628
1624 -1406.2367
1625 -1428.0712
1626 -1393.9586
1627 -1427.6099
1628 -1430.0109
1629 -1423.7632
1630 -1405.0028
1631 -1392.2828
1632 -1368.6375
1633 -1350.5649
1634 -1433.0191
1635 -1434.0461
1636 -1406.7052
1637 -1404.8521
1638 -1402.3705
1639 -1427.2536
1640 -1433.6815
1641 -1429.1402
1642 -1435.717
1643 -1435.1656
1644 -1421.112
1645 -1416.4421
1646 -1365.99
1647 -1402.7832
1648 -1411.1534
1649 -1414.5152
1650 -1405.9598
1651 -1431.6488
1652 -1389.5041
1653 -1435.5568
1654 -1434.2924
1655 -1426.6052
1656 -1402.5767
1657 -1426.547
1658 -1430.3123
1659 -1414.6931
1660 -1423.1347
1661 -1428.1707
1662 -1431.9695
1663 -1426.1061
1664 -1417.6128
1665 -1435.7015
1666 -1426.9773
1667 -1432.1769
1668 -1420.4792
1669 -1377.0895
1670 -1430.902
1671 -1432.9238
1672 -1423.005
1673 -1409.7764
1674 -1413.6453
1675 -1431.4688
1676 -1431.4175
1677 -1433.2599
1678 -1423.4143
1679 -1434.9367
1680 -1434.0744
1681 -1397.0275
1682 -1426.4568
1683 -1377.6267
1684 -1378.3761
1685 -1423.6354
1686 -1414.9305
1687 -1387.2012
1688 -1406.508
1689 -1413.4251
1690 -1413.7105
1691 -1410.0939
1692 -1421.1337
1693 -1411.6331
1694 -1400.962
1695 -1362.5451
1696 -1399.3637
1697 -1429.7162
1698 -1426.3748
1699 -1422.7906
1700 -1390.8995
1701 -1411.716
1702 -1423.6183
1703 -1432.3756
1704 -1397.8721
1705 -1365.8541
1706 -1420.1204
1707 -1412.4939
1708 -1432.2037
1709 -1408.4054
1710 -1428.7979
1711 -1435.9437
1712 -1401.7507
1713 -1409.1269
1714 -1422.1366
1715 -1424.8387
1716 -1382.0775
1717 -1434.2842
1718 -1426.7156
1719 -1434.2138
1720 -1377.5256
1721 -1436.1449
1722 -1394.9815
1723 -1428.5349
1724 -1398.1448
1725 -1428.6375
1726 -1431.0692
1727 -1429.879
1728 -1411.275
1729 -1435.9158
1730 -1418.0281
1731 -1437.4666
1732 -1418.0373
1733 -1366.9809
1734 -1431.4014
1735 -1434.0555
1736 -1425.7401
1737 -1394.8258
1738 -1430.4815
1739 -1435.0883
1740 -1434.0476
1741 -1435.2765
1742 -1379.5618
1743 -1423.8407
1744 -1315.1399
1745 -1437.6971
1746 -1429.478
1747 -1402.8864
1748 -1427.0616
1749 -1433.1572
1750 -1430.7742
1751 -1414.8311
1752 -1436.8134
1753 -1414.6606
1754 -1407.1418
1755 -1333.8714
1756 -1272.0336
1757 -1401.5734
1758 -1427.9975
1759 -1435.232
1760 -1429.7081
1761 -1364.5659
1762 -1424.2494
1763 -1413.7448
1764 -1432.6361
1765 -1400.1902
1766 -1420.8597
1767 -1419.7487
1768 -1439.9863
1769 -1420.3972
1770 -1416.8074
1771 -1436.0611
1772 -1420.4319
1773 -1421.2996
1774 -1438.6842
1775 -1420.9356
1776 -1422.649
1777 -1372.8017
1778 -1434.9377
1779 -1421.0521
1780 -1427.056
1781 -1430.788
1782 -1440.1196
1783 -1393.5025
1784 -1428.6992
1785 -1426.7206
1786 -1414.1678
1787 -1407.7904
1788 -1436.2817
1789 -1433.1134
1790 -1423.014
1791 -1430.2984
1792 -1421.7113
1793 -1395.6441
1794 -1428.3857
1795 -1410.4361
1796 -1409.6757
1797 -1439.1231
1798 -1366.1104
1799 -1433.3436
1800 -1436.5577
1801 -1425.1812
1802 -1431.7594
1803 -1438.3678
1804 -1423.5163
1805 -1401.371
1806 -1441.0789
1807 -1439.0836
1808 -1416.5787
1809 -1432.4232
1810 -1438.5318
1811 -1431.6315
1812 -1404.3217
1813 -1373.172
1814 -1426.929
1815 -1432.0745
1816 -1434.403
1817 -1422.1914
1818 -1351.6903
1819 -1440.3283
1820 -1440.9837
1821 -1433.8906
1822 -1428.0651
1823 -1373.0353
1824 -1434.6407
1825 -1422.2348
1826 -1430.4086
1827 -1438.3205
1828 -1422.8915
1829 -1421.4589
1830 -1421.4141
1831 -1433.623
1832 -1433.9127
1833 -1416.0371
1834 -1432.1369
1835 -1432.2086
1836 -1394.0853
1837 -1432.223
1838 -1379.1454
1839 -1422.9073
1840 -1428.3107
1841 -1399.759
1842 -1438.7836
1843 -1419.6186
1844 -1437.8767
1845 -1440.0216
1846 -1413.3552
1847 -1414.8009
1848 -1417.4093
1849 -1442.6974
1850 -1442.5576
1851 -1440.5871
1852 -1433.9771
1853 -1437.5456
1854 -1401.2817
1855 -1432.7854
1856 -1388.5996
1857 -1433.3709
1858 -1366.9865
1859 -1375.1718
1860 -1429.4241
1861 -1416.6024
1862 -1436.5623
1863 -1434.9865
1864 -1393.3433
1865 -1400.0276
1866 -1437.6767
1867 -1438.3406
1868 -1439.5137
1869 -1435.8531
1870 -1441.2974
1871 -1438.8535
1872 -1438.2825
1873 -1391.0428
1874 -1438.3788
1875 -1438.5901
1876 -1441.8773
1877 -1386.2707
1878 -1441.4696
1879 -1439.4776
1880 -1433.0328
1881 -1417.9655
1882 -1434.621
1883 -1428.8203
1884 -1415.7476
1885 -1290.6265
1886 -1432.6368
1887 -1399.8824
1888 -1437.3353
1889 -1401.235
1890 -1429.2016
1891 -1437.3368
1892 -1430.2242
1893 -1421.2765
1894 -1442.1694
1895 -1420.715
1896 -1403.9946
1897 -1414.9046
1898 -1428.5522
1899 -1334.7375
1900 -1425.594
1901 -1438.4783
1902 -1430.122
1903 -1313.7399
1904 -1399.3368
1905 -1443.2135
1906 -1388.3126
1907 -1405.2948
1908 -1438.9933
1909 -1442.0081
1910 -1422.8535
1911 -1442.8708
1912 -1436.098
1913 -1429.4092
1914 -1440.1989
1915 -1433.4915
1916 -1442.7474
1917 -1435.9648
1918 -1438.0181
1919 -1422.5419
1920 -1410.7972
1921 -1373.0109
1922 -1433.5919
1923 -1439.1447
1924 -1434.6114
1925 -1435.0642
1926 -1436.3586
1927 -1442.3321
1928 -1431.7238
1929 -1354.9212
1930 -1415.9271
1931 -1436.4178
1932 -1441.1137
1933 -1429.7033
1934 -1434.9661
1935 -1434.7135
1936 -1390.5475
1937 -1431.6816
1938 -1424.0754
1939 -1428.3124
1940 -1403.6072
1941 -1435.7794
1942 -1412.174
1943 -1425.5981
1944 -1435.288
1945 -1403.6487
1946 -1430.2911
1947 -1438.7814
1948 -1437.1099
1949 -1443.0944
1950 -1422.6468
1951 -1442.9705
1952 -1402.6511
1953 -1440.5799
1954 -1438.689
1955 -1441.1777
1956 -1416.8324
1957 -1438.4156
1958 -1439.7528
1959 -1438.1008
1960 -1394.9292
1961 -1442.2921
1962 -1438.8303
1963 -1416.9538
1964 -1425.8712
1965 -1439.2957
1966 -1439.4052
1967 -1411.4047
1968 -1431.1351
1969 -1420.464
1970 -1434.6282
1971 -1440.5669
1972 -1442.6826
1973 -1439.2072
1974 -1443.0983
1975 -1436.3962
1976 -1433.1752
1977 -1350.8738
1978 -1441.0711
1979 -1407.5843
1980 -1440.1971
1981 -1429.9613
1982 -1428.2154
1983 -1425.386
1984 -1417.0211
1985 -1441.8295
1986 -1426.5061
1987 -1403.031
1988 -1436.4845
1989 -1437.5433
1990 -1442.4305
1991 -1419.6276
1992 -1434.5579
1993 -1434.953
1994 -1406.4987
1995 -1420.48
1996 -1429.2634
1997 -1441.7975
1998 -1440.8851
1999 -1436.2993
2000 -1428.0431
2001 -1324.0541
2002 -1428.2449
2003 -1439.7689
2004 -1435.7475
2005 -1423.1823
2006 -1428.8444
2007 -1430.4389
2008 -1412.9348
2009 -1435.5166
2010 -1433.9183
2011 -1443.7629
2012 -1422.4603
2013 -1439.7561
2014 -1441.5013
2015 -1438.0844
2016 -1430.8404
2017 -1442.7824
2018 -1401.4698
2019 -1442.0118
2020 -1437.3937
2021 -1421.484
2022 -1428.4869
2023 -1442.8234
2024 -1427.0236
2025 -1433.1828
2026 -1424.7041
2027 -1425.1155
2028 -1391.4075
2029 -1439.6829
2030 -1418.3191
2031 -1432.434
2032 -1442.1185
2033 -1434.4107
2034 -1437.8251
2035 -1442.2076
2036 -1436.8582
2037 -1438.4321
2038 -1423.1833
2039 -1393.04
2040 -1396.6557
2041 -1436.4449
2042 -1421.3319
2043 -1431.0793
2044 -1432.1058
2045 -1441.2409
2046 -1417.8369
2047 -1443.4766
2048 -1439.6099
2049 -1443.2363
2050 -1425.1893
2051 -1436.2784
2052 -1401.5671
2053 -1434.752
2054 -1441.2498
2055 -1399.5822
2056 -1412.5071
2057 -1437.8412
2058 -1442.7422
2059 -1370.573
2060 -1416.7446
2061 -1444.1468
2062 -1442.365
2063 -1431.1247
2064 -1367.8795
2065 -1441.6358
2066 -1420.9176
2067 -1378.5935
2068 -1438.2498
2069 -1426.5425
2070 -1354.3473
2071 -1419.6574
2072 -1438.4001
2073 -1422.755
2074 -1437.2518
2075 -1440.8549
2076 -1405.3214
2077 -1442.2417
2078 -1441.5493
2079 -1441.1123
2080 -1360.262
2081 -1435.5877
2082 -1443.7634
2083 -1404.1862
2084 -1411.5435
2085 -1433.5809
2086 -1434.8601
2087 -1444.2461
2088 -1435.2462
2089 -1334.2586
2090 -1432.315
2091 -1407.8859
2092 -1439.2742
2093 -1439.9731
2094 -1430.6375
2095 -1435.9229
2096 -1408.7385
2097 -1423.3663
2098 -1436.6187
2099 -1437.3098
2100 -1440.383
2101 -1369.0972
2102 -1420.8944
2103 -1437.2322
2104 -1433.4192
2105 -1430.9212
2106 -1442.6157
2107 -1440.9263
2108 -1436.9294
2109 -1408.3313
2110 -1407.2634
2111 -1439.8415
2112 -1439.2579
2113 -1443.6491
2114 -1436.7769
2115 -1410.053
2116 -1425.5783
2117 -1343.1262
2118 -1431.5208
2119 -1437.9868
2120 -1427.9748
2121 -1428.4012
2122 -1439.2033
2123 -1438.7325
2124 -1436.0649
2125 -1416.3382
2126 -1370.3568
2127 -1423.3271
2128 -1426.8108
2129 -1297.2579
2130 -1404.0586
2131 -1428.5302
2132 -1429.0952
2133 -1439.794
2134 -1244.3957
2135 -1421.4647
2136 -1428.0635
2137 -1441.359
2138 -1438.1952
2139 -1415.334
2140 -1414.3711
2141 -1351.6408
2142 -1433.7865
2143 -1391.7847
2144 -1444.6184
2145 -1433.0662
2146 -1436.3286
2147 -1444.7547
2148 -1428.91
2149 -1431.7792
2150 -1405.0615
2151 -1416.4767
2152 -1440.9434
2153 -1436.3436
2154 -1404.7519
2155 -1410.8101
2156 -1443.4081
2157 -1430.4827
2158 -1431.8081
2159 -1436.7611
2160 -1441.2058
2161 -1432.9932
2162 -1443.0136
2163 -1442.0774
2164 -1436.5593
2165 -1438.4625
2166 -1430.3268
2167 -1439.3372
2168 -1422.7202
2169 -1428.4701
2170 -1427.8873
2171 -1389.8857
2172 -1442.7129
2173 -1379.5097
2174 -1437.5231
2175 -1443.9974
2176 -1440.2082
2177 -1446.7481
2178 -1409.3816
2179 -1410.64
2180 -1436.5598
2181 -1443.0966
2182 -1442.4528
2183 -1399.4861
2184 -1429.8877
2185 -1446.2268
2186 -1424.6343
2187 -1439.7028
2188 -1437.7674
2189 -1434.2133
2190 -1439.4265
2191 -1449.2402
2192 -1403.1481
2193 -1398.5024
2194 -1443.4432
2195 -1440.3352
2196 -1442.4458
2197 -1449.4153
2198 -1426.4069
2199 -1438.193
2200 -1369.8218
2201 -1434.1484
2202 -1422.4707
2203 -1447.5461
2204 -1446.8676
2205 -1421.178
2206 -1416.5937
2207 -1434.8583
2208 -1381.2297
2209 -1439.767
2210 -1438.6102
2211 -1402.2863
2212 -1450.0564
2213 -1447.8315
2214 -1449.9245
2215 -1450.1308
2216 -1437.4577
2217 -1431.7379
2218 -1430.5533
2219 -1435.0874
2220 -1437.1494
2221 -1432.7669
2222 -1425.5866
2223 -1425.7626
2224 -1443.3821
2225 -1393.3574
2226 -1442.2071
2227 -1415.0658
2228 -1440.9853
2229 -1450.1438
2230 -1418.3274
2231 -1441.2371
2232 -1360.7745
2233 -1429.3058
2234 -1449.7263
2235 -1404.9602
2236 -1445.0478
2237 -1442.6927
2238 -1421.2024
2239 -1446.1347
2240 -1438.6736
2241 -1447.3324
2242 -1441.191
2243 -1449.9567
2244 -1442.1684
2245 -1447.4245
2246 -1375.9784
2247 -1442.2006
2248 -1446.9846
2249 -1432.3658
2250 -1383.0079
2251 -1376.4778
2252 -1447.011
2253 -1442.1237
2254 -1369.13
2255 -1443.2904
2256 -1433.8344
2257 -1435.3771
2258 -1446.1516
2259 -1445.2194
2260 -1447.0947
2261 -1448.7676
2262 -1443.2287
2263 -1435.1258
2264 -1416.4561
2265 -1435.1298
2266 -1448.6494
2267 -1441.7419
2268 -1414.9881
2269 -1407.5581
2270 -1383.9812
2271 -1437.4747
2272 -1436.2606
2273 -1444.858
2274 -1442.5927
2275 -1445.1588
2276 -1448.2872
2277 -1420.4429
2278 -1449.9451
2279 -1443.7941
2280 -1414.148
2281 -1441.8807
2282 -1431.0187
2283 -1420.0052
2284 -1449.3829
2285 -1430.6543
2286 -1442.5057
2287 -1449.4426
2288 -1418.2487
2289 -1441.3508
2290 -1444.9002
2291 -1430.8435
2292 -1346.8195
2293 -1448.1788
2294 -1433.5729
2295 -1426.4427
2296 -1427.9029
2297 -1434.949
2298 -1446.3413
2299 -1448.8424
2300 -1440.2782
2301 -1438.6439
2302 -1447.2572
2303 -1427.8112
2304 -1436.4385
2305 -1450.2493
2306 -1446.1092
2307 -1448.4964
2308 -1443.2143
2309 -1446.9791
2310 -1429.381
2311 -1425.5014
2312 -1440.8307
2313 -1325.0589
2314 -1419.85
2315 -1440.63
2316 -1441.2817
2317 -1440.4854
2318 -1450.8473
2319 -1446.732
2320 -1440.3157
2321 -1418.2932
2322 -1437.2283
2323 -1425.1964
2324 -1447.9598
2325 -1448.1825
2326 -1427.6471
2327 -1440.4276
2328 -1404.221
2329 -1448.9458
2330 -1449.1709
2331 -1447.8908
2332 -1383.6897
2333 -1442.4482
2334 -1433.3954
2335 -1432.8884
2336 -1437.2693
2337 -1446.1497
2338 -1448.3502
2339 -1424.6425
2340 -1446.9728
2341 -1403.0163
2342 -1414.6372
2343 -1434.4961
2344 -1392.6509
2345 -1441.2239
2346 -1434.7809
2347 -1439.5553
2348 -1434.5817
2349 -1443.8217
2350 -1444.5896
2351 -1435.4564
2352 -1444.9662
2353 -1447.9326
2354 -1450.5557
2355 -1438.7398
2356 -1439.138
2357 -1442.7271
2358 -1449.6251
2359 -1443.7422
2360 -1400.3774
2361 -1444.3367
2362 -1446.2031
2363 -1449.8549
2364 -1449.3073
2365 -1428.8325
2366 -1418.9011
2367 -1448.5697
2368 -1441.8252
2369 -1388.9157
2370 -1428.7602
2371 -1412.9079
2372 -1436.1957
2373 -1435.2866
2374 -1440.5526
2375 -1437.9752
2376 -1446.4106
2377 -1437.8646
2378 -1441.3977
2379 -1429.9936
2380 -1450.883
2381 -1446.0583
2382 -1378.8842
2383 -1418.3757
2384 -1439.6466
2385 -1444.1531
2386 -1404.9888
2387 -1429.0255
2388 -1441.1842
2389 -1426.0491
2390 -1449.3088
2391 -1403.6324
2392 -1433.942
2393 -1450.2856
2394 -1433.2081
2395 -1391.1556
2396 -1441.0792
2397 -1400.4135
2398 -1444.3781
2399 -1430.8707
2400 -1421.5534
2401 -1445.5813
2402 -1447.0683
2403 -1433.084
2404 -1445.8254
2405 -1448.4906
2406 -1447.7155
2407 -1406.1459
2408 -1438.303
2409 -1443.5629
2410 -1411.9324
2411 -1444.5518
2412 -1445.1366
2413 -1400.3466
2414 -1438.1278
2415 -1448.9312
2416 -1392.1706
2417 -1439.7803
2418 -1446.7913
2419 -1445.0647
2420 -1427.4098
2421 -1445.5477
2422 -1421.3765
2423 -1446.4379
2424 -1442.0434
2425 -1436.2362
2426 -1439.8518
2427 -1445.2902
2428 -1445.4044
2429 -1438.2575
2430 -1365.1402
2431 -1445.0376
2432 -1432.3949
2433 -1435.839
2434 -1445.2063
2435 -1449.1557
2436 -1446.603
2437 -1413.8827
2438 -1444.455
2439 -1423.8149
2440 -1367.2882
2441 -1416.681
2442 -1424.3028
2443 -1449.6633
2444 -1420.6776
2445 -1425.7906
2446 -1448.754
2447 -1441.6789
2448 -1449.2343
2449 -1429.0514
2450 -1443.1522
2451 -1437.4477
2452 -1444.4625
2453 -1422.5566
2454 -1419.6185
2455 -1450.4284
2456 -1436.3638
2457 -1447.2543
2458 -1446.5728
2459 -1433.7053
2460 -1444.9459
2461 -1440.7363
2462 -1433.0547
2463 -1448.3993
2464 -1429.3268
2465 -1434.9973
2466 -1435.5195
2467 -1449.0354
2468 -1447.6034
2469 -1418.75
2470 -1403.0624
2471 -1447.7136
2472 -1437.8226
2473 -1423.7955
2474 -1436.515
2475 -1438.1059
2476 -1442.2443
2477 -1436.4064
2478 -1451.1625
2479 -1428.077
2480 -1404.0623
2481 -1392.6117
2482 -1444.2831
2483 -1447.0785
2484 -1441.2858
2485 -1427.5918
2486 -1440.7881
2487 -1354.8525
2488 -1406.2284
2489 -1451.1786
2490 -1451.9808
2491 -1451.8541
2492 -1449.9669
2493 -1451.413
2494 -1430.0754
2495 -1431.2559
2496 -1444.0715
2497 -1444.389
2498 -1443.5849
2499 -1442.6097
2500 -1450.0368
2501 -1441.1453
2502 -1432.0065
2503 -1447.9537
2504 -1424.1935
2505 -1367.0026
2506 -1438.7089
2507 -1447.2881
2508 -1422.2084
2509 -1409.713
2510 -1447.1846
2511 -1400.3042
2512 -1436.545
2513 -1436.0395
2514 -1443.0151
2515 -1448.8958
2516 -1452.0011
2517 -1402.6601
2518 -1430.7183
2519 -1437.1332
2520 -1448.9028
2521 -1421.7066
2522 -1441.2755
2523 -1448.4786
2524 -1447.3574
2525 -1450.1985
2526 -1439.8391
2527 -1428.6652
2528 -1444.4282
2529 -1441.6993
2530 -1438.3396
2531 -1444.5084
2532 -1443.6536
2533 -1442.9588
2534 -1448.8536
2535 -1449.747
2536 -1450.4717
2537 -1443.4881
2538 -1436.7558
2539 -1448.8897
2540 -1431.6894
2541 -1423.3005
2542 -1445.3434
2543 -1443.6954
2544 -1363.9422
2545 -1430.2015
2546 -1448.6763
2547 -1449.3596
2548 -1451.1814
2549 -1440.6382
2550 -1431.5121
2551 -1441.2915
2552 -1450.8313
2553 -1451.9518
2554 -1424.9888
2555 -1441.6788
2556 -1448.4318
2557 -1417.2731
2558 -1443.1429
2559 -1451.2594
2560 -1439.7992
2561 -1447.7666
2562 -1437.8005
2563 -1442.869
2564 -1415.2182
2565 -1440.5709
2566 -1435.3483
2567 -1451.8052
2568 -1448.6109
2569 -1425.1643
2570 -1443.7451
2571 -1440.6024
2572 -1451.4942
2573 -1389.5793
2574 -1389.4187
2575 -1398.5266
2576 -1412.1366
2577 -1420.8343
2578 -1447.6647
2579 -1424.9725
2580 -1450.9393
2581 -1443.6257
2582 -1426.029
2583 -1434.9111
2584 -1417.0688
2585 -1438.4687
2586 -1447.1901
2587 -1449.6232
2588 -1448.7703
2589 -1382.2656
2590 -1451.511
2591 -1410.1616
2592 -1413.3531
2593 -1450.001
2594 -1449.6441
2595 -1451.8398
2596 -1444.204
2597 -1450.0362
2598 -1444.4519
2599 -1448.4077
2600 -1428.66
2601 -1449.9101
2602 -1435.6377
2603 -1411.9231
2604 -1432.619
2605 -1424.5853
2606 -1437.7589
2607 -1446.36
2608 -1449.0138
2609 -1440.9763
2610 -1394.4642
2611 -1450.1927
2612 -1446.8378
2613 -1445.4361
2614 -1426.9969
2615 -1420.5651
2616 -1442.1713
2617 -1450.502
2618 -1408.814
2619 -1429.7477
2620 -1452.838
2621 -1451.7718
2622 -1428.2474
2623 -1445.8639
2624 -1420.5512
2625 -1391.7605
2626 -1452.8496
2627 -1442.9355
2628 -1439.7452
2629 -1451.5281
2630 -1441.532
2631 -1450.4147
2632 -1379.1777
2633 -1452.7609
2634 -1419.7926
2635 -1430.443
2636 -1450.1836
2637 -1420.8604
2638 -1439.4328
2639 -1451.9987
2640 -1444.8952
2641 -1451.566
2642 -1432.3883
2643 -1448.7454
2644 -1445.5186
2645 -1433.7448
2646 -1448.9198
2647 -1452.9163
2648 -1427.7793
2649 -1420.9216
2650 -1449.4933
2651 -1441.5128
2652 -1447.077
2653 -1450.843
2654 -1446.7607
2655 -1446.5893
2656 -1446.479
2657 -1450.4698
2658 -1433.2592
2659 -1434.4802
2660 -1445.5515
2661 -1441.1914
2662 -1445.1698
2663 -1369.9785
2664 -1422.5704
2665 -1397.4444
2666 -1435.3773
2667 -1450.4827
2668 -1453.2121
2669 -1431.5736
2670 -1442.9386
2671 -1450.8232
2672 -1446.0223
2673 -1410.0853
2674 -1453.2672
2675 -1447.0436
2676 -1423.6032
2677 -1447.3258
2678 -1447.1425
2679 -1412.6039
2680 -1446.5352
2681 -1450.0447
2682 -1450.1089
2683 -1371.2938
2684 -1415.9656
2685 -1386.8541
2686 -1377.5337
2687 -1430.0338
2688 -1442.5061
2689 -1448.9131
2690 -1452.8015
2691 -1453.1029
2692 -1450.8118
2693 -1445.3861
2694 -1450.2581
2695 -1452.0406
2696 -1439.6134
2697 -1425.2996
2698 -1344.9743
2699 -1444.5728
2700 -1436.8599
2701 -1436.3343
2702 -1449.803
2703 -1422.5436
2704 -1450.5044
2705 -1392.1127
2706 -1452.5396
2707 -1451.494
2708 -1448.4368
2709 -1450.8004
2710 -1413.4529
2711 -1425.0158
2712 -1440.3243
2713 -1434.647
2714 -1431.7273
2715 -1446.2422
2716 -1446.9468
2717 -1441.1264
2718 -1433.6351
2719 -1451.7466
2720 -1450.5096
2721 -1418.0966
2722 -1449.2365
2723 -1442.1648
2724 -1441.227
2725 -1452.2957
2726 -1441.7991
2727 -1438.3797
2728 -1440.9385
2729 -1448.9809
2730 -1410.661
2731 -1453.8541
2732 -1442.8096
2733 -1430.2191
2734 -1442.0467
2735 -1449.2314
2736 -1431.5218
2737 -1429.2379
2738 -1445.6676
2739 -1452.5622
2740 -1407.5928
2741 -1446.1614
2742 -1436.5123
2743 -1437.4153
2744 -1382.5859
2745 -1447.5582
2746 -1452.7486
2747 -1431.5976
2748 -1400.6706
2749 -1445.3686
2750 -1425.1761
2751 -1443.3863
2752 -1431.0637
2753 -1442.7767
2754 -1441.7344
2755 -1440.6702
2756 -1392.115
2757 -1409.3668
2758 -1450.2599
2759 -1434.7478
2760 -1445.0212
2761 -1441.5001
2762 -1428.0932
2763 -1449.7271
2764 -1452.0322
2765 -1431.9519
2766 -1452.2376
2767 -1375.89
2768 -1406.8896
2769 -1426.8492
2770 -1450.8499
2771 -1417.1429
2772 -1446.0925
2773 -1449.5142
2774 -1452.2348
2775 -1451.0632
2776 -1371.0775
2777 -1401.8777
2778 -1408.9242
2779 -1439.0991
2780 -1452.2745
2781 -1423.4769
2782 -1451.0741
2783 -1411.0597
2784 -1435.3725
2785 -1445.0967
2786 -1447.7313
2787 -1451.9032
2788 -1453.4526
2789 -1446.6675
2790 -1414.5831
2791 -1453.9368
2792 -1444.6135
2793 -1434.5381
2794 -1447.0411
2795 -1454.3287
2796 -1447.6612
2797 -1427.9103
2798 -1446.3843
2799 -1448.0144
2800 -1439.5932
2801 -1446.8555
2802 -1408.1189
2803 -1444.7785
2804 -1444.6902
2805 -1423.8004
2806 -1446.2243
2807 -1450.5789
2808 -1410.7829
2809 -1412.9632
2810 -1452.6169
2811 -1426.9402
2812 -1444.5843
2813 -1425.2018
2814 -1427.1559
2815 -1440.1498
2816 -1449.5277
2817 -1451.277
2818 -1435.351
2819 -1441.8541
2820 -1412.0556
2821 -1452.824
2822 -1423.9627
2823 -1442.5264
2824 -1436.8098
2825 -1441.397
2826 -1440.7305
2827 -1420.936
2828 -1437.562
2829 -1447.0285
2830 -1448.3673
2831 -1442.2963
2832 -1452.5931
2833 -1441.4929
2834 -1449.6148
2835 -1451.1327
2836 -1449.3778
2837 -1441.2792
2838 -1403.4889
2839 -1453.354
2840 -1447.3751
2841 -1417.7413
2842 -1424.4168
2843 -1446.9736
2844 -1443.4748
2845 -1429.176
2846 -1394.5027
2847 -1447.6535
2848 -1447.6668
2849 -1453.692
2850 -1431.8265
2851 -1411.6281
2852 -1436.8819
2853 -1420.7275
2854 -1450.1706
2855 -1453.5865
2856 -1434.7343
2857 -1443.1639
2858 -1452.8231
2859 -1453.8564
2860 -1437.4892
2861 -1434.1103
2862 -1435.2351
2863 -1433.6405
2864 -1447.3629
2865 -1424.0328
2866 -1410.8285
2867 -1435.926
2868 -1449.5995
2869 -1428.2408
2870 -1443.7481
2871 -1450.9031
2872 -1449.0137
2873 -1448.9212
2874 -1437.1057
2875 -1401.3948
2876 -1446.1448
2877 -1438.4237
2878 -1432.3474
2879 -1439.9304
2880 -1436.9881
2881 -1453.7718
2882 -1449.4703
2883 -1405.3727
2884 -1440.8489
2885 -1453.2264
2886 -1407.2833
2887 -1445.6004
2888 -1418.8401
2889 -1454.6776
2890 -1453.4548
2891 -1444.9084
2892 -1424.2919
2893 -1438.3871
2894 -1454.7277
2895 -1452.4231
2896 -1424.435
2897 -1432.1447
2898 -1450.0315
2899 -1451.3251
2900 -1444.8846
2901 -1442.736
2902 -1451.9111
2903 -1452.7343
2904 -1450.1343
2905 -1434.0814
2906 -1433.3313
2907 -1448.0655
2908 -1446.809
2909 -1446.5309
2910 -1432.2642
2911 -1431.2819
2912 -1439.9039
2913 -1433.0272
2914 -1453.2935
2915 -1417.8558
2916 -1450.9048
2917 -1452.346
2918 -1444.4446
2919 -1448.9445
2920 -1449.4727
2921 -1445.3642
2922 -1450.3473
2923 -1446.5641
2924 -1439.5714
2925 -1436.5134
2926 -1451.9431
2927 -1437.1203
2928 -1449.8335
2929 -1451.1978
2930 -1427.2938
2931 -1442.0054
2932 -1433.688
2933 -1434.4918
2934 -1450.536
2935 -1416.5112
2936 -1450.5396
2937 -1415.6266
2938 -1449.378
2939 -1448.4181
2940 -1435.9817
2941 -1433.8245
2942 -1440.9873
2943 -1447.2141
2944 -1424.8632
2945 -1447.3417
2946 -1455.2412
2947 -1450.1073
2948 -1442.4251
2949 -1391.8812
2950 -1430.7282
2951 -1406.0491
2952 -1398.1152
2953 -1441.5779
2954 -1455.3248
2955 -1453.6323
2956 -1449.3125
2957 -1453.3937
2958 -1436.2687
2959 -1453.4393
2960 -1441.1662
2961 -1428.1104
2962 -1442.6714
2963 -1432.5643
2964 -1452.2672
2965 -1452.0879
2966 -1436.6496
2967 -1400.9796
2968 -1435.6997
2969 -1397.5504
2970 -1406.9459
2971 -1428.9273
2972 -1430.054
2973 -1400.0984
2974 -1437.9292
2975 -1455.0332
2976 -1406.1449
2977 -1420.9813
2978 -1430.2982
2979 -1451.8206
2980 -1418.2939
2981 -1434.4245
2982 -1411.4262
2983 -1413.9398
2984 -1381.394
2985 -1448.0512
2986 -1429.3554
2987 -1428.7144
2988 -1420.4682
2989 -1402.6751
2990 -1419.8622
2991 -1452.8898
2992 -1449.5546
2993 -1436.0922
2994 -1447.6674
2995 -1453.2249
2996 -1455.1065
2997 -1434.899
2998 -1452.4955
2999 -1423.1647
3000 -1450.6894
3001 -1452.1585
3002 -1445.2591
3003 -1456.9475
3004 -1440.3755
3005 -1430.0606
3006 -1453.3688
3007 -1399.4272
3008 -1444.2918
3009 -1452.0069
3010 -1429.8933
3011 -1433.4592
3012 -1428.2289
3013 -1438.2294
3014 -1443.4734
3015 -1444.803
3016 -1440.3883
3017 -1437.713
3018 -1452.4184
3019 -1437.3283
3020 -1456.5763
3021 -1423.8179
3022 -1448.4083
3023 -1421.9499
3024 -1456.1421
3025 -1419.4182
3026 -1451.8078
3027 -1442.8742
3028 -1426.3148
3029 -1454.5868
3030 -1397.4509
3031 -1454.7984
3032 -1446.991
3033 -1451.0357
3034 -1427.9488
3035 -1437.6066
3036 -1385.528
3037 -1436.8766
3038 -1424.3386
3039 -1455.1052
3040 -1430.2276
3041 -1456.2369
3042 -1408.0407
3043 -1315.6606
3044 -1436.3554
3045 -1407.088
3046 -1437.1887
3047 -1428.2827
3048 -1445.277
3049 -1449.01
3050 -1429.1021
3051 -1456.8437
3052 -1445.0102
3053 -1452.6749
3054 -1456.61
3055 -1343.9621
3056 -1453.7197
3057 -1443.4445
3058 -1438.0694
3059 -1457.1813
3060 -1453.6407
3061 -1452.5646
3062 -1454.2213
3063 -1452.9256
3064 -1428.6327
3065 -1429.0221
3066 -1454.264
3067 -1452.5383
3068 -1419.6173
3069 -1454.9617
3070 -1453.3128
3071 -1449.3848
3072 -1449.9289
3073 -1456.3731
3074 -1444.2611
3075 -1450.4694
3076 -1449.9849
3077 -1453.6827
3078 -1429.0049
3079 -1441.4946
3080 -1427.9724
3081 -1447.7985
3082 -1455.0771
3083 -1429.312
3084 -1456.3572
3085 -1455.4863
3086 -1443.5763
3087 -1428.5163
3088 -1456.869
3089 -1445.4577
3090 -1456.1658
3091 -1454.1847
3092 -1446.5816
3093 -1446.7265
3094 -1453.0723
3095 -1434.5932
3096 -1423.8815
3097 -1436.0157
3098 -1452.2169
3099 -1430.7543
3100 -1456.537
3101 -1450.0928
3102 -1444.3025
3103 -1441.5889
3104 -1452.7496
3105 -1440.5271
3106 -1450.1467
3107 -1458.3867
3108 -1455.9787
3109 -1458.3402
3110 -1449.8188
3111 -1438.9189
3112 -1448.8103
3113 -1451.9006
3114 -1432.9428
3115 -1445.4651
3116 -1457.9184
3117 -1445.1482
3118 -1429.3394
3119 -1421.1849
3120 -1451.5641
3121 -1450.6846
3122 -1435.3502
3123 -1358.8213
3124 -1431.2932
3125 -1446.8146
3126 -1441.5652
3127 -1435.6414
3128 -1423.2188
3129 -1454.7794
3130 -1454.1195
3131 -1423.4322
3132 -1458.2152
3133 -1450.8022
3134 -1454.7747
3135 -1441.6539
3136 -1449.9095
3137 -1448.318
3138 -1441.2867
3139 -1387.9815
3140 -1457.7472
3141 -1456.5167
3142 -1452.6582
3143 -1451.4021
3144 -1451.4116
3145 -1445.8481
3146 -1452.9896
3147 -1453.7934
3148 -1440.905
3149 -1451.984
3150 -1453.3999
3151 -1436.3063
3152 -1432.6305
3153 -1429.7613
3154 -1453.445
3155 -1445.1541
3156 -1456.6838
3157 -1456.798
3158 -1409.64
3159 -1435.9199
3160 -1452.0041
3161 -1447.2064
3162 -1450.4403
3163 -1448.4813
3164 -1439.9774
3165 -1387.2405
3166 -1400.8365
3167 -1436.2363
3168 -1388.725
3169 -1447.8648
3170 -1457.9714
3171 -1433.1017
3172 -1456.0373
3173 -1441.9061
3174 -1450.9071
3175 -1436.8015
3176 -1370.606
3177 -1437.2552
3178 -1445.0756
3179 -1452.3142
3180 -1438.2031
3181 -1451.9984
3182 -1439.5113
3183 -1446.9289
3184 -1434.7463
3185 -1373.3875
3186 -1456.6666
3187 -1420.1379
3188 -1435.2676
3189 -1457.998
3190 -1447.6552
3191 -1445.9228
3192 -1457.669
3193 -1424.3238
3194 -1453.1189
3195 -1433.45
3196 -1451.9885
3197 -1454.1994
3198 -1445.9644
3199 -1437.8789
3200 -1453.7176
3201 -1429.6148
3202 -1449.5051
3203 -1424.2877
3204 -1456.2473
3205 -1443.7697
3206 -1454.2721
3207 -1436.1326
3208 -1440.8811
3209 -1454.6945
3210 -1449.9517
3211 -1457.6339
3212 -1444.4684
3213 -1438.3419
3214 -1406.8104
3215 -1452.9294
3216 -1450.1744
3217 -1449.2736
3218 -1429.2405
3219 -1453.6574
3220 -1455.7885
3221 -1457.8252
3222 -1428.0438
3223 -1403.3382
3224 -1456.9943
3225 -1332.5185
3226 -1446.2078
3227 -1415.254
3228 -1436.1309
3229 -1454.3977
3230 -1449.9666
3231 -1447.3453
3232 -1393.435
3233 -1411.0454
3234 -1433.3212
3235 -1442.4945
3236 -1439.4161
3237 -1457.4306
3238 -1427.48
3239 -1454.0673
3240 -1441.9138
3241 -1445.9861
3242 -1455.3982
3243 -1452.64
3244 -1447.0091
3245 -1452.8379
3246 -1452.33
3247 -1425.3623
3248 -1430.0832
3249 -1423.2972
3250 -1441.6405
3251 -1436.8952
3252 -1429.5757
3253 -1452.5139
3254 -1447.5618
3255 -1452.9071
3256 -1457.9611
3257 -1437.3987
3258 -1442.9447
3259 -1457.9756
3260 -1445.3081
3261 -1435.2662
3262 -1453.0235
3263 -1451.5509
3264 -1449.2656
3265 -1455.5041
3266 -1431.481
3267 -1421.9554
3268 -1450.1311
3269 -1455.8169
3270 -1418.2572
3271 -1440.2371
3272 -1435.0052
3273 -1451.4922
3274 -1427.0483
3275 -1426.5217
3276 -1440.1388
3277 -1456.6657
3278 -1451.7555
3279 -1454.0591
3280 -1408.0591
3281 -1447.3163
3282 -1455.3993
3283 -1458.6424
3284 -1453.0376
3285 -1433.0737
3286 -1450.3838
3287 -1381.2434
3288 -1452.8595
3289 -1448.7614
3290 -1346.1732
3291 -1410.9095
3292 -1453.8208
3293 -1449.1947
3294 -1415.1853
3295 -1434.7424
3296 -1424.6019
3297 -1414.8792
3298 -1445.0706
3299 -1450.0985
3300 -1441.3266
3301 -1453.4529
3302 -1453.5527
3303 -1456.0685
3304 -1451.2217
3305 -1436.8279
3306 -1452.4767
3307 -1423.3973
3308 -1454.7004
3309 -1395.9869
3310 -1442.5349
3311 -1419.4328
3312 -1456.1368
3313 -1432.4427
3314 -1439.5895
3315 -1433.3142
3316 -1438.0452
3317 -1446.9264
3318 -1437.49
3319 -1458.0931
3320 -1456.3631
3321 -1450.9891
3322 -1449.3785
3323 -1417.9103
3324 -1429.5983
3325 -1431.2336
3326 -1458.5836
3327 -1458.0845
3328 -1453.4473
3329 -1451.5685
3330 -1448.7295
3331 -1383.0365
3332 -1434.2929
3333 -1423.7
3334 -1449.3865
3335 -1454.9287
3336 -1457.039
3337 -1450.1276
3338 -1447.345
3339 -1452.4318
3340 -1457.6646
3341 -1440.8425
3342 -1455.8033
3343 -1448.5347
3344 -1428.68
3345 -1440.3191
3346 -1448.663
3347 -1458.8997
3348 -1453.3531
3349 -1451.3624
3350 -1436.5039
3351 -1454.8669
3352 -1459.1232
3353 -1459.3403
3354 -1453.3848
3355 -1418.5783
3356 -1458.9027
3357 -1442.5768
3358 -1450.1028
3359 -1457.1675
3360 -1410.052
3361 -1426.3349
3362 -1320.3752
3363 -1455.6778
3364 -1454.5607
3365 -1436.3752
3366 -1442.4121
3367 -1439.158
3368 -1455.4278
3369 -1445.2381
3370 -1446.415
3371 -1455.3995
3372 -1409.0181
3373 -1449.7118
3374 -1459.5586
3375 -1434.6595
3376 -1455.9219
3377 -1454.4331
3378 -1432.9681
3379 -1447.4634
3380 -1453.8694
3381 -1444.5032
3382 -1446.0688
3383 -1440.6722
3384 -1447.8115
3385 -1451.6465
3386 -1453.7867
3387 -1455.8266
3388 -1458.4937
3389 -1440.274
3390 -1410.5125
3391 -1452.9693
3392 -1455.3656
3393 -1451.0874
3394 -1457.5884
3395 -1436.1917
3396 -1454.6606
3397 -1459.088
3398 -1452.8084
3399 -1458.4319
3400 -1438.7575
3401 -1456.7206
3402 -1455.1664
3403 -1453.083
3404 -1435.5966
3405 -1457.4604
3406 -1457.5809
3407 -1456.9685
3408 -1443.0499
3409 -1448.0682
3410 -1425.2314
3411 -1445.3462
3412 -1441.3428
3413 -1453.3888
3414 -1440.0304
3415 -1440.5903
3416 -1459.6507
3417 -1412.4021
3418 -1445.8141
3419 -1447.2195
3420 -1447.0714
3421 -1447.5068
3422 -1446.8495
3423 -1451.563
3424 -1455.7188
3425 -1457.8913
3426 -1430.8203
3427 -1454.3419
3428 -1457.8186
3429 -1412.3825
3430 -1405.18
3431 -1403.5179
3432 -1458.8464
3433 -1457.3663
3434 -1451.6866
3435 -1454.7216
3436 -1456.513
3437 -1390.0003
3438 -1458.0444
3439 -1436.6324
3440 -1458.1483
3441 -1444.7828
3442 -1457.6754
3443 -1445.1588
3444 -1459.4389
3445 -1434.2776
3446 -1455.1176
3447 -1438.3544
3448 -1457.1467
3449 -1442.0113
3450 -1441.6516
3451 -1454.4849
3452 -1439.2217
3453 -1450.1804
3454 -1435.1198
3455 -1458.1005
3456 -1431.0397
3457 -1451.9392
3458 -1438.5874
3459 -1401.412
3460 -1435.8776
3461 -1451.6458
3462 -1412.2655
3463 -1423.8759
3464 -1453.6345
3465 -1415.714
3466 -1445.3649
3467 -1446.0652
3468 -1456.9482
3469 -1429.8088
3470 -1457.921
3471 -1442.4991
3472 -1457.4565
3473 -1423.8659
3474 -1448.8395
3475 -1453.5041
3476 -1445.1298
3477 -1439.4027
3478 -1416.4649
3479 -1451.3221
3480 -1454.3062
3481 -1457.7516
3482 -1449.3629
3483 -1456.9223
3484 -1454.8752
3485 -1455.5923
3486 -1431.6305
3487 -1439.1501
3488 -1447.4713
3489 -1416.8527
3490 -1454.1737
3491 -1457.3938
3492 -1397.1351
3493 -1458.5434
3494 -1457.2216
3495 -1459.1087
3496 -1430.1066
3497 -1417.671
3498 -1427.2987
3499 -1436.4139
3500 -1444.5919
3501 -1394.1869
3502 -1392.6116
3503 -1368.8479
3504 -1431.6238
3505 -1451.5376
3506 -1450.0957
3507 -1439.2998
3508 -1452.7436
3509 -1447.7035
3510 -1434.6928
3511 -1454.7879
3512 -1459.3843
3513 -1402.53
3514 -1455.1414
3515 -1427.8167
3516 -1459.0472
3517 -1452.5329
3518 -1436.9614
3519 -1409.7075
3520 -1432.6135
3521 -1433.9417
3522 -1459.0032
3523 -1454.3861
3524 -1455.5345
3525 -1399.4104
3526 -1425.0613
3527 -1420.293
3528 -1444.8148
3529 -1456.8175
3530 -1459.7057
3531 -1452.7505
3532 -1456.3517
3533 -1449.3515
3534 -1442.0936
3535 -1456.6351
3536 -1452.3893
3537 -1451.9441
3538 -1452.8913
3539 -1436.1965
3540 -1458.8361
3541 -1428.5985
3542 -1436.1388
3543 -1411.9075
3544 -1439.6521
3545 -1456.3199
3546 -1441.1561
3547 -1421.646
3548 -1438.6334
3549 -1432.8099
3550 -1440.9915
3551 -1453.8354
3552 -1449.7223
3553 -1455.014
3554 -1446.3428
3555 -1448.7057
3556 -1394.5053
3557 -1450.6968
3558 -1440.1402
3559 -1459.2184
3560 -1449.7869
3561 -1454.732
3562 -1458.9171
3563 -1453.9719
3564 -1454.9955
3565 -1433.6993
3566 -1456.3172
3567 -1454.091
3568 -1442.7706
3569 -1452.3712
3570 -1455.8773
3571 -1436.092
3572 -1456.0234
3573 -1455.983
3574 -1455.8374
3575 -1453.2693
3576 -1444.9272
3577 -1454.55
3578 -1456.1799
3579 -1451.0569
3580 -1432.2844
3581 -1410.4332
3582 -1443.9397
3583 -1442.1875
3584 -1443.1873
3585 -1441.9393
3586 -1400.7468
3587 -1449.6366
3588 -1449.0807
3589 -1432.2771
3590 -1438.5537
3591 -1429.7609
3592 -1451.0862
3593 -1436.8031
3594 -1453.0379
3595 -1456.6901
3596 -1420.5451
3597 -1459.6267
3598 -1450.0354
3599 -1460.3743
3600 -1444.4399
3601 -1445.1573
3602 -1442.4222
3603 -1442.048
3604 -1435.0441
3605 -1406.8042
3606 -1443.2178
3607 -1457.9991
3608 -1436.7304
3609 -1454.541
3610 -1427.4916
3611 -1448.2194
3612 -1453.0921
3613 -1415.6496
3614 -1458.5411
3615 -1459.1465
3616 -1459.2152
3617 -1449.6754
3618 -1459.7455
3619 -1447.2417
3620 -1456.1516
3621 -1457.4946
3622 -1435.7158
3623 -1441.4455
3624 -1424.4534
3625 -1453.3856
3626 -1453.0381
3627 -1454.1199
3628 -1437.9698
3629 -1453.547
3630 -1456.8004
3631 -1445.0819
3632 -1442.5123
3633 -1455.2988
3634 -1443.871
3635 -1441.3108
3636 -1457.0351
3637 -1431.3444
3638 -1457.9696
3639 -1454.5077
3640 -1439.1936
3641 -1460.1758
3642 -1413.0136
3643 -1453.5722
3644 -1440.2043
3645 -1450.8819
3646 -1439.7328
3647 -1447.882
3648 -1453.1076
3649 -1437.5168
3650 -1445.7363
3651 -1374.448
3652 -1448.1135
3653 -1460.362
3654 -1448.5819
3655 -1458.0586
3656 -1451.8303
3657 -1457.3944
3658 -1419.8428
3659 -1450.8046
3660 -1459.9741
3661 -1408.952
3662 -1415.3373
3663 -1460.1874
3664 -1443.2769
3665 -1455.7072
3666 -1448.9079
3667 -1460.8718
3668 -1457.3098
3669 -1451.2893
3670 -1455.4785
3671 -1449.8821
3672 -1427.6351
3673 -1455.6076
3674 -1413.3189
3675 -1424.7732
3676 -1448.3201
3677 -1460.2674
3678 -1458.5241
3679 -1460.829
3680 -1437.1897
3681 -1447.7966
3682 -1451.7068
3683 -1460.5811
3684 -1422.1179
3685 -1459.3688
3686 -1452.0075
3687 -1441.5861
3688 -1450.0826
3689 -1447.8877
3690 -1460.3649
3691 -1456.1806
3692 -1449.6589
3693 -1455.8542
3694 -1456.3751
3695 -1460.6642
3696 -1455.6043
3697 -1460.7424
3698 -1455.3996
3699 -1442.2679
3700 -1400.3439
3701 -1406.4834
3702 -1443.6432
3703 -1457.8781
3704 -1456.7469
3705 -1440.4993
3706 -1443.7739
3707 -1449.3589
3708 -1444.4935
3709 -1457.9042
3710 -1460.2097
3711 -1430.4172
3712 -1458.1233
3713 -1453.667
3714 -1448.4104
3715 -1459.7223
3716 -1436.0664
3717 -1439.9761
3718 -1452.3917
3719 -1452.7047
3720 -1411.2049
3721 -1458.6708
3722 -1413.9795
3723 -1449.7468
3724 -1456.0372
3725 -1460.2481
3726 -1460.8386
3727 -1453.3786
3728 -1442.8882
3729 -1428.7566
3730 -1427.2545
3731 -1460.718
3732 -1445.3863
3733 -1440.9412
3734 -1451.5578
3735 -1453.0951
3736 -1447.1379
3737 -1426.9055
3738 -1460.1273
3739 -1447.3871
3740 -1453.0232
3741 -1460.7955
3742 -1395.707
3743 -1429.637
3744 -1458.59
3745 -1455.349
3746 -1457.2567
3747 -1443.2928
3748 -1412.8703
3749 -1431.1204
3750 -1459.8668
3751 -1454.0863
3752 -1406.2585
3753 -1449.9029
3754 -1459.4386
3755 -1457.7921
3756 -1453.2855
3757 -1449.0541
3758 -1452.2052
3759 -1457.4732
3760 -1447.8402
3761 -1429.3092
3762 -1452.9793
3763 -1452.2609
3764 -1451.7044
3765 -1385.3695
3766 -1434.24
3767 -1461.2272
3768 -1460.2142
3769 -1446.4989
3770 -1456.3231
3771 -1458.6032
3772 -1461.4384
3773 -1456.6609
3774 -1412.2199
3775 -1444.1681
3776 -1423.6748
3777 -1449.7667
3778 -1443.0225
3779 -1455.7773
3780 -1434.9177
3781 -1459.2283
3782 -1456.2096
3783 -1457.7279
3784 -1412.1745
3785 -1447.9691
3786 -1390.8473
3787 -1403.6526
3788 -1452.073
3789 -1369.7807
3790 -1389.7966
3791 -1407.1298
3792 -1440.1359
3793 -1454.9969
3794 -1437.328
3795 -1380.5363
3796 -1449.6676
3797 -1430.5732
3798 -1457.9597
3799 -1421.1646
3800 -1434.8502
3801 -1452.5651
3802 -1456.1544
3803 -1445.743
3804 -1442.9337
3805 -1451.8569
3806 -1452.5708
3807 -1450.1111
3808 -1440.7595
3809 -1433.7862
3810 -1459.1679
3811 -1452.5595
3812 -1437.5432
3813 -1453.5751
3814 -1441.0294
3815 -1454.9165
3816 -1430.3461
3817 -1455.1199
3818 -1430.7529
3819 -1449.4341
3820 -1455.9636
3821 -1447.638
3822 -1449.7578
3823 -1459.1278
3824 -1426.1887
3825 -1460.1436
3826 -1456.8538
3827 -1444.6369
3828 -1458.2802
3829 -1416.9972
3830 -1421.7945
3831 -1460.5303
3832 -1443.5952
3833 -1444.4184
3834 -1456.4085
3835 -1461.2197
3836 -1455.7112
3837 -1451.9512
3838 -1435.4712
3839 -1434.3586
3840 -1447.143
3841 -1436.5196
3842 -1437.6177
3843 -1459.9965
3844 -1452.77
3845 -1447.2172
3846 -1432.3702
3847 -1452.6963
3848 -1444.4711
3849 -1444.8624
3850 -1458.8458
3851 -1453.1329
3852 -1456.9612
3853 -1454.7147
3854 -1449.1501
3855 -1440.794
3856 -1442.2385
3857 -1439.883
3858 -1458.7302
3859 -1446.7136
3860 -1443.3684
3861 -1453.5998
3862 -1458.9707
3863 -1433.9039
3864 -1423.9579
3865 -1456.4297
3866 -1435.4869
3867 -1446.6522
3868 -1462.6405
3869 -1455.487
3870 -1437.7512
3871 -1454.6166
3872 -1453.1289
3873 -1449.4981
3874 -1440.6278
3875 -1460.7687
3876 -1433.7046
3877 -1456.9204
3878 -1441.2772
3879 -1460.9668
3880 -1455.2051
3881 -1436.6057
3882 -1463.2849
3883 -1457.7224
3884 -1444.0086
3885 -1449.4859
3886 -1420.8323
3887 -1443.6411
3888 -1412.5524
3889 -1461.2356
3890 -1407.9623
3891 -1458.9525
3892 -1455.8205
3893 -1433.619
3894 -1446.8033
3895 -1440.1984
3896 -1462.9227
3897 -1463.0616
3898 -1412.5167
3899 -1459.3057
3900 -1462.276
3901 -1459.8173
3902 -1459.4021
3903 -1443.1214
3904 -1462.5829
3905 -1459.543
3906 -1412.093
3907 -1460.0876
3908 -1463.2109
3909 -1456.0759
3910 -1445.4491
3911 -1438.6458
3912 -1435.4948
3913 -1462.9786
3914 -1456.3333
3915 -1458.6153
3916 -1437.296
3917 -1460.4535
3918 -1463.304
3919 -1463.2351
3920 -1458.0273
3921 -1450.2515
3922 -1456.6114
3923 -1462.0913
3924 -1445.6548
3925 -1461.7196
3926 -1451.9041
3927 -1453.1385
3928 -1462.3349
3929 -1405.5813
3930 -1448.3139
3931 -1441.2431
3932 -1447.1546
3933 -1445.9191
3934 -1463.3849
3935 -1446.2355
3936 -1453.1144
3937 -1446.1627
3938 -1430.9454
3939 -1423.3645
3940 -1461.7528
3941 -1438.5681
3942 -1454.8029
3943 -1458.2519
3944 -1455.8314
3945 -1440.7249
3946 -1451.1381
3947 -1445.146
3948 -1445.5766
3949 -1446.2599
3950 -1454.246
3951 -1436.7791
3952 -1461.5891
3953 -1462.5246
3954 -1443.801
3955 -1449.4885
3956 -1462.4648
3957 -1454.1543
3958 -1450.8188
3959 -1457.3191
3960 -1451.4541
3961 -1439.791
3962 -1443.6449
3963 -1456.1726
3964 -1463.9053
3965 -1444.8845
3966 -1456.2213
3967 -1395.9563
3968 -1382.0241
3969 -1440.8782
3970 -1459.05
3971 -1386.6471
3972 -1453.8999
3973 -1451.3664
3974 -1422.7165
3975 -1463.7727
3976 -1442.2041
3977 -1437.6442
3978 -1458.9289
3979 -1447.0757
3980 -1459.7673
3981 -1459.1103
3982 -1461.2647
3983 -1450.0044
3984 -1425.3025
3985 -1446.0179
3986 -1449.2162
3987 -1428.5967
3988 -1457.4198
3989 -1392.584
3990 -1458.958
3991 -1436.6541
3992 -1463.0263
3993 -1456.5755
3994 -1440.4019
3995 -1457.7088
3996 -1462.44
3997 -1463.7975
3998 -1442.3315
3999 -1462.4005
4000 -1408.8969
