501 -1152.8758
502 -1144.2813
503 -1149.947
504 -1123.1447
505 -1141.1888
506 -1151.9041
507 -916.8351
508 -1128.1029
509 -1120.8978
510 -1143.339
511 -1099.9516
512 -913.54593
513 -1007.2023
514 -1122.0829
515 -1136.8581
516 -1101.6886
517 -1137.0472
518 -991.19844
519 -958.13821
520 -1036.2696
521 -1016.3734
522 -1148.056
523 -1146.937
524 -1145.6885
525 -1101.0484
526 -1158.0571
527 -1127.9843
528 -903.48886
529 -1157.8256
530 -1174.6506
531 -1182.3667
532 -1173.1162
533 -1182.7814
534 -1161.5809
535 -1180.7891
536 -1183.499
537 -1182.961
538 -1037.985
539 -1048.1753
540 -1182.4969
541 -1177.1088
542 -1172.5983
543 -1178.4202
544 -1148.6001
545 -1160.3471
546 -1168.942
547 -1186.4215
548 -1189.1692
549 -1127.1635
550 -1164.3413
551 -1143.2745
552 -1120.8248
553 -1186.3623
554 -1192.3265
555 -1186.9654
556 -1003.5985
557 -1171.9211
558 -1043.8557
559 -1038.4277
560 -1196.2264
561 -1148.5902
562 -1194.0181
563 -1131.3094
564 -749.03572
565 -1174.4619
566 -1195.8074
567 -1194.2626
568 -1183.9375
569 -1120.0399
570 -1090.6002
571 -999.08872
572 -1200.2494
573 -1161.8091
574 -1161.1509
575 -1197.8621
576 -1049.0734
577 -1150.4108
578 -1207.9786
579 -1194.7386
580 -1174.7297
581 -1167.5679
582 -1201.336
583 -1218.672
584 -1202.4125
585 -1190.6765
586 -1183.6309
587 -1171.8959
588 -1210.1151
589 -1216.2842
590 -1219.1606
591 -1249.4908
592 -1234.1276
593 -1248.1058
594 -1216.9812
595 -1238.1877
596 -1194.9321
597 -1260.5001
598 -1259.4261
599 -1247.919
600 -962.2029
601 -1208.7136
602 -1260.5908
603 -1257.7111
604 -1126.0734
605 -1263.6126
606 -1264.0785
607 -1258.999
608 -1257.2498
609 -1245.0937
610 -1264.4057
611 -1243.4028
612 -1256.4888
613 -1265.0473
614 -1251.4364
615 -1257.2526
616 -1263.1538
617 -1265.2549
618 -1257.0828
619 -1245.9354
620 -1272.6816
621 -1260.7911
622 -1268.4142
623 -1223.5786
624 -1240.5348
625 -1268.2317
626 -1244.4234
627 -1227.5813
628 -1273.8087
629 -1263.3168
630 -1271.2359
631 -1272.7021
632 -1251.6457
633 -1276.8884
634 -1215.5866
635 -1252.4256
636 -1240.398
637 -1273.8767
638 -1244.7189
639 -1179.3727
640 -1266.792
641 -1231.8595
642 -1177.2801
643 -1221.5924
644 -1269.1757
645 -1258.256
646 -1279.3192
647 -1260.7171
648 -1081.723
649 -1196.9739
650 -1281.7675
651 -1263.35
652 -1255.5003
653 -1278.4386
654 -1275.2347
655 -1003.3991
656 -1278.5038
657 -1214.3337
658 -1249.4355
659 -1268.2719
660 -1282.6574
661 -1257.212
662 -1263.1974
663 -1268.7625
664 -1259.6156
665 -1254.8573
666 -1231.1387
667 -1267.6361
668 -835.74771
669 -1282.8866
670 -1261.4187
671 -1229.0725
672 -1290.8551
673 -1276.2265
674 -1303.9572
675 -1239.357
676 -1293.8739
677 -1296.9408
678 -1315.0176
679 -1314.8603
680 -1254.368
681 -1128.0386
682 -1317.9818
683 -1316.0913
684 -1270.5076
685 -1298.8539
686 -1306.7875
687 -1303.4398
688 -1310.7425
689 -1258.3577
690 -1307.0174
691 -1311.9097
692 -1300.3921
693 -1320.2453
694 -1303.2322
695 -1325.0134
696 -1320.5136
697 -1295.1938
698 -1220.2928
699 -1323.6794
700 -1320.8846
701 -1295.6833
702 -1272.2943
703 -1311.4632
704 -1317.3467
705 -1310.835
706 -1309.0099
707 -1314.3847
708 -1297.5676
709 -1267.8306
710 -1327.327
711 -1309.6583
712 -1225.4006
713 -1323.759
714 -1323.0296
715 -1317.7168
716 -1325.3424
717 -1326.7159
718 -1308.1265
719 -1252.0692
720 -1287.2852
721 -1329.2193
722 -1336.6486
723 -1332.9153
724 -1360.6839
725 -1361.0171
726 -1360.6393
727 -1347.4586
728 -1234.8891
729 -1280.0186
730 -1317.558
731 -1355.9387
732 -1360.214
733 -1347.8713
734 -1287.0605
735 -1358.8284
736 -1338.5504
737 -1351.6994
738 -1270.3865
739 -1328.4026
740 -1356.3368
741 -1322.7917
742 -1359.4508
743 -1342.1577
744 -1333.2279
745 -1342.7299
746 -1362.7554
747 -1354.418
748 -1359.6613
749 -1328.3422
750 -1260.2647
751 -1319.5053
752 -1352.7053
753 -1340.8959
754 -1344.1985
755 -1356.173
756 -1336.2806
757 -1344.0565
758 -1341.2688
759 -1355.8643
760 -1353.3838
761 -1328.3598
762 -1359.0656
763 -1313.2829
764 -1364.0329
765 -1345.1336
766 -1352.6029
767 -1297.4107
768 -1328.1797
769 -1363.0722
770 -1298.0841
771 -1360.2719
772 -1314.792
773 -1329.6893
774 -1299.2025
775 -1325.0044
776 -1351.432
777 -1362.5315
778 -1361.0649
779 -1349.3713
780 -1365.5532
781 -1237.1485
782 -1363.3157
783 -1341.6179
784 -1346.837
785 -1354.2124
786 -1353.8757
787 -1364.9546
788 -1301.006
789 -1366.2462
790 -1351.203
791 -1343.4084
792 -1342.8044
793 -1359.3407
794 -1351.3498
795 -1361.4921
796 -1350.3971
797 -1358.3132
798 -1361.9475
799 -1354.3406
800 -1363.8445
801 -1202.6194
802 -1280.5931
803 -1357.388
804 -1348.264
805 -1361.1462
806 -1352.5654
807 -1352.6229
808 -1366.0004
809 -1336.8442
810 -1355.0552
811 -1364.3948
812 -1274.5436
813 -1364.7737
814 -1349.4565
815 -1363.8488
816 -1346.1742
817 -1365.0667
818 -1361.943
819 -1366.3997
820 -1358.7938
821 -1328.9927
822 -1318.4832
823 -1359.4716
824 -1328.7615
825 -1324.9944
826 -1337.6932
827 -1310.4421
828 -1358.964
829 -1365.2971
830 -1348.7334
831 -1365.0839
832 -1238.8988
833 -1365.7205
834 -1366.9005
835 -1366.0051
836 -1278.2478
837 -1359.6156
838 -1357.8517
839 -1357.3669
840 -1355.6841
841 -1364.9849
842 -1349.641
843 -1341.3358
844 -1363.3427
845 -1348.4356
846 -1343.2758
847 -1344.7047
848 -1362.8626
849 -1363.9088
850 -1347.0342
851 -1359.0059
852 -1362.6584
853 -1351.0797
854 -1348.6183
855 -1355.0486
856 -1347.1153
857 -1367.1208
858 -1340.0243
859 -1353.134
860 -1362.523
861 -1341.0604
862 -1346.1507
863 -1356.1419
864 -1354.3897
865 -1355.4
866 -1319.2477
867 -1070.2577
868 -1350.8175
869 -1363.2334
870 -1225.416
871 -1359.6383
872 -1310.1527
873 -1327.6035
874 -1364.7745
875 -1355.7237
876 -1273.4935
877 -1376.3317
878 -1361.6082
879 -1369.6748
880 -1357.988
881 -1369.7716
882 -1372.9392
883 -1320.2547
884 -1317.2641
885 -1363.0812
886 -1324.933
887 -1377.0152
888 -1376.7502
889 -1373.2045
890 -1377.9023
891 -1377.4608
892 -1349.1631
893 -1376.8988
894 -1365.3398
895 -1372.5411
896 -1372.932
897 -1342.6101
898 -1334.6924
899 -1375.9557
900 -1223.4456
901 -1304.6856
902 -1372.9221
903 -1376.7451
904 -1373.8436
905 -1371.7394
906 -1358.1775
907 -1367.9023
908 -1374.3555
909 -1377.827
910 -1307.5549
911 -1362.0358
912 -1359.5259
913 -1352.9288
914 -1364.6388
915 -1174.9215
916 -1374.7703
917 -1320.0624
918 -1377.782
919 -1287.7599
920 -1377.6634
921 -1375.7985
922 -1374.968
923 -1369.9184
924 -1371.4699
925 -1375.668
926 -1378.4946
927 -1381.3652
928 -1367.2797
929 -1357.89
930 -1318.9603
931 -1377.9764
932 -1315.0559
933 -1375.6814
934 -1377.7435
935 -1321.5036
936 -1360.4016
937 -1381.2293
938 -1349.5004
939 -1380.5593
940 -1237.6815
941 -1345.1813
942 -1381.425
943 -1379.9906
944 -1372.7053
945 -1326.8892
946 -1378.8849
947 -1383.5814
948 -1351.1948
949 -1383.1601
950 -1331.5087
951 -1376.8046
952 -1355.767
953 -1226.2451
954 -1367.5672
955 -1382.1759
956 -1382.471
957 -1383.448
958 -1350.7846
959 -1372.7214
960 -1379.7036
961 -1370.2854
962 -1383.8188
963 -1362.3583
964 -1335.509
965 -1361.8192
966 -1372.4047
967 -1382.6259
968 -1384.2748
969 -1383.7993
970 -1306.5373
971 -1375.5952
972 -1376.8114
973 -1373.8129
974 -1327.7621
975 -1385.2496
976 -1349.3926
977 -1272.4025
978 -1385.3792
979 -1383.8451
980 -1347.0055
981 -1360.0148
982 -1368.2799
983 -1386.9355
984 -1389.1506
985 -1369.0197
986 -1308.5871
987 -1390.1124
988 -1389.9374
989 -1371.1388
990 -1381.3409
991 -1385.6865
992 -1345.9312
993 -1387.658
994 -1345.1018
995 -1245.4808
996 -1301.0272
997 -1388.1501
998 -1357.2601
999 -1380.5465
1000 -1390.7049
1001 -1380.613
1002 -1276.1899
1003 -1388.9186
1004 -1150.1691
1005 -1393.371
1006 -1287.7751
1007 -1391.1657
1008 -1385.9685
1009 -1376.8723
1010 -1356.9734
1011 -1342.4905
1012 -1375.4981
1013 -1364.1155
1014 -1394.5413
1015 -1395.1492
1016 -1370.4519
1017 -1393.1432
1018 -1248.3683
1019 -1345.4891
1020 -1334.2991
1021 -1369.0585
1022 -1385.622
1023 -1344.6426
1024 -1385.4419
1025 -1389.209
1026 -1376.3796
1027 -1390.3151
1028 -1391.4123
1029 -1394.3678
1030 -1388.7445
1031 -1385.4171
1032 -1202.757
1033 -1396.2953
1034 -1384.7818
1035 -1395.0424
1036 -1390.3951
1037 -1356.8996
1038 -1395.7276
1039 -1380.5002
1040 -1325.6291
1041 -1396.0214
1042 -1366.4706
1043 -1391.0087
1044 -1396.1573
1045 -1374.6423
1046 -1386.5485
1047 -1364.1812
1048 -1371.386
1049 -1366.1404
1050 -1367.8037
1051 -1391.6595
1052 -1393.8625
1053 -1388.2282
1054 -1375.8732
1055 -1395.492
1056 -1392.0554
1057 -1362.2422
1058 -1329.9581
1059 -1391.986
1060 -1390.2381
1061 -1314.436
1062 -1389.6528
1063 -1393.7593
1064 -1387.4231
1065 -1362.5814
1066 -1391.9321
1067 -1375.0654
1068 -1344.6672
1069 -1388.7804
1070 -1390.7341
1071 -1390.4005
1072 -1393.8785
1073 -1401.9962
1074 -1387.6196
1075 -1382.1692
1076 -1393.8015
1077 -1365.6211
1078 -1378.9178
1079 -1330.4479
1080 -1399.9732
1081 -1402.4088
1082 -1401.717
1083 -1399.959
1084 -1392.7394
1085 -1387.38
1086 -1361.4362
1087 -1383.4794
1088 -1350.6775
1089 -1384.484
1090 -1328.9151
1091 -1361.5314
1092 -1371.4538
1093 -1391.5762
1094 -1357.0546
1095 -1387.8936
1096 -1392.3651
1097 -1399.8479
1098 -1399.9298
1099 -1364.5652
1100 -1397.8116
1101 -1396.9818
1102 -1359.0007
1103 -1401.3561
1104 -1397.128
1105 -1394.8677
1106 -1377.9374
1107 -1400.9229
1108 -1324.2344
1109 -1374.0001
1110 -1351.6766
1111 -1384.9596
1112 -1345.5743
1113 -1396.5867
1114 -1355.2604
1115 -1377.2527
1116 -1281.6657
1117 -1379.4059
1118 -1403.2481
1119 -1400.8704
1120 -1379.0322
1121 -1402.2168
1122 -1399.9889
1123 -1365.0232
1124 -1366.9967
1125 -1401.6868
1126 -1347.3693
1127 -1398.6531
1128 -1256.669
1129 -1374.9972
1130 -1354.7615
1131 -1344.3135
1132 -1389.3305
1133 -1403.6766
1134 -1379.8981
1135 -1393.73
1136 -1391.9574
1137 -1384.2121
1138 -1394.2283
1139 -1383.3828
1140 -1329.8762
1141 -1379.8675
1142 -1390.6308
1143 -1398.0867
1144 -1400.1126
1145 -1358.483
1146 -1368.226
1147 -1301.7704
1148 -1386.7918
1149 -1368.9324
1150 -1376.7739
1151 -1394.7777
1152 -1360.6945
1153 -1373.5084
1154 -1395.9609
1155 -1377.4009
1156 -1404.86
1157 -1403.8886
1158 -1395.1791
1159 -1400.7521
1160 -1365.2422
1161 -1352.2435
1162 -1262.8723
1163 -1390.3982
1164 -1379.856
1165 -1398.8566
1166 -1396.2025
1167 -1385.4454
1168 -1365.7853
1169 -1384.3766
1170 -1395.4609
1171 -1401.9977
1172 -1352.9826
1173 -1347.9269
1174 -1309.7624
1175 -1407.0772
1176 -1402.3259
1177 -1397.5108
1178 -1386.6482
1179 -1398.0579
1180 -1384.7446
1181 -1347.7824
1182 -1406.4299
1183 -1332.6003
1184 -1404.1177
1185 -1393.716
1186 -1397.1805
1187 -1326.2202
1188 -1349.9515
1189 -1405.9614
1190 -1407.0928
1191 -1409.9998
1192 -1392.1109
1193 -1377.7093
1194 -1398.9467
1195 -1371.8904
1196 -1347.1974
1197 -1348.7335
1198 -1408.89
1199 -1377.3589
1200 -1398.4711
1201 -1402.4554
1202 -1394.9311
1203 -1401.6984
1204 -1396.9235
1205 -1406.699
1206 -1405.7397
1207 -1407.0562
1208 -1333.9546
1209 -1403.7691
1210 -1403.843
1211 -1365.9003
1212 -1384.2794
1213 -1408.9905
1214 -1411.0722
1215 -1323.2091
1216 -1383.4878
1217 -1405.7121
1218 -1405.4477
1219 -1388.4246
1220 -1414.0596
1221 -1405.4862
1222 -1403.1504
1223 -1346.7991
1224 -1385.9917
1225 -1404.8062
1226 -1420.8922
1227 -1405.1671
1228 -1418.4301
1229 -1401.4517
1230 -1419.4605
1231 -1377.5712
1232 -1411.6671
1233 -1419.8836
1234 -1392.3118
1235 -1396.6333
1236 -1420.1341
1237 -1416.7408
1238 -1406.1049
1239 -1418.9085
1240 -1414.3981
1241 -1415.5641
1242 -1390.7327
1243 -1420.6954
1244 -1367.3934
1245 -1420.4659
1246 -1296.4937
1247 -1389.227
1248 -1402.5073
1249 -1350.5211
1250 -1417.5595
1251 -1403.8834
1252 -1403.7445
1253 -1416.9619
1254 -1380.0422
1255 -1384.5434
1256 -1403.1835
1257 -1394.5847
1258 -1392.3603
1259 -1412.6787
1260 -1384.0895
1261 -1408.214
1262 -1342.9431
1263 -1418.8675
1264 -1419.5452
1265 -1414.1004
1266 -1415.8991
1267 -1409.1849
1268 -1420.6975
1269 -1414.7339
1270 -1412.4871
1271 -1345.6294
1272 -1401.3761
1273 -1416.457
1274 -1416.8998
1275 -1383.9654
1276 -1400.9969
1277 -1414.221
1278 -1418.7174
1279 -1420.6099
1280 -1312.3803
1281 -1417.9713
1282 -1388.1759
1283 -1410.1834
1284 -1370.176
1285 -1405.9901
1286 -1415.7797
1287 -1411.1741
1288 -1403.7112
1289 -1405.0763
1290 -1408.3202
1291 -1406.9968
1292 -1406.6586
1293 -1415.7414
1294 -1396.3543
1295 -1342.9632
1296 -1421.5415
1297 -1367.9499
1298 -1401.6093
1299 -1405.5477
1300 -1383.6798
1301 -1360.4515
1302 -1376.2588
1303 -1408.5414
1304 -1403.6527
1305 -1416.7028
1306 -1352.641
1307 -1418.5607
1308 -1418.0371
1309 -1420.7424
1310 -1412.6832
1311 -1412.5211
1312 -1416.4793
1313 -1423.4988
1314 -1404.172
1315 -1422.715
1316 -1391.0384
1317 -1316.9002
1318 -1410.7399
1319 -1371.8962
1320 -1380.468
1321 -1407.5296
1322 -1421.874
1323 -1404.4716
1324 -1421.4495
1325 -1418.6708
1326 -1418.6992
1327 -1344.294
1328 -1401.7237
1329 -1420.9555
1330 -1406.4221
1331 -1346.7828
1332 -1409.1874
1333 -1397.0672
1334 -1390.7101
1335 -1415.2252
1336 -1420.9808
1337 -1375.3571
1338 -1412.593
1339 -1423.0876
1340 -1421.6804
1341 -1415.8454
1342 -1416.731
1343 -1411.0861
1344 -1420.9801
1345 -1402.0345
1346 -1409.2791
1347 -1417.6031
1348 -1423.5334
1349 -1402.2754
1350 -1404.5341
1351 -1420.247
1352 -1367.9814
1353 -1398.1761
1354 -1420.3243
1355 -1409.8054
1356 -1403.7297
1357 -1422.4967
1358 -1403.7305
1359 -1422.02
1360 -1423.0866
1361 -1412.5972
1362 -1422.4781
1363 -1420.8646
1364 -1405.5765
1365 -1414.3735
1366 -1406.7151
1367 -1387.1729
1368 -1413.0071
1369 -1390.7943
1370 -1408.7859
1371 -1419.1151
1372 -1388.6803
1373 -1403.6674
1374 -1392.5538
1375 -1344.1823
1376 -1423.8623
1377 -1422.4049
1378 -1418.286
1379 -1407.1215
1380 -1423.2159
1381 -1389.4793
1382 -1414.3354
1383 -1411.6303
1384 -1424.0388
1385 -1401.7649
1386 -1421.0839
1387 -1423.1531
1388 -1336.7115
1389 -1387.8774
1390 -1422.7252
1391 -1398.5022
1392 -1401.3301
1393 -1400.8944
1394 -1406.2902
1395 -1358.0572
1396 -1420.0586
1397 -1407.6501
1398 -1421.2355
1399 -1422.0185
1400 -1406.6371
1401 -1246.0077
1402 -1419.3806
1403 -1423.0783
1404 -1413.5826
1405 -1394.8697
1406 -1395.5511
1407 -1376.1966
1408 -1349.2596
1409 -1410.3595
1410 -1420.4239
1411 -1415.5669
1412 -1416.1935
1413 -1394.7531
1414 -1384.3503
1415 -1387.3278
1416 -1413.8769
1417 -1310.6799
1418 -1424.5163
1419 -1414.6643
1420 -1420.6082
1421 -1363.3986
1422 -1415.9755
1423 -1421.4511
1424 -1408.9733
1425 -1422.2486
1426 -1412.2819
1427 -1411.2278
1428 -1424.7229
1429 -1419.1825
1430 -1413.3247
1431 -1418.0483
1432 -1403.2565
1433 -1406.5914
1434 -1414.2178
1435 -1421.0897
1436 -1421.9625
1437 -1405.6316
1438 -1417.4922
1439 -1424.3917
1440 -1420.9664
1441 -1415.8966
1442 -1418.4594
1443 -1411.6952
1444 -1401.6643
1445 -1414.9223
1446 -1424.5667
1447 -1412.246
1448 -1416.3906
1449 -1417.5785
1450 -1399.5597
1451 -1419.7688
1452 -1356.1703
1453 -1363.8822
1454 -1376.2608
1455 -1410.5471
1456 -1424.6496
1457 -1414.4628
1458 -1420.6784
1459 -1337.3794
1460 -1397.4149
1461 -1420.3787
1462 -1421.7819
1463 -1421.4344
1464 -1381.1056
1465 -1424.4687
1466 -1409.1837
1467 -1390.6372
1468 -1312.3044
1469 -1340.4408
1470 -1327.095
1471 -1401.2161
1472 -1415.6282
1473 -1412.7069
1474 -1409.3569
1475 -1427.0142
1476 -1422.2121
1477 -1423.7871
1478 -1418.1244
1479 -1409.4076
1480 -1423.4343
1481 -1396.6495
1482 -1385.3632
1483 -1416.953
1484 -1406.8674
1485 -1399.469
1486 -1412.3909
1487 -1405.4694
1488 -1411.9681
1489 -1316.5436
1490 -1425.7851
1491 -1420.9506
1492 -1399.8396
1493 -1422.3101
1494 -1423.3136
1495 -1340.4552
1496 -1424.8218
1497 -1402.5187
1498 -1422.2276
1499 -1424.959
1500 -1426.7165
1501 -1417.0329
1502 -1429.3287
1503 -1429.8167
1504 -1417.7796
1505 -1427.0687
1506 -1415.6238
1507 -1323.0986
1508 -1425.091
1509 -1397.6259
1510 -1419.799
1511 -1427.4339
1512 -1422.1284
1513 -1428.1333
1514 -1415.475
1515 -1402.3355
1516 -1404.8248
1517 -1426.1481
1518 -1424.2128
1519 -1427.6586
1520 -1429.9301
1521 -1429.9094
1522 -1411.8712
1523 -1430.0722
1524 -1415.4275
1525 -1421.2696
1526 -1406.9841
1527 -1428.8579
1528 -1333.6046
1529 -1391.6232
1530 -1426.0817
1531 -1426.6183
1532 -1423.3886
1533 -1411.1635
1534 -1372.8991
1535 -1415.0676
1536 -1424.4988
1537 -1430.8304
1538 -1278.5265
1539 -1424.2016
1540 -1430.8248
1541 -1419.7245
1542 -1410.1008
1543 -1416.1693
1544 -1431.8444
1545 -1415.6953
1546 -1428.6275
1547 -1429.2763
1548 -1407.506
1549 -1426.2552
1550 -1400.7982
1551 -1431.696
1552 -1326.2252
1553 -1394.7835
1554 -1424.1523
1555 -1421.513
1556 -1423.2378
1557 -1411.9782
1558 -1414.4939
1559 -1397.3989
1560 -1407.6954
1561 -1417.0969
1562 -1430.7664
1563 -1385.7557
1564 -1426.4304
1565 -1397.0499
1566 -1412.5944
1567 -1429.2544
1568 -1428.2322
1569 -1431.6876
1570 -1336.8713
1571 -1425.3178
1572 -1424.5393
1573 -1430.7656
1574 -1319.7769
1575 -1429.4449
1576 -1390.8714
1577 -1419.923
1578 -1421.09
1579 -1395.9112
1580 -1395.2252
1581 -1411.4556
1582 -1411.9414
1583 -1427.4846
1584 -1420.5069
1585 -1428.1173
1586 -1425.8633
1587 -1385.4567
1588 -1421.7417
1589 -1375.6983
1590 -1426.8888
1591 -1412.764
1592 -1385.1428
1593 -1414.7754
1594 -1430.3323
1595 -1403.4416
1596 -1402.7872
1597 -1425.8907
1598 -1401.6014
1599 -1431.9475
1600 -1427.2574
1601 -1430.4528
1602 -1422.6762
1603 -1424.7733
1604 -1362.9275
1605 -1301.7357
1606 -1429.1515
1607 -1414.4553
1608 -1423.4877
1609 -1430.9798
1610 -1385.5185
1611 -1428.8969
1612 -1398.1616
1613 -1397.5623
1614 -1432.8885
1615 -1431.3648
1616 -1428.9301
1617 -1426.3799
1618 -1427.2654
1619 -1412.1885
1620 -1432.7575
1621 -1424.9308
1622 -1418.5958
1623 -1411.4628
1624 -1406.2367
1625 -1428.0712
1626 -1393.9586
1627 -1427.6099
1628 -1430.0109
1629 -1423.7632
1630 -1405.0028
1631 -1392.2828
1632 -1368.6375
1633 -1350.5649
1634 -1433.0191
1635 -1434.0461
1636 -1406.7052
1637 -1404.8521
1638 -1402.3705
1639 -1427.2536
1640 -1433.6815
1641 -1429.1402
1642 -1435.717
1643 -1435.1656
1644 -1421.112
1645 -1416.4421
1646 -1365.99
1647 -1402.7832
1648 -1411.1534
1649 -1414.5152
1650 -1405.9598
1651 -1431.6488
1652 -1389.5041
1653 -1435.5568
1654 -1434.2924
1655 -1426.6052
1656 -1402.5767
1657 -1426.547
1658 -1430.3123
1659 -1414.6931
1660 -1423.1347
1661 -1428.1707
1662 -1431.9695
1663 -1426.1061
1664 -1417.6128
1665 -1435.7015
1666 -1426.9773
1667 -1432.1769
1668 -1420.4792
1669 -1377.0895
1670 -1430.902
1671 -1432.9238
1672 -1423.005
1673 -1409.7764
1674 -1413.6453
1675 -1431.4688
1676 -1431.4175
1677 -1433.2599
1678 -1423.4143
1679 -1434.9367
1680 -1434.0744
1681 -1397.0275
1682 -1426.4568
1683 -1377.6267
1684 -1378.3761
1685 -1423.6354
1686 -1414.9305
1687 -1387.2012
1688 -1406.508
1689 -1413.4251
1690 -1413.7105
1691 -1410.0939
1692 -1421.1337
1693 -1411.6331
1694 -1400.962
1695 -1362.5451
1696 -1399.3637
1697 -1429.7162
1698 -1426.3748
1699 -1422.7906
1700 -1390.8995
1701 -1411.716
1702 -1423.6183
1703 -1432.3756
1704 -1397.8721
1705 -1365.8541
1706 -1420.1204
1707 -1412.4939
1708 -1432.2037
1709 -1408.4054
1710 -1428.7979
1711 -1435.9437
1712 -1401.7507
1713 -1409.1269
1714 -1422.1366
1715 -1424.8387
1716 -1382.0775
1717 -1434.2842
1718 -1426.7156
1719 -1434.2138
1720 -1377.5256
1721 -1436.1449
1722 -1394.9815
1723 -1428.5349
1724 -1398.1448
1725 -1428.6375
1726 -1431.0692
1727 -1429.879
1728 -1411.275
1729 -1435.9158
1730 -1418.0281
1731 -1437.4666
1732 -1418.0373
1733 -1366.9809
1734 -1431.4014
1735 -1434.0555
1736 -1425.7401
1737 -1394.8258
1738 -1430.4815
1739 -1435.0883
1740 -1434.0476
1741 -1435.2765
1742 -1379.5618
1743 -1423.8407
1744 -1315.1399
1745 -1437.6971
1746 -1429.478
1747 -1402.8864
1748 -1427.0616
1749 -1433.1572
1750 -1430.7742
1751 -1414.8311
1752 -1436.8134
1753 -1414.6606
1754 -1407.1418
1755 -1333.8714
1756 -1272.0336
1757 -1401.5734
1758 -1427.9975
1759 -1435.232
1760 -1429.7081
1761 -1364.5659
1762 -1424.2494
1763 -1413.7448
1764 -1432.6361
1765 -1400.1902
1766 -1420.8597
1767 -1419.7487
1768 -1439.9863
1769 -1420.3972
1770 -1416.8074
1771 -1436.0611
1772 -1420.4319
1773 -1421.2996
1774 -1438.6842
1775 -1420.9356
1776 -1422.649
1777 -1372.8017
1778 -1434.9377
1779 -1421.0521
1780 -1427.056
1781 -1430.788
1782 -1440.1196
1783 -1393.5025
1784 -1428.6992
1785 -1426.7206
1786 -1414.1678
1787 -1407.7904
1788 -1436.2817
1789 -1433.1134
1790 -1423.014
1791 -1430.2984
1792 -1421.7113
1793 -1395.6441
1794 -1428.3857
1795 -1410.4361
1796 -1409.6757
1797 -1439.1231
1798 -1366.1104
1799 -1433.3436
1800 -1436.5577
1801 -1425.1812
1802 -1431.7594
1803 -1438.3678
1804 -1423.5163
1805 -1401.371
1806 -1441.0789
1807 -1439.0836
1808 -1416.5787
1809 -1432.4232
1810 -1438.5318
1811 -1431.6315
1812 -1404.3217
1813 -1373.172
1814 -1426.929
1815 -1432.0745
1816 -1434.403
1817 -1422.1914
1818 -1351.6903
1819 -1440.3283
1820 -1440.9837
1821 -1433.8906
1822 -1428.0651
1823 -1373.0353
1824 -1434.6407
1825 -1422.2348
1826 -1430.4086
1827 -1438.3205
1828 -1422.8915
1829 -1421.4589
1830 -1421.4141
1831 -1433.623
1832 -1433.9127
1833 -1416.0371
1834 -1432.1369
1835 -1432.2086
1836 -1394.0853
1837 -1432.223
1838 -1379.1454
1839 -1422.9073
1840 -1428.3107
1841 -1399.759
1842 -1438.7836
1843 -1419.6186
1844 -1437.8767
1845 -1440.0216
1846 -1413.3552
1847 -1414.8009
1848 -1417.4093
1849 -1442.6974
1850 -1442.5576
1851 -1440.5871
1852 -1433.9771
1853 -1437.5456
1854 -1401.2817
1855 -1432.7854
1856 -1388.5996
1857 -1433.3709
1858 -1366.9865
1859 -1375.1718
1860 -1429.4241
1861 -1416.6024
1862 -1436.5623
1863 -1434.9865
1864 -1393.3433
1865 -1400.0276
1866 -1437.6767
1867 -1438.3406
1868 -1439.5137
1869 -1435.8531
1870 -1441.2974
1871 -1438.8535
1872 -1438.2825
1873 -1391.0428
1874 -1438.3788
1875 -1438.5901
1876 -1441.8773
1877 -1386.2707
1878 -1441.4696
1879 -1439.4776
1880 -1433.0328
1881 -1417.9655
1882 -1434.621
1883 -1428.8203
1884 -1415.7476
1885 -1290.6265
1886 -1432.6368
1887 -1399.8824
1888 -1437.3353
1889 -1401.235
1890 -1429.2016
1891 -1437.3368
1892 -1430.2242
1893 -1421.2765
1894 -1442.1694
1895 -1420.715
1896 -1403.9946
1897 -1414.9046
1898 -1428.5522
1899 -1334.7375
1900 -1425.594
1901 -1438.4783
1902 -1430.122
1903 -1313.7399
1904 -1399.3368
1905 -1443.2135
1906 -1388.3126
1907 -1405.2948
1908 -1438.9933
1909 -1442.0081
1910 -1422.8535
1911 -1442.8708
1912 -1436.098
1913 -1429.4092
1914 -1440.1989
1915 -1433.4915
1916 -1442.7474
1917 -1435.9648
1918 -1438.0181
1919 -1422.5419
1920 -1410.7972
1921 -1373.0109
1922 -1433.5919
1923 -1439.1447
1924 -1434.6114
1925 -1435.0642
1926 -1436.3586
1927 -1442.3321
1928 -1431.7238
1929 -1354.9212
1930 -1415.9271
1931 -1436.4178
1932 -1441.1137
1933 -1429.7033
1934 -1434.9661
1935 -1434.7135
1936 -1390.5475
1937 -1431.6816
1938 -1424.0754
1939 -1428.3124
1940 -1403.6072
1941 -1435.7794
1942 -1412.174
1943 -1425.5981
1944 -1435.288
1945 -1403.6487
1946 -1430.2911
1947 -1438.7814
1948 -1437.1099
1949 -1443.0944
1950 -1422.6468
1951 -1442.9705
1952 -1402.6511
1953 -1440.5799
1954 -1438.689
1955 -1441.1777
1956 -1416.8324
1957 -1438.4156
1958 -1439.7528
1959 -1438.1008
1960 -1394.9292
1961 -1442.2921
1962 -1438.8303
1963 -1416.9538
1964 -1425.8712
1965 -1439.2957
1966 -1439.4052
1967 -1411.4047
1968 -1431.1351
1969 -1420.464
1970 -1434.6282
1971 -1440.5669
1972 -1442.6826
1973 -1439.2072
1974 -1443.0983
1975 -1436.3962
1976 -1433.1752
1977 -1350.8738
1978 -1441.0711
1979 -1407.5843
1980 -1440.1971
1981 -1429.9613
1982 -1428.2154
1983 -1425.386
1984 -1417.0211
1985 -1441.8295
1986 -1426.5061
1987 -1403.031
1988 -1436.4845
1989 -1437.5433
1990 -1442.4305
1991 -1419.6276
1992 -1434.5579
1993 -1434.953
1994 -1406.4987
1995 -1420.48
1996 -1429.2634
1997 -1441.7975
1998 -1440.8851
1999 -1436.2993
2000 -1428.0431
2001 -1324.0541
2002 -1428.2449
2003 -1439.7689
2004 -1435.7475
2005 -1423.1823
2006 -1428.8444
2007 -1430.4389
2008 -1412.9348
2009 -1435.5166
2010 -1433.9183
2011 -1443.7629
2012 -1422.4603
2013 -1439.7561
2014 -1441.5013
2015 -1438.0844
2016 -1430.8404
2017 -1442.7824
2018 -1401.4698
2019 -1442.0118
2020 -1437.3937
2021 -1421.484
2022 -1428.4869
2023 -1442.8234
2024 -1427.0236
2025 -1433.1828
2026 -1424.7041
2027 -1425.1155
2028 -1391.4075
2029 -1439.6829
2030 -1418.3191
2031 -1432.434
2032 -1442.1185
2033 -1434.4107
2034 -1437.8251
2035 -1442.2076
2036 -1436.8582
2037 -1438.4321
2038 -1423.1833
2039 -1393.04
2040 -1396.6557
2041 -1436.4449
2042 -1421.3319
2043 -1431.0793
2044 -1432.1058
2045 -1441.2409
2046 -1417.8369
2047 -1443.4766
2048 -1439.6099
2049 -1443.2363
2050 -1425.1893
2051 -1436.2784
2052 -1401.5671
2053 -1434.752
2054 -1441.2498
2055 -1399.5822
2056 -1412.5071
2057 -1437.8412
2058 -1442.7422
2059 -1370.573
2060 -1416.7446
2061 -1444.1468
2062 -1442.365
2063 -1431.1247
2064 -1367.8795
2065 -1441.6358
2066 -1420.9176
2067 -1378.5935
2068 -1438.2498
2069 -1426.5425
2070 -1354.3473
2071 -1419.6574
2072 -1438.4001
2073 -1422.755
2074 -1437.2518
2075 -1440.8549
2076 -1405.3214
2077 -1442.2417
2078 -1441.5493
2079 -1441.1123
2080 -1360.262
2081 -1435.5877
2082 -1443.7634
2083 -1404.1862
2084 -1411.5435
2085 -1433.5809
2086 -1434.8601
2087 -1444.2461
2088 -1435.2462
2089 -1334.2586
2090 -1432.315
2091 -1407.8859
2092 -1439.2742
2093 -1439.9731
2094 -1430.6375
2095 -1435.9229
2096 -1408.7385
2097 -1423.3663
2098 -1436.6187
2099 -1437.3098
2100 -1440.383
2101 -1369.0972
2102 -1420.8944
2103 -1437.2322
2104 -1433.4192
2105 -1430.9212
2106 -1442.6157
2107 -1440.9263
2108 -1436.9294
2109 -1408.3313
2110 -1407.2634
2111 -1439.8415
2112 -1439.2579
2113 -1443.6491
2114 -1436.7769
2115 -1410.053
2116 -1425.5783
2117 -1343.1262
2118 -1431.5208
2119 -1437.9868
2120 -1427.9748
2121 -1428.4012
2122 -1439.2033
2123 -1438.7325
2124 -1436.0649
2125 -1416.3382
2126 -1370.3568
2127 -1423.3271
2128 -1426.8108
2129 -1297.2579
2130 -1404.0586
2131 -1428.5302
2132 -1429.0952
2133 -1439.794
2134 -1244.3957
2135 -1421.4647
2136 -1428.0635
2137 -1441.359
2138 -1438.1952
2139 -1415.334
2140 -1414.3711
2141 -1351.6408
2142 -1433.7865
2143 -1391.7847
2144 -1444.6184
2145 -1433.0662
2146 -1436.3286
2147 -1444.7547
2148 -1428.91
2149 -1431.7792
2150 -1405.0615
2151 -1416.4767
2152 -1440.9434
2153 -1436.3436
2154 -1404.7519
2155 -1410.8101
2156 -1443.4081
2157 -1430.4827
2158 -1431.8081
2159 -1436.7611
2160 -1441.2058
2161 -1432.9932
2162 -1443.0136
2163 -1442.0774
2164 -1436.5593
2165 -1438.4625
2166 -1430.3268
2167 -1439.3372
2168 -1422.7202
2169 -1428.4701
2170 -1427.8873
2171 -1389.8857
2172 -1442.7129
2173 -1379.5097
2174 -1437.5231
2175 -1443.9974
2176 -1440.2082
2177 -1446.7481
2178 -1409.3816
2179 -1410.64
2180 -1436.5598
2181 -1443.0966
2182 -1442.4528
2183 -1399.4861
2184 -1429.8877
2185 -1446.2268
2186 -1424.6343
2187 -1439.7028
2188 -1437.7674
2189 -1434.2133
2190 -1439.4265
2191 -1449.2402
2192 -1403.1481
2193 -1398.5024
2194 -1443.4432
2195 -1440.3352
2196 -1442.4458
2197 -1449.4153
2198 -1426.4069
2199 -1438.193
2200 -1369.8218
2201 -1434.1484
2202 -1422.4707
2203 -1447.5461
2204 -1446.8676
2205 -1421.178
2206 -1416.5937
2207 -1434.8583
2208 -1381.2297
2209 -1439.767
2210 -1438.6102
2211 -1402.2863
2212 -1450.0564
2213 -1447.8315
2214 -1449.9245
2215 -1450.1308
2216 -1437.4577
2217 -1431.7379
2218 -1430.5533
2219 -1435.0874
2220 -1437.1494
2221 -1432.7669
2222 -1425.5866
2223 -1425.7626
2224 -1443.3821
2225 -1393.3574
2226 -1442.2071
2227 -1415.0658
2228 -1440.9853
2229 -1450.1438
2230 -1418.3274
2231 -1441.2371
2232 -1360.7745
2233 -1429.3058
2234 -1449.7263
2235 -1404.9602
2236 -1445.0478
2237 -1442.6927
2238 -1421.2024
2239 -1446.1347
2240 -1438.6736
2241 -1447.3324
2242 -1441.191
2243 -1449.9567
2244 -1442.1684
2245 -1447.4245
2246 -1375.9784
2247 -1442.2006
2248 -1446.9846
2249 -1432.3658
2250 -1383.0079
2251 -1376.4778
2252 -1447.011
2253 -1442.1237
2254 -1369.13
2255 -1443.2904
2256 -1433.8344
2257 -1435.3771
2258 -1446.1516
2259 -1445.2194
2260 -1447.0947
2261 -1448.7676
2262 -1443.2287
2263 -1435.1258
2264 -1416.4561
2265 -1435.1298
2266 -1448.6494
2267 -1441.7419
2268 -1414.9881
2269 -1407.5581
2270 -1383.9812
2271 -1437.4747
2272 -1436.2606
2273 -1444.858
2274 -1442.5927
2275 -1445.1588
2276 -1448.2872
2277 -1420.4429
2278 -1449.9451
2279 -1443.7941
2280 -1414.148
2281 -1441.8807
2282 -1431.0187
2283 -1420.0052
2284 -1449.3829
2285 -1430.6543
2286 -1442.5057
2287 -1449.4426
2288 -1418.2487
2289 -1441.3508
2290 -1444.9002
2291 -1430.8435
2292 -1346.8195
2293 -1448.1788
2294 -1433.5729
2295 -1426.4427
2296 -1427.9029
2297 -1434.949
2298 -1446.3413
2299 -1448.8424
2300 -1440.2782
2301 -1438.6439
2302 -1447.2572
2303 -1427.8112
2304 -1436.4385
2305 -1450.2493
2306 -1446.1092
2307 -1448.4964
2308 -1443.2143
2309 -1446.9791
2310 -1429.381
2311 -1425.5014
2312 -1440.8307
2313 -1325.0589
2314 -1419.85
2315 -1440.63
2316 -1441.2817
2317 -1440.4854
2318 -1450.8473
2319 -1446.732
2320 -1440.3157
2321 -1418.2932
2322 -1437.2283
2323 -1425.1964
2324 -1447.9598
2325 -1448.1825
2326 -1427.6471
2327 -1440.4276
2328 -1404.221
2329 -1448.9458
2330 -1449.1709
2331 -1447.8908
2332 -1383.6897
2333 -1442.4482
2334 -1433.3954
2335 -1432.8884
2336 -1437.2693
2337 -1446.1497
2338 -1448.3502
2339 -1424.6425
2340 -1446.9728
2341 -1403.0163
2342 -1414.6372
2343 -1434.4961
2344 -1392.6509
2345 -1441.2239
2346 -1434.7809
2347 -1439.5553
2348 -1434.5817
2349 -1443.8217
2350 -1444.5896
2351 -1435.4564
2352 -1444.9662
2353 -1447.9326
2354 -1450.5557
2355 -1438.7398
2356 -1439.138
2357 -1442.7271
2358 -1449.6251
2359 -1443.7422
2360 -1400.3774
2361 -1444.3367
2362 -1446.2031
2363 -1449.8549
2364 -1449.3073
2365 -1428.8325
2366 -1418.9011
2367 -1448.5697
2368 -1441.8252
2369 -1388.9157
2370 -1428.7602
2371 -1412.9079
2372 -1436.1957
2373 -1435.2866
2374 -1440.5526
2375 -1437.9752
2376 -1446.4106
2377 -1437.8646
2378 -1441.3977
2379 -1429.9936
2380 -1450.883
2381 -1446.0583
2382 -1378.8842
2383 -1418.3757
2384 -1439.6466
2385 -1444.1531
2386 -1404.9888
2387 -1429.0255
2388 -1441.1842
2389 -1426.0491
2390 -1449.3088
2391 -1403.6324
2392 -1433.942
2393 -1450.2856
2394 -1433.2081
2395 -1391.1556
2396 -1441.0792
2397 -1400.4135
2398 -1444.3781
2399 -1430.8707
2400 -1421.5534
2401 -1445.5813
2402 -1447.0683
2403 -1433.084
2404 -1445.8254
2405 -1448.4906
2406 -1447.7155
2407 -1406.1459
2408 -1438.303
2409 -1443.5629
2410 -1411.9324
2411 -1444.5518
2412 -1445.1366
2413 -1400.3466
2414 -1438.1278
2415 -1448.9312
2416 -1392.1706
2417 -1439.7803
2418 -1446.7913
2419 -1445.0647
2420 -1427.4098
2421 -1445.5477
2422 -1421.3765
2423 -1446.4379
2424 -1442.0434
2425 -1436.2362
2426 -1439.8518
2427 -1445.2902
2428 -1445.4044
2429 -1438.2575
2430 -1365.1402
2431 -1445.0376
2432 -1432.3949
2433 -1435.839
2434 -1445.2063
2435 -1449.1557
2436 -1446.603
2437 -1413.8827
2438 -1444.455
2439 -1423.8149
2440 -1367.2882
2441 -1416.681
2442 -1424.3028
2443 -1449.6633
2444 -1420.6776
2445 -1425.7906
2446 -1448.754
2447 -1441.6789
2448 -1449.2343
2449 -1429.0514
2450 -1443.1522
2451 -1437.4477
2452 -1444.4625
2453 -1422.5566
2454 -1419.6185
2455 -1450.4284
2456 -1436.3638
2457 -1447.2543
2458 -1446.5728
2459 -1433.7053
2460 -1444.9459
2461 -1440.7363
2462 -1433.0547
2463 -1448.3993
2464 -1429.3268
2465 -1434.9973
2466 -1435.5195
2467 -1449.0354
2468 -1447.6034
2469 -1418.75
2470 -1403.0624
2471 -1447.7136
2472 -1437.8226
2473 -1423.7955
2474 -1436.515
2475 -1438.1059
2476 -1442.2443
2477 -1436.4064
2478 -1451.1625
2479 -1428.077
2480 -1404.0623
2481 -1392.6117
2482 -1444.2831
2483 -1447.0785
2484 -1441.2858
2485 -1427.5918
2486 -1440.7881
2487 -1354.8525
2488 -1406.2284
2489 -1451.1786
2490 -1451.9808
2491 -1451.8541
2492 -1449.9669
2493 -1451.413
2494 -1430.0754
2495 -1431.2559
2496 -1444.0715
2497 -1444.389
2498 -1443.5849
2499 -1442.6097
2500 -1450.0368
